#      log(m)       log(<Ree2>/m)      log(<Ree2>/n)             Ree(ilength)              Count
# -------------  ----------------      -------------            -------------       ------------       -----
    0.3010299957E+00          0.0000000000E+00    0.3752889856E+00    0.7425898991E-01    0.2372952176E+01      7534900           0.2371599883E+01
    0.4771212547E+00          0.3010299957E+00    0.5218085873E+00    0.3457173282E+00    0.6650259358E+01      7519800           0.4743199765E+01
    0.6020599913E+00          0.4771212547E+00    0.6596231786E+00    0.5346844420E+00    0.1370075289E+02      7504700           0.7114799648E+01
    0.6989700043E+00          0.6020599913E+00    0.7515332564E+00    0.6546232434E+00    0.2257320615E+02      7489600           0.9486399530E+01
    0.7781512504E+00          0.6989700043E+00    0.8238723151E+00    0.7446910690E+00    0.3333053766E+02      7474500           0.1185799941E+02
    0.8450980400E+00          0.7781512504E+00    0.8802298524E+00    0.8132830628E+00    0.4553874972E+02      7459400           0.1422959930E+02
    0.9030899870E+00          0.8450980400E+00    0.9265039476E+00    0.8685120006E+00    0.5910197415E+02      7444300           0.1660119918E+02
    0.9542425094E+00          0.9030899870E+00    0.9648313002E+00    0.9136787777E+00    0.7377705022E+02      7429200           0.1897279906E+02
    0.1000000000E+01          0.9542425094E+00    0.9973196058E+00    0.9515621153E+00    0.8944624539E+02      7414100           0.2134439894E+02
    0.1041392685E+01          0.1000000000E+01    0.1025117086E+01    0.9837244012E+00    0.1059539340E+03      7399000           0.2371599883E+02
    0.1079181246E+01          0.1041392685E+01    0.1049206427E+01    0.1011417866E+01    0.1231967106E+03      7383900           0.2608759871E+02
    0.1113943352E+01          0.1079181246E+01    0.1070239983E+01    0.1035477877E+01    0.1410656353E+03      7368800           0.2845919859E+02
    0.1146128036E+01          0.1113943352E+01    0.1088760562E+01    0.1056575879E+01    0.1594791508E+03      7353700           0.3083079847E+02
    0.1176091259E+01          0.1146128036E+01    0.1105162671E+01    0.1075199447E+01    0.1783572248E+03      7338600           0.3320239836E+02
    0.1204119983E+01          0.1176091259E+01    0.1119781695E+01    0.1091752971E+01    0.1976391394E+03      7323500           0.3557399824E+02
    0.1230448921E+01          0.1204119983E+01    0.1132871473E+01    0.1106542535E+01    0.2172658436E+03      7308400           0.3794559812E+02
    0.1255272505E+01          0.1230448921E+01    0.1144648961E+01    0.1119825377E+01    0.2371908230E+03      7293300           0.4031719800E+02
    0.1278753601E+01          0.1255272505E+01    0.1155288528E+01    0.1131807432E+01    0.2573718434E+03      7278200           0.4268879789E+02
    0.1301029996E+01          0.1278753601E+01    0.1164936932E+01    0.1142660537E+01    0.2777733220E+03      7263100           0.4506039777E+02
    0.1322219295E+01          0.1301029996E+01    0.1173714938E+01    0.1152525639E+01    0.2983629784E+03      7248000           0.4743199765E+02
    0.1342422681E+01          0.1322219295E+01    0.1181731136E+01    0.1161527750E+01    0.3191173605E+03      7232900           0.4980359753E+02
    0.1361727836E+01          0.1342422681E+01    0.1189069454E+01    0.1169764299E+01    0.3400103483E+03      7217800           0.5217519742E+02
    0.1380211242E+01          0.1361727836E+01    0.1195809057E+01    0.1177325651E+01    0.3610246811E+03      7202700           0.5454679730E+02
    0.1397940009E+01          0.1380211242E+01    0.1202013587E+01    0.1184284820E+01    0.3821420499E+03      7187600           0.5691839718E+02
    0.1414973348E+01          0.1397940009E+01    0.1207739775E+01    0.1190706435E+01    0.4033478844E+03      7172500           0.5928999706E+02
    0.1431363764E+01          0.1414973348E+01    0.1213037685E+01    0.1196647269E+01    0.4246303514E+03      7157400           0.6166159695E+02
    0.1447158031E+01          0.1431363764E+01    0.1217949413E+01    0.1202155146E+01    0.4459777345E+03      7142300           0.6403319683E+02
    0.1462397998E+01          0.1447158031E+01    0.1222511643E+01    0.1207271676E+01    0.4673795156E+03      7127200           0.6640479671E+02
    0.1477121255E+01          0.1462397998E+01    0.1226757649E+01    0.1212034392E+01    0.4888275186E+03      7112100           0.6877639659E+02
    0.1491361694E+01          0.1477121255E+01    0.1230716300E+01    0.1216475861E+01    0.5103140842E+03      7097000           0.7114799648E+02
    0.1505149978E+01          0.1491361694E+01    0.1234413591E+01    0.1220625306E+01    0.5318330039E+03      7081900           0.7351959636E+02
    0.1518513940E+01          0.1505149978E+01    0.1237871703E+01    0.1224507742E+01    0.5533777355E+03      7066800           0.7589119624E+02
    0.1531478917E+01          0.1518513940E+01    0.1241111471E+01    0.1228146494E+01    0.5749438210E+03      7051700           0.7826279612E+02
    0.1544068044E+01          0.1531478917E+01    0.1244151083E+01    0.1231561956E+01    0.5965268556E+03      7036600           0.8063439601E+02
    0.1556302501E+01          0.1544068044E+01    0.1247006657E+01    0.1234772201E+01    0.6181227124E+03      7021500           0.8300599589E+02
    0.1568201724E+01          0.1556302501E+01    0.1249694497E+01    0.1237795273E+01    0.6397304124E+03      7006400           0.8537759577E+02
    0.1579783597E+01          0.1568201724E+01    0.1252227571E+01    0.1240645699E+01    0.6613468588E+03      6991300           0.8774919565E+02
    0.1591064607E+01          0.1579783597E+01    0.1254617417E+01    0.1243336407E+01    0.6829690353E+03      6976200           0.9012079554E+02
    0.1602059991E+01          0.1591064607E+01    0.1256875873E+01    0.1245880489E+01    0.7045964977E+03      6961100           0.9249239542E+02
    0.1612783857E+01          0.1602059991E+01    0.1259012199E+01    0.1248288333E+01    0.7262266634E+03      6946000           0.9486399530E+02
    0.1623249290E+01          0.1612783857E+01    0.1261036996E+01    0.1250571562E+01    0.7478609421E+03      6930900           0.9723559518E+02
    0.1633468456E+01          0.1623249290E+01    0.1262957337E+01    0.1252738172E+01    0.7694964624E+03      6915800           0.9960719507E+02
    0.1643452676E+01          0.1633468456E+01    0.1264780469E+01    0.1254796248E+01    0.7911319514E+03      6900700           0.1019787949E+03
    0.1653212514E+01          0.1643452676E+01    0.1266513963E+01    0.1256754126E+01    0.8127680804E+03      6885600           0.1043503948E+03
    0.1662757832E+01          0.1653212514E+01    0.1268164369E+01    0.1258619051E+01    0.8344049716E+03      6870500           0.1067219947E+03
    0.1672097858E+01          0.1662757832E+01    0.1269737673E+01    0.1260397647E+01    0.8560428513E+03      6855400           0.1090935946E+03
    0.1681241237E+01          0.1672097858E+01    0.1271237162E+01    0.1262093783E+01    0.8776776118E+03      6840300           0.1114651945E+03
    0.1690196080E+01          0.1681241237E+01    0.1272669345E+01    0.1263714503E+01    0.8993124023E+03      6825200           0.1138367944E+03
    0.1698970004E+01          0.1690196080E+01    0.1274037656E+01    0.1265263732E+01    0.9209450889E+03      6810100           0.1162083942E+03
    0.1707570176E+01          0.1698970004E+01    0.1275346924E+01    0.1266746753E+01    0.9425771966E+03      6795000           0.1185799941E+03
    0.1716003344E+01          0.1707570176E+01    0.1276599669E+01    0.1268166502E+01    0.9642060349E+03      6779900           0.1209515940E+03
    0.1724275870E+01          0.1716003344E+01    0.1277799594E+01    0.1269527068E+01    0.9858320592E+03      6764800           0.1233231939E+03
    0.1732393760E+01          0.1724275870E+01    0.1278949326E+01    0.1270831436E+01    0.1007453930E+04      6749700           0.1256947938E+03
    0.1740362689E+01          0.1732393760E+01    0.1280052005E+01    0.1272083075E+01    0.1029072007E+04      6734600           0.1280663937E+03
    0.1748188027E+01          0.1740362689E+01    0.1281109850E+01    0.1273284513E+01    0.1050685018E+04      6719500           0.1304379935E+03
    0.1755874856E+01          0.1748188027E+01    0.1282125881E+01    0.1274439052E+01    0.1072294079E+04      6704400           0.1328095934E+03
    0.1763427994E+01          0.1755874856E+01    0.1283101713E+01    0.1275548575E+01    0.1093897347E+04      6689300           0.1351811933E+03
    0.1770852012E+01          0.1763427994E+01    0.1284040291E+01    0.1276616273E+01    0.1115496687E+04      6674200           0.1375527932E+03
    0.1778151250E+01          0.1770852012E+01    0.1284943611E+01    0.1277644373E+01    0.1137092050E+04      6659100           0.1399243931E+03
    0.1785329835E+01          0.1778151250E+01    0.1285812809E+01    0.1278634225E+01    0.1158681465E+04      6644000           0.1422959930E+03
    0.1792391689E+01          0.1785329835E+01    0.1286650102E+01    0.1279588247E+01    0.1180266110E+04      6628900           0.1446675928E+03
    0.1799340549E+01          0.1792391689E+01    0.1287457014E+01    0.1280508154E+01    0.1201845671E+04      6613800           0.1470391927E+03
    0.1806179974E+01          0.1799340549E+01    0.1288234792E+01    0.1281395368E+01    0.1223419340E+04      6598700           0.1494107926E+03
    0.1812913357E+01          0.1806179974E+01    0.1288984975E+01    0.1282251592E+01    0.1244987380E+04      6583600           0.1517823925E+03
    0.1819543936E+01          0.1812913357E+01    0.1289709175E+01    0.1283078596E+01    0.1266550560E+04      6568500           0.1541539924E+03
    0.1826074803E+01          0.1819543936E+01    0.1290409031E+01    0.1283878164E+01    0.1288110043E+04      6553400           0.1565255922E+03
    0.1832508913E+01          0.1826074803E+01    0.1291084899E+01    0.1284650789E+01    0.1309663434E+04      6538300           0.1588971921E+03
    0.1838849091E+01          0.1832508913E+01    0.1291738890E+01    0.1285398712E+01    0.1331213775E+04      6523200           0.1612687920E+03
    0.1845098040E+01          0.1838849091E+01    0.1292371324E+01    0.1286122375E+01    0.1352758946E+04      6508100           0.1636403919E+03
    0.1851258349E+01          0.1845098040E+01    0.1292983589E+01    0.1286823280E+01    0.1374300261E+04      6493000           0.1660119918E+03
    0.1857332496E+01          0.1851258349E+01    0.1293576241E+01    0.1287502093E+01    0.1395836625E+04      6477900           0.1683835917E+03
    0.1863322860E+01          0.1857332496E+01    0.1294150992E+01    0.1288160629E+01    0.1417370824E+04      6462800           0.1707551915E+03
    0.1869231720E+01          0.1863322860E+01    0.1294708298E+01    0.1288799438E+01    0.1438901807E+04      6447700           0.1731267914E+03
    0.1875061263E+01          0.1869231720E+01    0.1295249880E+01    0.1289420336E+01    0.1460432872E+04      6432600           0.1754983913E+03
    0.1880813592E+01          0.1875061263E+01    0.1295775995E+01    0.1290023666E+01    0.1481962651E+04      6417500           0.1778699912E+03
    0.1886490725E+01          0.1880813592E+01    0.1296287938E+01    0.1290610805E+01    0.1503493415E+04      6402400           0.1802415911E+03
    0.1892094603E+01          0.1886490725E+01    0.1296785468E+01    0.1291181591E+01    0.1525022297E+04      6387300           0.1826131910E+03
    0.1897627091E+01          0.1892094603E+01    0.1297269928E+01    0.1291737439E+01    0.1546552013E+04      6372200           0.1849847908E+03
    0.1903089987E+01          0.1897627091E+01    0.1297740835E+01    0.1292277939E+01    0.1568078956E+04      6357100           0.1873563907E+03
    0.1908485019E+01          0.1903089987E+01    0.1298198579E+01    0.1292803547E+01    0.1589602605E+04      6342000           0.1897279906E+03
    0.1913813852E+01          0.1908485019E+01    0.1298644294E+01    0.1293315460E+01    0.1611125281E+04      6326900           0.1920995905E+03
    0.1919078092E+01          0.1913813852E+01    0.1299077515E+01    0.1293813275E+01    0.1632643512E+04      6311800           0.1944711904E+03
    0.1924279286E+01          0.1919078092E+01    0.1299499123E+01    0.1294297930E+01    0.1654158861E+04      6296700           0.1968427902E+03
    0.1929418926E+01          0.1924279286E+01    0.1299908741E+01    0.1294769101E+01    0.1675668197E+04      6281600           0.1992143901E+03
    0.1934498451E+01          0.1929418926E+01    0.1300307597E+01    0.1295228072E+01    0.1697174597E+04      6266500           0.2015859900E+03
    0.1939519253E+01          0.1934498451E+01    0.1300695068E+01    0.1295674267E+01    0.1718674050E+04      6251400           0.2039575899E+03
    0.1944482672E+01          0.1939519253E+01    0.1301072511E+01    0.1296109091E+01    0.1740170345E+04      6236300           0.2063291898E+03
    0.1949390007E+01          0.1944482672E+01    0.1301439907E+01    0.1296532573E+01    0.1761661971E+04      6221200           0.2087007897E+03
    0.1954242509E+01          0.1949390007E+01    0.1301797393E+01    0.1296944891E+01    0.1783148038E+04      6206100           0.2110723895E+03
    0.1959041392E+01          0.1954242509E+01    0.1302145133E+01    0.1297346250E+01    0.1804627795E+04      6191000           0.2134439894E+03
    0.1963787827E+01          0.1959041392E+01    0.1302483174E+01    0.1297736739E+01    0.1826100042E+04      6175900           0.2158155893E+03
    0.1968482949E+01          0.1963787827E+01    0.1302811859E+01    0.1298116737E+01    0.1847564828E+04      6160800           0.2181871892E+03
    0.1973127854E+01          0.1968482949E+01    0.1303131279E+01    0.1298486374E+01    0.1869021202E+04      6145700           0.2205587891E+03
    0.1977723605E+01          0.1973127854E+01    0.1303442370E+01    0.1298846619E+01    0.1890471890E+04      6130600           0.2229303890E+03
    0.1982271233E+01          0.1977723605E+01    0.1303744831E+01    0.1299197204E+01    0.1911914367E+04      6115500           0.2253019888E+03
    0.1986771734E+01          0.1982271233E+01    0.1304038863E+01    0.1299538361E+01    0.1933348277E+04      6100400           0.2276735887E+03
    0.1991226076E+01          0.1986771734E+01    0.1304325042E+01    0.1299870701E+01    0.1954775002E+04      6085300           0.2300451886E+03
    0.1995635195E+01          0.1991226076E+01    0.1304603172E+01    0.1300194053E+01    0.1976192502E+04      6070200           0.2324167885E+03
    0.2000000000E+01          0.1995635195E+01    0.1304873729E+01    0.1300508924E+01    0.1997601815E+04      6055100           0.2347883884E+03
    0.2004321374E+01          0.2000000000E+01    0.1305136856E+01    0.1300815482E+01    0.2019002495E+04      6040000           0.2371599883E+03
    0.2008600172E+01          0.2004321374E+01    0.1305392449E+01    0.1301113651E+01    0.2040392990E+04      6024900           0.2395315881E+03
    0.2012837225E+01          0.2008600172E+01    0.1305641166E+01    0.1301404113E+01    0.2061775325E+04      6009800           0.2419031880E+03
    0.2017033339E+01          0.2012837225E+01    0.1305882648E+01    0.1301686534E+01    0.2083146786E+04      5994700           0.2442747879E+03
    0.2021189299E+01          0.2017033339E+01    0.1306117627E+01    0.1301961667E+01    0.2104509866E+04      5979600           0.2466463878E+03
    0.2025305865E+01          0.2021189299E+01    0.1306346157E+01    0.1302229591E+01    0.2125863894E+04      5964500           0.2490179877E+03
    0.2029383778E+01          0.2025305865E+01    0.1306569306E+01    0.1302491394E+01    0.2147213216E+04      5949400           0.2513895875E+03
    0.2033423755E+01          0.2029383778E+01    0.1306786944E+01    0.1302746966E+01    0.2168556398E+04      5934300           0.2537611874E+03
    0.2037426498E+01          0.2033423755E+01    0.1306999527E+01    0.1302996784E+01    0.2189894950E+04      5919200           0.2561327873E+03
    0.2041392685E+01          0.2037426498E+01    0.1307207658E+01    0.1303241471E+01    0.2211231214E+04      5904100           0.2585043872E+03
    0.2045322979E+01          0.2041392685E+01    0.1307411269E+01    0.1303480976E+01    0.2232564190E+04      5889000           0.2608759871E+03
    0.2049218023E+01          0.2045322979E+01    0.1307610230E+01    0.1303715186E+01    0.2253892555E+04      5873900           0.2632475870E+03
    0.2053078443E+01          0.2049218023E+01    0.1307804725E+01    0.1303944304E+01    0.2275216598E+04      5858800           0.2656191868E+03
    0.2056904851E+01          0.2053078443E+01    0.1307994578E+01    0.1304168170E+01    0.2296534750E+04      5843700           0.2679907867E+03
    0.2060697840E+01          0.2056904851E+01    0.1308179770E+01    0.1304386781E+01    0.2317846233E+04      5828600           0.2703623866E+03
    0.2064457989E+01          0.2060697840E+01    0.1308361042E+01    0.1304600893E+01    0.2339154361E+04      5813500           0.2727339865E+03
    0.2068185862E+01          0.2064457989E+01    0.1308538348E+01    0.1304810476E+01    0.2360458326E+04      5798400           0.2751055864E+03
    0.2071882007E+01          0.2068185862E+01    0.1308711308E+01    0.1305015162E+01    0.2381755461E+04      5783300           0.2774771863E+03
    0.2075546961E+01          0.2071882007E+01    0.1308880155E+01    0.1305215201E+01    0.2403046434E+04      5768200           0.2798487861E+03
    0.2079181246E+01          0.2075546961E+01    0.1309045231E+01    0.1305410946E+01    0.2424332550E+04      5753100           0.2822203860E+03
    0.2082785370E+01          0.2079181246E+01    0.1309206448E+01    0.1305602324E+01    0.2445612775E+04      5738000           0.2845919859E+03
    0.2086359831E+01          0.2082785370E+01    0.1309363795E+01    0.1305789335E+01    0.2466886483E+04      5722900           0.2869635858E+03
    0.2089905111E+01          0.2086359831E+01    0.1309517457E+01    0.1305972177E+01    0.2488154179E+04      5707800           0.2893351857E+03
    0.2093421685E+01          0.2089905111E+01    0.1309668488E+01    0.1306151915E+01    0.2509421415E+04      5692700           0.2917067855E+03
    0.2096910013E+01          0.2093421685E+01    0.1309816026E+01    0.1306327698E+01    0.2530682785E+04      5677600           0.2940783854E+03
    0.2100370545E+01          0.2096910013E+01    0.1309960983E+01    0.1306500451E+01    0.2551943155E+04      5662500           0.2964499853E+03
    0.2103803721E+01          0.2100370545E+01    0.1310103109E+01    0.1306669934E+01    0.2573200663E+04      5647400           0.2988215852E+03
    0.2107209970E+01          0.2103803721E+01    0.1310242691E+01    0.1306836443E+01    0.2594456612E+04      5632300           0.3011931851E+03
    0.2110589710E+01          0.2107209970E+01    0.1310379460E+01    0.1306999720E+01    0.2615709020E+04      5617200           0.3035647850E+03
    0.2113943352E+01          0.2110589710E+01    0.1310513654E+01    0.1307160012E+01    0.2636958920E+04      5602100           0.3059363848E+03
    0.2117271296E+01          0.2113943352E+01    0.1310644727E+01    0.1307316784E+01    0.2658202605E+04      5587000           0.3083079847E+03
    0.2120573931E+01          0.2117271296E+01    0.1310773740E+01    0.1307471105E+01    0.2679446166E+04      5571900           0.3106795846E+03
    0.2123851641E+01          0.2120573931E+01    0.1310900154E+01    0.1307622444E+01    0.2700685949E+04      5556800           0.3130511845E+03
    0.2127104798E+01          0.2123851641E+01    0.1311024693E+01    0.1307771536E+01    0.2721926128E+04      5541700           0.3154227844E+03
    0.2130333768E+01          0.2127104798E+01    0.1311147607E+01    0.1307918637E+01    0.2743167998E+04      5526600           0.3177943843E+03
    0.2133538908E+01          0.2130333768E+01    0.1311268485E+01    0.1308063345E+01    0.2764408713E+04      5511500           0.3201659841E+03
    0.2136720567E+01          0.2133538908E+01    0.1311387948E+01    0.1308206289E+01    0.2785651969E+04      5496400           0.3225375840E+03
    0.2139879086E+01          0.2136720567E+01    0.1311505217E+01    0.1308346698E+01    0.2806892526E+04      5481300           0.3249091839E+03
    0.2143014800E+01          0.2139879086E+01    0.1311620922E+01    0.1308485208E+01    0.2828134163E+04      5466200           0.3272807838E+03
    0.2146128036E+01          0.2143014800E+01    0.1311734595E+01    0.1308621359E+01    0.2849373591E+04      5451100           0.3296523837E+03
    0.2149219113E+01          0.2146128036E+01    0.1311846729E+01    0.1308755652E+01    0.2870613775E+04      5436000           0.3320239836E+03
    0.2152288344E+01          0.2149219113E+01    0.1311956753E+01    0.1308887521E+01    0.2891850685E+04      5420900           0.3343955834E+03
    0.2155336037E+01          0.2152288344E+01    0.1312065453E+01    0.1309017760E+01    0.2913089295E+04      5405800           0.3367671833E+03
    0.2158362492E+01          0.2155336037E+01    0.1312172471E+01    0.1309146017E+01    0.2934326994E+04      5390700           0.3391387832E+03
    0.2161368002E+01          0.2158362492E+01    0.1312278120E+01    0.1309272610E+01    0.2955565664E+04      5375600           0.3415103831E+03
    0.2164352856E+01          0.2161368002E+01    0.1312382088E+01    0.1309397234E+01    0.2976802967E+04      5360500           0.3438819830E+03
    0.2167317335E+01          0.2164352856E+01    0.1312484221E+01    0.1309519742E+01    0.2998037613E+04      5345400           0.3462535828E+03
    0.2170261715E+01          0.2167317335E+01    0.1312584646E+01    0.1309640265E+01    0.3019270199E+04      5330300           0.3486251827E+03
    0.2173186268E+01          0.2170261715E+01    0.1312683798E+01    0.1309759245E+01    0.3040503537E+04      5315200           0.3509967826E+03
    0.2176091259E+01          0.2173186268E+01    0.1312781294E+01    0.1309876303E+01    0.3061734743E+04      5300100           0.3533683825E+03
    0.2178976947E+01          0.2176091259E+01    0.1312877487E+01    0.1309991798E+01    0.3082966074E+04      5285000           0.3557399824E+03
    0.2181843588E+01          0.2178976947E+01    0.1312971783E+01    0.1310105142E+01    0.3104193104E+04      5269900           0.3581115823E+03
    0.2184691431E+01          0.2181843588E+01    0.1313064506E+01    0.1310216663E+01    0.3125417892E+04      5254800           0.3604831821E+03
    0.2187520721E+01          0.2184691431E+01    0.1313154975E+01    0.1310325685E+01    0.3146635268E+04      5239700           0.3628547820E+03
    0.2190331698E+01          0.2187520721E+01    0.1313243986E+01    0.1310433009E+01    0.3167850715E+04      5224600           0.3652263819E+03
    0.2193124598E+01          0.2190331698E+01    0.1313331416E+01    0.1310538515E+01    0.3189063110E+04      5209500           0.3675979818E+03
    0.2195899652E+01          0.2193124598E+01    0.1313417279E+01    0.1310642225E+01    0.3210272343E+04      5194400           0.3699695817E+03
    0.2198657087E+01          0.2195899652E+01    0.1313501872E+01    0.1310744437E+01    0.3231480385E+04      5179300           0.3723411816E+03
    0.2201397124E+01          0.2198657087E+01    0.1313584322E+01    0.1310844285E+01    0.3252680523E+04      5164200           0.3747127814E+03
    0.2204119983E+01          0.2201397124E+01    0.1313665919E+01    0.1310943060E+01    0.3273882157E+04      5149100           0.3770843813E+03
    0.2206825876E+01          0.2204119983E+01    0.1313745637E+01    0.1311039744E+01    0.3295077397E+04      5134000           0.3794559812E+03
    0.2209515015E+01          0.2206825876E+01    0.1313824604E+01    0.1311135466E+01    0.3316274569E+04      5118900           0.3818275811E+03
    0.2212187604E+01          0.2209515015E+01    0.1313902868E+01    0.1311230279E+01    0.3337473938E+04      5103800           0.3841991810E+03
    0.2214843848E+01          0.2212187604E+01    0.1313979514E+01    0.1311323270E+01    0.3358668323E+04      5088700           0.3865707808E+03
    0.2217483944E+01          0.2214843848E+01    0.1314055213E+01    0.1311415117E+01    0.3379862724E+04      5073600           0.3889423807E+03
    0.2220108088E+01          0.2217483944E+01    0.1314129368E+01    0.1311505224E+01    0.3401052312E+04      5058500           0.3913139806E+03
    0.2222716471E+01          0.2220108088E+01    0.1314202755E+01    0.1311594372E+01    0.3422242994E+04      5043400           0.3936855805E+03
    0.2225309282E+01          0.2222716471E+01    0.1314274374E+01    0.1311681564E+01    0.3443426721E+04      5028300           0.3960571804E+03
    0.2227886705E+01          0.2225309282E+01    0.1314344218E+01    0.1311766795E+01    0.3464603179E+04      5013200           0.3984287803E+03
    0.2230448921E+01          0.2227886705E+01    0.1314412590E+01    0.1311850373E+01    0.3485774549E+04      4998100           0.4008003801E+03
    0.2232996110E+01          0.2230448921E+01    0.1314479393E+01    0.1311932204E+01    0.3506939827E+04      4983000           0.4031719800E+03
    0.2235528447E+01          0.2232996110E+01    0.1314544796E+01    0.1312012459E+01    0.3528100161E+04      4967900           0.4055435799E+03
    0.2238046103E+01          0.2235528447E+01    0.1314609184E+01    0.1312091527E+01    0.3549258496E+04      4952800           0.4079151798E+03
    0.2240549248E+01          0.2238046103E+01    0.1314672369E+01    0.1312169224E+01    0.3570413144E+04      4937700           0.4102867797E+03
    0.2243038049E+01          0.2240549248E+01    0.1314734898E+01    0.1312246097E+01    0.3591568435E+04      4922600           0.4126583796E+03
    0.2245512668E+01          0.2243038049E+01    0.1314796675E+01    0.1312322056E+01    0.3612723495E+04      4907500           0.4150299794E+03
    0.2247973266E+01          0.2245512668E+01    0.1314857168E+01    0.1312396569E+01    0.3633873759E+04      4892400           0.4174015793E+03
    0.2250420002E+01          0.2247973266E+01    0.1314915978E+01    0.1312469242E+01    0.3655015680E+04      4877300           0.4197731792E+03
    0.2252853031E+01          0.2250420002E+01    0.1314973910E+01    0.1312540881E+01    0.3676155828E+04      4862200           0.4221447791E+03
    0.2255272505E+01          0.2252853031E+01    0.1315030224E+01    0.1312610750E+01    0.3697287774E+04      4847100           0.4245163790E+03
    0.2257678575E+01          0.2255272505E+01    0.1315085272E+01    0.1312679202E+01    0.3718414301E+04      4832000           0.4268879789E+03
    0.2260071388E+01          0.2257678575E+01    0.1315139200E+01    0.1312746387E+01    0.3739536482E+04      4816900           0.4292595787E+03
    0.2262451090E+01          0.2260071388E+01    0.1315191932E+01    0.1312812230E+01    0.3760653498E+04      4801800           0.4316311786E+03
    0.2264817823E+01          0.2262451090E+01    0.1315244275E+01    0.1312877542E+01    0.3781772197E+04      4786700           0.4340027785E+03
    0.2267171728E+01          0.2264817823E+01    0.1315295967E+01    0.1312942062E+01    0.3802890232E+04      4771600           0.4363743784E+03
    0.2269512944E+01          0.2267171728E+01    0.1315347130E+01    0.1313005914E+01    0.3824008584E+04      4756500           0.4387459783E+03
    0.2271841607E+01          0.2269512944E+01    0.1315398839E+01    0.1313070177E+01    0.3845136691E+04      4741400           0.4411175781E+03
    0.2274157849E+01          0.2271841607E+01    0.1315450399E+01    0.1313134157E+01    0.3866268455E+04      4726300           0.4434891780E+03
    0.2276461804E+01          0.2274157849E+01    0.1315502195E+01    0.1313198240E+01    0.3887407288E+04      4711200           0.4458607779E+03
    0.2278753601E+01          0.2276461804E+01    0.1315554052E+01    0.1313262255E+01    0.3908551653E+04      4696100           0.4482323778E+03
    0.2281033367E+01          0.2278753601E+01    0.1315605702E+01    0.1313325936E+01    0.3929699149E+04      4681000           0.4506039777E+03
    0.2283301229E+01          0.2281033367E+01    0.1315658299E+01    0.1313390438E+01    0.3950860235E+04      4665900           0.4529755776E+03
    0.2285557309E+01          0.2283301229E+01    0.1315710639E+01    0.1313454559E+01    0.3972024033E+04      4650800           0.4553471774E+03
    0.2287801730E+01          0.2285557309E+01    0.1315763413E+01    0.1313518992E+01    0.3993196869E+04      4635700           0.4577187773E+03
    0.2290034611E+01          0.2287801730E+01    0.1315815625E+01    0.1313582744E+01    0.4014369597E+04      4620600           0.4600903772E+03
    0.2292256071E+01          0.2290034611E+01    0.1315868165E+01    0.1313646705E+01    0.4035550403E+04      4605500           0.4624619771E+03
    0.2294466226E+01          0.2292256071E+01    0.1315920570E+01    0.1313710416E+01    0.4056735025E+04      4590400           0.4648335770E+03
    0.2296665190E+01          0.2294466226E+01    0.1315973241E+01    0.1313774277E+01    0.4077927190E+04      4575300           0.4672051769E+03
    0.2298853076E+01          0.2296665190E+01    0.1316026486E+01    0.1313838600E+01    0.4099129851E+04      4560200           0.4695767767E+03
    0.2301029996E+01          0.2298853076E+01    0.1316080036E+01    0.1313903117E+01    0.4120340551E+04      4545100           0.4719483766E+03
    0.2303196057E+01          0.2301029996E+01    0.1316133975E+01    0.1313967913E+01    0.4141560122E+04      4530000           0.4743199765E+03
    0.2305351369E+01          0.2303196057E+01    0.1316187998E+01    0.1314032686E+01    0.4162785714E+04      4514900           0.4766915764E+03
    0.2307496038E+01          0.2305351369E+01    0.1316242010E+01    0.1314097342E+01    0.4184016417E+04      4499800           0.4790631763E+03
    0.2309630167E+01          0.2307496038E+01    0.1316296335E+01    0.1314162206E+01    0.4205255362E+04      4484700           0.4814347761E+03
    0.2311753861E+01          0.2309630167E+01    0.1316350859E+01    0.1314227165E+01    0.4226501490E+04      4469600           0.4838063760E+03
    0.2313867220E+01          0.2311753861E+01    0.1316405266E+01    0.1314291906E+01    0.4247751743E+04      4454500           0.4861779759E+03
    0.2315970345E+01          0.2313867220E+01    0.1316460183E+01    0.1314357058E+01    0.4269012271E+04      4439400           0.4885495758E+03
    0.2318063335E+01          0.2315970345E+01    0.1316515335E+01    0.1314422345E+01    0.4290280427E+04      4424300           0.4909211757E+03
    0.2320146286E+01          0.2318063335E+01    0.1316571062E+01    0.1314488111E+01    0.4311559635E+04      4409200           0.4932927756E+03
    0.2322219295E+01          0.2320146286E+01    0.1316626657E+01    0.1314553649E+01    0.4332842908E+04      4394100           0.4956643754E+03
    0.2324282455E+01          0.2322219295E+01    0.1316682223E+01    0.1314619063E+01    0.4354131268E+04      4379000           0.4980359753E+03
    0.2326335861E+01          0.2324282455E+01    0.1316737414E+01    0.1314684008E+01    0.4375421227E+04      4363900           0.5004075752E+03
    0.2328379603E+01          0.2326335861E+01    0.1316792522E+01    0.1314748780E+01    0.4396715692E+04      4348800           0.5027791751E+03
    0.2330413773E+01          0.2328379603E+01    0.1316847539E+01    0.1314813369E+01    0.4418014556E+04      4333700           0.5051507750E+03
    0.2332438460E+01          0.2330413773E+01    0.1316902679E+01    0.1314877992E+01    0.4439320008E+04      4318600           0.5075223749E+03
    0.2334453751E+01          0.2332438460E+01    0.1316958095E+01    0.1314942804E+01    0.4460633641E+04      4303500           0.5098939747E+03
    0.2336459734E+01          0.2334453751E+01    0.1317013621E+01    0.1315007639E+01    0.4481953769E+04      4288400           0.5122655746E+03
    0.2338456494E+01          0.2336459734E+01    0.1317069282E+01    0.1315072522E+01    0.4503280676E+04      4273300           0.5146371745E+03
    0.2340444115E+01          0.2338456494E+01    0.1317124652E+01    0.1315137031E+01    0.4524609942E+04      4258200           0.5170087744E+03
    0.2342422681E+01          0.2340444115E+01    0.1317179994E+01    0.1315201428E+01    0.4545944286E+04      4243100           0.5193803743E+03
    0.2344392274E+01          0.2342422681E+01    0.1317235045E+01    0.1315265452E+01    0.4567280935E+04      4228000           0.5217519742E+03
    0.2346352974E+01          0.2344392274E+01    0.1317289897E+01    0.1315329196E+01    0.4588620814E+04      4212900           0.5241235740E+03
    0.2348304863E+01          0.2346352974E+01    0.1317344413E+01    0.1315392524E+01    0.4609962443E+04      4197800           0.5264951739E+03
    0.2350248018E+01          0.2348304863E+01    0.1317398667E+01    0.1315455511E+01    0.4631306566E+04      4182700           0.5288667738E+03
    0.2352182518E+01          0.2350248018E+01    0.1317453178E+01    0.1315518678E+01    0.4652658704E+04      4167600           0.5312383737E+03
    0.2354108439E+01          0.2352182518E+01    0.1317508259E+01    0.1315582338E+01    0.4674022268E+04      4152500           0.5336099736E+03
    0.2356025857E+01          0.2354108439E+01    0.1317563769E+01    0.1315646351E+01    0.4695395810E+04      4137400           0.5359815734E+03
    0.2357934847E+01          0.2356025857E+01    0.1317619910E+01    0.1315710920E+01    0.4716781592E+04      4122300           0.5383531733E+03
    0.2359835482E+01          0.2357934847E+01    0.1317676740E+01    0.1315776105E+01    0.4738180352E+04      4107200           0.5407247732E+03
    0.2361727836E+01          0.2359835482E+01    0.1317734201E+01    0.1315841848E+01    0.4759591536E+04      4092100           0.5430963731E+03
    0.2363611980E+01          0.2361727836E+01    0.1317792516E+01    0.1315908372E+01    0.4781017706E+04      4077000           0.5454679730E+03
    0.2365487985E+01          0.2363611980E+01    0.1317850562E+01    0.1315974557E+01    0.4802446576E+04      4061900           0.5478395729E+03
    0.2367355921E+01          0.2365487985E+01    0.1317908481E+01    0.1316040544E+01    0.4823879665E+04      4046800           0.5502111727E+03
    0.2369215857E+01          0.2367355921E+01    0.1317966555E+01    0.1316106618E+01    0.4845320124E+04      4031700           0.5525827726E+03
    0.2371067862E+01          0.2369215857E+01    0.1318024381E+01    0.1316172376E+01    0.4866763459E+04      4016600           0.5549543725E+03
    0.2372912003E+01          0.2371067862E+01    0.1318081661E+01    0.1316237520E+01    0.4888206260E+04      4001500           0.5573259724E+03
    0.2374748346E+01          0.2372912003E+01    0.1318138725E+01    0.1316302382E+01    0.4909652199E+04      3986400           0.5596975723E+03
    0.2376576957E+01          0.2374748346E+01    0.1318195231E+01    0.1316366620E+01    0.4931097353E+04      3971300           0.5620691722E+03
    0.2378397901E+01          0.2376576957E+01    0.1318251645E+01    0.1316430701E+01    0.4952546953E+04      3956200           0.5644407720E+03
    0.2380211242E+01          0.2378397901E+01    0.1318307922E+01    0.1316494582E+01    0.4974000484E+04      3941100           0.5668123719E+03
    0.2382017043E+01          0.2380211242E+01    0.1318363984E+01    0.1316558183E+01    0.4995457005E+04      3926000           0.5691839718E+03
    0.2383815366E+01          0.2382017043E+01    0.1318419808E+01    0.1316621485E+01    0.5016916244E+04      3910900           0.5715555717E+03
    0.2385606274E+01          0.2383815366E+01    0.1318476471E+01    0.1316685564E+01    0.5038390651E+04      3895800           0.5739271716E+03
    0.2387389826E+01          0.2385606274E+01    0.1318533663E+01    0.1316750110E+01    0.5059876726E+04      3880700           0.5762987714E+03
    0.2389166084E+01          0.2387389826E+01    0.1318591478E+01    0.1316815220E+01    0.5081375675E+04      3865600           0.5786703713E+03
    0.2390935107E+01          0.2389166084E+01    0.1318649809E+01    0.1316880786E+01    0.5102886321E+04      3850500           0.5810419712E+03
    0.2392696953E+01          0.2390935107E+01    0.1318708418E+01    0.1316946572E+01    0.5124405933E+04      3835400           0.5834135711E+03
    0.2394451681E+01          0.2392696953E+01    0.1318767221E+01    0.1317012493E+01    0.5145933550E+04      3820300           0.5857851710E+03
    0.2396199347E+01          0.2394451681E+01    0.1318826377E+01    0.1317078711E+01    0.5167471117E+04      3805200           0.5881567709E+03
    0.2397940009E+01          0.2396199347E+01    0.1318885212E+01    0.1317144550E+01    0.5189010611E+04      3790100           0.5905283707E+03
    0.2399673721E+01          0.2397940009E+01    0.1318944091E+01    0.1317210378E+01    0.5210556379E+04      3775000           0.5928999706E+03
    0.2401400541E+01          0.2399673721E+01    0.1319003161E+01    0.1317276342E+01    0.5232110201E+04      3759900           0.5952715705E+03
    0.2403120521E+01          0.2401400541E+01    0.1319062183E+01    0.1317342202E+01    0.5253669197E+04      3744800           0.5976431704E+03
    0.2404833717E+01          0.2403120521E+01    0.1319121192E+01    0.1317407996E+01    0.5275233807E+04      3729700           0.6000147703E+03
    0.2406540180E+01          0.2404833717E+01    0.1319179868E+01    0.1317473404E+01    0.5296800121E+04      3714600           0.6023863702E+03
    0.2408239965E+01          0.2406540180E+01    0.1319238536E+01    0.1317538751E+01    0.5318372058E+04      3699500           0.6047579700E+03
    0.2409933123E+01          0.2408239965E+01    0.1319295856E+01    0.1317602697E+01    0.5339933158E+04      3684400           0.6071295699E+03
    0.2411619706E+01          0.2409933123E+01    0.1319353021E+01    0.1317666439E+01    0.5361497957E+04      3669300           0.6095011698E+03
    0.2413299764E+01          0.2411619706E+01    0.1319408812E+01    0.1317728754E+01    0.5383051295E+04      3654200           0.6118727697E+03
    0.2414973348E+01          0.2413299764E+01    0.1319463603E+01    0.1317790019E+01    0.5404597640E+04      3639100           0.6142443696E+03
    0.2416640507E+01          0.2414973348E+01    0.1319517148E+01    0.1317849988E+01    0.5426133764E+04      3624000           0.6166159695E+03
    0.2418301291E+01          0.2416640507E+01    0.1319569778E+01    0.1317908994E+01    0.5447663645E+04      3608900           0.6189875693E+03
    0.2419955748E+01          0.2418301291E+01    0.1319620833E+01    0.1317966376E+01    0.5469178837E+04      3593800           0.6213591692E+03
    0.2421603927E+01          0.2419955748E+01    0.1319670279E+01    0.1318022101E+01    0.5490678662E+04      3578700           0.6237307691E+03
    0.2423245874E+01          0.2421603927E+01    0.1319718132E+01    0.1318076185E+01    0.5512163095E+04      3563600           0.6261023690E+03
    0.2424881637E+01          0.2423245874E+01    0.1319764728E+01    0.1318128965E+01    0.5533636172E+04      3548500           0.6284739689E+03
    0.2426511261E+01          0.2424881637E+01    0.1319810785E+01    0.1318181160E+01    0.5555106907E+04      3533400           0.6308455687E+03
    0.2428134794E+01          0.2426511261E+01    0.1319856557E+01    0.1318233024E+01    0.5576578477E+04      3518300           0.6332171686E+03
    0.2429752280E+01          0.2428134794E+01    0.1319901129E+01    0.1318283643E+01    0.5598039047E+04      3503200           0.6355887685E+03
    0.2431363764E+01          0.2429752280E+01    0.1319945276E+01    0.1318333792E+01    0.5619498453E+04      3488100           0.6379603684E+03
    0.2432969291E+01          0.2431363764E+01    0.1319988797E+01    0.1318383270E+01    0.5640954038E+04      3473000           0.6403319683E+03
    0.2434568904E+01          0.2432969291E+01    0.1320032382E+01    0.1318432769E+01    0.5662414699E+04      3457900           0.6427035682E+03
    0.2436162647E+01          0.2434568904E+01    0.1320075698E+01    0.1318481955E+01    0.5683876091E+04      3442800           0.6450751680E+03
    0.2437750563E+01          0.2436162647E+01    0.1320119362E+01    0.1318531446E+01    0.5705346284E+04      3427700           0.6474467679E+03
    0.2439332694E+01          0.2437750563E+01    0.1320162973E+01    0.1318580842E+01    0.5726820044E+04      3412600           0.6498183678E+03
    0.2440909082E+01          0.2439332694E+01    0.1320206071E+01    0.1318629683E+01    0.5748291259E+04      3397500           0.6521899677E+03
    0.2442479769E+01          0.2440909082E+01    0.1320249658E+01    0.1318678971E+01    0.5769773175E+04      3382400           0.6545615676E+03
    0.2444044796E+01          0.2442479769E+01    0.1320292565E+01    0.1318727538E+01    0.5791250280E+04      3367300           0.6569331675E+03
    0.2445604203E+01          0.2444044796E+01    0.1320336336E+01    0.1318776929E+01    0.5812743139E+04      3352200           0.6593047673E+03
    0.2447158031E+01          0.2445604203E+01    0.1320379174E+01    0.1318825346E+01    0.5834227727E+04      3337100           0.6616763672E+03
    0.2448706320E+01          0.2447158031E+01    0.1320421823E+01    0.1318873535E+01    0.5855713968E+04      3322000           0.6640479671E+03
    0.2450249108E+01          0.2448706320E+01    0.1320464625E+01    0.1318921836E+01    0.5877206422E+04      3306900           0.6664195670E+03
    0.2451786436E+01          0.2450249108E+01    0.1320506936E+01    0.1318969609E+01    0.5898696404E+04      3291800           0.6687911669E+03
    0.2453318340E+01          0.2451786436E+01    0.1320549622E+01    0.1319017718E+01    0.5920195625E+04      3276700           0.6711627667E+03
    0.2454844860E+01          0.2453318340E+01    0.1320592170E+01    0.1319065650E+01    0.5941697128E+04      3261600           0.6735343666E+03
    0.2456366033E+01          0.2454844860E+01    0.1320634410E+01    0.1319113237E+01    0.5963198552E+04      3246500           0.6759059665E+03
    0.2457881897E+01          0.2456366033E+01    0.1320677298E+01    0.1319161435E+01    0.5984713041E+04      3231400           0.6782775664E+03
    0.2459392488E+01          0.2457881897E+01    0.1320719561E+01    0.1319208970E+01    0.6006223065E+04      3216300           0.6806491663E+03
    0.2460897843E+01          0.2459392488E+01    0.1320761900E+01    0.1319256545E+01    0.6027738293E+04      3201200           0.6830207662E+03
    0.2462397998E+01          0.2460897843E+01    0.1320804490E+01    0.1319304335E+01    0.6049261133E+04      3186100           0.6853923660E+03
    0.2463892989E+01          0.2462397998E+01    0.1320846555E+01    0.1319351564E+01    0.6070780820E+04      3171000           0.6877639659E+03
    0.2465382851E+01          0.2463892989E+01    0.1320888393E+01    0.1319398531E+01    0.6092301424E+04      3155900           0.6901355658E+03
    0.2466867620E+01          0.2465382851E+01    0.1320929749E+01    0.1319444980E+01    0.6113819323E+04      3140800           0.6925071657E+03
    0.2468347330E+01          0.2466867620E+01    0.1320970761E+01    0.1319491051E+01    0.6135336420E+04      3125700           0.6948787656E+03
    0.2469822016E+01          0.2468347330E+01    0.1321011385E+01    0.1319536699E+01    0.6156852016E+04      3110600           0.6972503655E+03
    0.2471291711E+01          0.2469822016E+01    0.1321051149E+01    0.1319581454E+01    0.6178359361E+04      3095500           0.6996219653E+03
    0.2472756449E+01          0.2471291711E+01    0.1321090746E+01    0.1319626008E+01    0.6199868206E+04      3080400           0.7019935652E+03
    0.2474216264E+01          0.2472756449E+01    0.1321129230E+01    0.1319669415E+01    0.6221364968E+04      3065300           0.7043651651E+03
    0.2475671188E+01          0.2474216264E+01    0.1321167025E+01    0.1319712100E+01    0.6242855585E+04      3050200           0.7067367650E+03
    0.2477121255E+01          0.2475671188E+01    0.1321203755E+01    0.1319753689E+01    0.6264334556E+04      3035100           0.7091083649E+03
    0.2478566496E+01          0.2477121255E+01    0.1321239767E+01    0.1319794526E+01    0.6285806695E+04      3020000           0.7114799648E+03
    0.2480006943E+01          0.2478566496E+01    0.1321274958E+01    0.1319834510E+01    0.6307270447E+04      3004900           0.7138515646E+03
    0.2481442629E+01          0.2480006943E+01    0.1321309435E+01    0.1319873750E+01    0.6328727235E+04      2989800           0.7162231645E+03
    0.2482873584E+01          0.2481442629E+01    0.1321342636E+01    0.1319911681E+01    0.6350168724E+04      2974700           0.7185947644E+03
    0.2484299839E+01          0.2482873584E+01    0.1321374639E+01    0.1319948383E+01    0.6371595871E+04      2959600           0.7209663643E+03
    0.2485721426E+01          0.2484299839E+01    0.1321405626E+01    0.1319984039E+01    0.6393011198E+04      2944500           0.7233379642E+03
    0.2487138375E+01          0.2485721426E+01    0.1321435994E+01    0.1320019045E+01    0.6414420403E+04      2929400           0.7257095640E+03
    0.2488550717E+01          0.2487138375E+01    0.1321466289E+01    0.1320053948E+01    0.6435831488E+04      2914300           0.7280811639E+03
    0.2489958479E+01          0.2488550717E+01    0.1321496734E+01    0.1320088971E+01    0.6457247766E+04      2899200           0.7304527638E+03
    0.2491361694E+01          0.2489958479E+01    0.1321528368E+01    0.1320125154E+01    0.6478684750E+04      2884100           0.7328243637E+03
    0.2492760389E+01          0.2491361694E+01    0.1321560303E+01    0.1320161608E+01    0.6500129318E+04      2869000           0.7351959636E+03
    0.2494154594E+01          0.2492760389E+01    0.1321593305E+01    0.1320199100E+01    0.6521593026E+04      2853900           0.7375675635E+03
    0.2495544338E+01          0.2494154594E+01    0.1321626562E+01    0.1320236818E+01    0.6543063812E+04      2838800           0.7399391633E+03
    0.2496929648E+01          0.2495544338E+01    0.1321661213E+01    0.1320275903E+01    0.6564558925E+04      2823700           0.7423107632E+03
    0.2498310554E+01          0.2496929648E+01    0.1321696650E+01    0.1320315744E+01    0.6586069329E+04      2808600           0.7446823631E+03
    0.2499687083E+01          0.2498310554E+01    0.1321732530E+01    0.1320356001E+01    0.6607589952E+04      2793500           0.7470539630E+03
    0.2501059262E+01          0.2499687083E+01    0.1321768332E+01    0.1320396153E+01    0.6629112889E+04      2778400           0.7494255629E+03
    0.2502427120E+01          0.2501059262E+01    0.1321804978E+01    0.1320437120E+01    0.6650652250E+04      2763300           0.7517971628E+03
    0.2503790683E+01          0.2502427120E+01    0.1321841478E+01    0.1320477915E+01    0.6672192960E+04      2748200           0.7541687626E+03
    0.2505149978E+01          0.2503790683E+01    0.1321877804E+01    0.1320518509E+01    0.6693734575E+04      2733100           0.7565403625E+03
    0.2506505032E+01          0.2505149978E+01    0.1321914572E+01    0.1320559517E+01    0.6715286558E+04      2718000           0.7589119624E+03
    0.2507855872E+01          0.2506505032E+01    0.1321951309E+01    0.1320600470E+01    0.6736841683E+04      2702900           0.7612835623E+03
    0.2509202522E+01          0.2507855872E+01    0.1321988274E+01    0.1320641624E+01    0.6758403952E+04      2687800           0.7636551622E+03
    0.2510545010E+01          0.2509202522E+01    0.1322025555E+01    0.1320683067E+01    0.6779974766E+04      2672700           0.7660267620E+03
    0.2511883361E+01          0.2510545010E+01    0.1322062953E+01    0.1320724602E+01    0.6801551064E+04      2657600           0.7683983619E+03
    0.2513217600E+01          0.2511883361E+01    0.1322100417E+01    0.1320766177E+01    0.6823132068E+04      2642500           0.7707699618E+03
    0.2514547753E+01          0.2513217600E+01    0.1322137646E+01    0.1320807493E+01    0.6844713048E+04      2627400           0.7731415617E+03
    0.2515873844E+01          0.2514547753E+01    0.1322174324E+01    0.1320848233E+01    0.6866288972E+04      2612300           0.7755131616E+03
    0.2517195898E+01          0.2515873844E+01    0.1322211214E+01    0.1320889160E+01    0.6887871837E+04      2597200           0.7778847615E+03
    0.2518513940E+01          0.2517195898E+01    0.1322248753E+01    0.1320930711E+01    0.6909468653E+04      2582100           0.7802563613E+03
    0.2519827994E+01          0.2518513940E+01    0.1322286430E+01    0.1320972376E+01    0.6931071354E+04      2567000           0.7826279612E+03
    0.2521138084E+01          0.2519827994E+01    0.1322324693E+01    0.1321014604E+01    0.6952687140E+04      2551900           0.7849995611E+03
    0.2522444234E+01          0.2521138084E+01    0.1322363009E+01    0.1321056859E+01    0.6974307518E+04      2536800           0.7873711610E+03
    0.2523746467E+01          0.2522444234E+01    0.1322401856E+01    0.1321099623E+01    0.6995940216E+04      2521700           0.7897427609E+03
    0.2525044807E+01          0.2523746467E+01    0.1322441297E+01    0.1321142957E+01    0.7017586333E+04      2506600           0.7921143608E+03
    0.2526339277E+01          0.2525044807E+01    0.1322480251E+01    0.1321185781E+01    0.7039228417E+04      2491500           0.7944859606E+03
    0.2527629901E+01          0.2526339277E+01    0.1322519986E+01    0.1321229362E+01    0.7060887034E+04      2476400           0.7968575605E+03
    0.2528916700E+01          0.2527629901E+01    0.1322560289E+01    0.1321273490E+01    0.7082558824E+04      2461300           0.7992291604E+03
    0.2530199698E+01          0.2528916700E+01    0.1322601002E+01    0.1321318004E+01    0.7104241277E+04      2446200           0.8016007603E+03
    0.2531478917E+01          0.2530199698E+01    0.1322641611E+01    0.1321362392E+01    0.7125926021E+04      2431100           0.8039723602E+03
    0.2532754379E+01          0.2531478917E+01    0.1322682023E+01    0.1321406561E+01    0.7147611519E+04      2416000           0.8063439601E+03
    0.2534026106E+01          0.2532754379E+01    0.1322722924E+01    0.1321451197E+01    0.7169309067E+04      2400900           0.8087155599E+03
    0.2535294120E+01          0.2534026106E+01    0.1322763461E+01    0.1321495447E+01    0.7191004603E+04      2385800           0.8110871598E+03
    0.2536558443E+01          0.2535294120E+01    0.1322804911E+01    0.1321540588E+01    0.7212719301E+04      2370700           0.8134587597E+03
    0.2537819095E+01          0.2536558443E+01    0.1322846315E+01    0.1321585663E+01    0.7234437310E+04      2355600           0.8158303596E+03
    0.2539076099E+01          0.2537819095E+01    0.1322888482E+01    0.1321631478E+01    0.7256172139E+04      2340500           0.8182019595E+03
    0.2540329475E+01          0.2539076099E+01    0.1322931341E+01    0.1321677965E+01    0.7277922723E+04      2325400           0.8205735593E+03
    0.2541579244E+01          0.2540329475E+01    0.1322974926E+01    0.1321725156E+01    0.7299689720E+04      2310300           0.8229451592E+03
    0.2542825427E+01          0.2541579244E+01    0.1323019521E+01    0.1321773338E+01    0.7321478059E+04      2295200           0.8253167591E+03
    0.2544068044E+01          0.2542825427E+01    0.1323064861E+01    0.1321822243E+01    0.7343283373E+04      2280100           0.8276883590E+03
    0.2545307116E+01          0.2544068044E+01    0.1323111109E+01    0.1321872037E+01    0.7365108579E+04      2265000           0.8300599589E+03
    0.2546542663E+01          0.2545307116E+01    0.1323158643E+01    0.1321923096E+01    0.7386960207E+04      2249900           0.8324315588E+03
    0.2547774705E+01          0.2546542663E+01    0.1323207595E+01    0.1321975553E+01    0.7408840727E+04      2234800           0.8348031586E+03
    0.2549003262E+01          0.2547774705E+01    0.1323257580E+01    0.1322029024E+01    0.7430743766E+04      2219700           0.8371747585E+03
    0.2550228353E+01          0.2549003262E+01    0.1323309350E+01    0.1322084259E+01    0.7452682371E+04      2204600           0.8395463584E+03
    0.2551449998E+01          0.2550228353E+01    0.1323361896E+01    0.1322140251E+01    0.7474639462E+04      2189500           0.8419179583E+03
    0.2552668216E+01          0.2551449998E+01    0.1323417102E+01    0.1322198884E+01    0.7496647666E+04      2174400           0.8442895582E+03
    0.2553883027E+01          0.2552668216E+01    0.1323472940E+01    0.1322258129E+01    0.7518672287E+04      2159300           0.8466611581E+03
    0.2555094449E+01          0.2553883027E+01    0.1323529598E+01    0.1322318176E+01    0.7540716701E+04      2144200           0.8490327579E+03
    0.2556302501E+01          0.2555094449E+01    0.1323587326E+01    0.1322379274E+01    0.7562785352E+04      2129100           0.8514043578E+03
    0.2557507202E+01          0.2556302501E+01    0.1323645384E+01    0.1322440683E+01    0.7584865513E+04      2114000           0.8537759577E+03
    0.2558708571E+01          0.2557507202E+01    0.1323704467E+01    0.1322503099E+01    0.7606969398E+04      2098900           0.8561475576E+03
    0.2559906625E+01          0.2558708571E+01    0.1323763762E+01    0.1322565707E+01    0.7629082872E+04      2083800           0.8585191575E+03
    0.2561101384E+01          0.2559906625E+01    0.1323824267E+01    0.1322629508E+01    0.7651223561E+04      2068700           0.8608907574E+03
    0.2562292864E+01          0.2561101384E+01    0.1323884894E+01    0.1322693413E+01    0.7673372427E+04      2053600           0.8632623572E+03
    0.2563481085E+01          0.2562292864E+01    0.1323946492E+01    0.1322758271E+01    0.7695544541E+04      2038500           0.8656339571E+03
    0.2564666064E+01          0.2563481085E+01    0.1324008900E+01    0.1322823921E+01    0.7717737181E+04      2023400           0.8680055570E+03
    0.2565847819E+01          0.2564666064E+01    0.1324070974E+01    0.1322889220E+01    0.7739930100E+04      2008300           0.8703771569E+03
    0.2567026366E+01          0.2565847819E+01    0.1324133371E+01    0.1322954823E+01    0.7762134960E+04      1993200           0.8727487568E+03
    0.2568201724E+01          0.2567026366E+01    0.1324195510E+01    0.1323020152E+01    0.7784341424E+04      1978100           0.8751203566E+03
    0.2569373910E+01          0.2568201724E+01    0.1324257388E+01    0.1323085202E+01    0.7806549397E+04      1963000           0.8774919565E+03
    0.2570542940E+01          0.2569373910E+01    0.1324319164E+01    0.1323150134E+01    0.7828761705E+04      1947900           0.8798635564E+03
    0.2571708832E+01          0.2570542940E+01    0.1324380487E+01    0.1323214595E+01    0.7850971967E+04      1932800           0.8822351563E+03
    0.2572871602E+01          0.2571708832E+01    0.1324442475E+01    0.1323279705E+01    0.7873200416E+04      1917700           0.8846067562E+03
    0.2574031268E+01          0.2572871602E+01    0.1324504901E+01    0.1323345236E+01    0.7895443020E+04      1902600           0.8869783561E+03
    0.2575187845E+01          0.2574031268E+01    0.1324567355E+01    0.1323410778E+01    0.7917692345E+04      1887500           0.8893499559E+03
    0.2576341350E+01          0.2575187845E+01    0.1324629762E+01    0.1323476256E+01    0.7939947058E+04      1872400           0.8917215558E+03
    0.2577491800E+01          0.2576341350E+01    0.1324691902E+01    0.1323541453E+01    0.7962203122E+04      1857300           0.8940931557E+03
    0.2578639210E+01          0.2577491800E+01    0.1324753661E+01    0.1323606251E+01    0.7984458366E+04      1842200           0.8964647556E+03
    0.2579783597E+01          0.2578639210E+01    0.1324815493E+01    0.1323671106E+01    0.8006721133E+04      1827100           0.8988363555E+03
    0.2580924976E+01          0.2579783597E+01    0.1324875468E+01    0.1323734089E+01    0.8028955761E+04      1812000           0.9012079554E+03
    0.2582063363E+01          0.2580924976E+01    0.1324935787E+01    0.1323797400E+01    0.8051202737E+04      1796900           0.9035795552E+03
    0.2583198774E+01          0.2582063363E+01    0.1324994095E+01    0.1323858684E+01    0.8073418368E+04      1781800           0.9059511551E+03
    0.2584331224E+01          0.2583198774E+01    0.1325052446E+01    0.1323919996E+01    0.8095640610E+04      1766700           0.9083227550E+03
    0.2585460730E+01          0.2584331224E+01    0.1325109496E+01    0.1323979991E+01    0.8117844359E+04      1751600           0.9106943549E+03
    0.2586587305E+01          0.2585460730E+01    0.1325165794E+01    0.1324039219E+01    0.8140039716E+04      1736500           0.9130659548E+03
    0.2587710965E+01          0.2586587305E+01    0.1325220500E+01    0.1324096839E+01    0.8162210756E+04      1721400           0.9154375546E+03
    0.2588831726E+01          0.2587710965E+01    0.1325274773E+01    0.1324154013E+01    0.8184379116E+04      1706300           0.9178091545E+03
    0.2589949601E+01          0.2588831726E+01    0.1325326820E+01    0.1324208944E+01    0.8206510806E+04      1691200           0.9201807544E+03
    0.2591064607E+01          0.2589949601E+01    0.1325376806E+01    0.1324261800E+01    0.8228608639E+04      1676100           0.9225523543E+03
    0.2592176757E+01          0.2591064607E+01    0.1325426170E+01    0.1324314020E+01    0.8250699640E+04      1661000           0.9249239542E+03
    0.2593286067E+01          0.2592176757E+01    0.1325473619E+01    0.1324364310E+01    0.8272759075E+04      1645900           0.9272955541E+03
    0.2594392550E+01          0.2593286067E+01    0.1325520553E+01    0.1324414069E+01    0.8294813383E+04      1630800           0.9296671539E+03
    0.2595496222E+01          0.2594392550E+01    0.1325565224E+01    0.1324461552E+01    0.8316829033E+04      1615700           0.9320387538E+03
    0.2596597096E+01          0.2595496222E+01    0.1325610173E+01    0.1324509299E+01    0.8338854466E+04      1600600           0.9344103537E+03
    0.2597695186E+01          0.2596597096E+01    0.1325651681E+01    0.1324553591E+01    0.8360818130E+04      1585500           0.9367819536E+03
    0.2598790507E+01          0.2597695186E+01    0.1325692324E+01    0.1324597003E+01    0.8382769216E+04      1570400           0.9391535535E+03
    0.2599883072E+01          0.2598790507E+01    0.1325730600E+01    0.1324638035E+01    0.8404678530E+04      1555300           0.9415251534E+03
    0.2600972896E+01          0.2599883072E+01    0.1325767357E+01    0.1324677533E+01    0.8426562163E+04      1540200           0.9438967532E+03
    0.2602059991E+01          0.2600972896E+01    0.1325802622E+01    0.1324715526E+01    0.8448420423E+04      1525100           0.9462683531E+03
    0.2603144373E+01          0.2602059991E+01    0.1325838624E+01    0.1324754242E+01    0.8470296538E+04      1510000           0.9486399530E+03
    0.2604226053E+01          0.2603144373E+01    0.1325873953E+01    0.1324792273E+01    0.8492163082E+04      1494900           0.9510115529E+03
    0.2605305046E+01          0.2604226053E+01    0.1325908583E+01    0.1324829590E+01    0.8514019422E+04      1479800           0.9533831528E+03
    0.2606381365E+01          0.2605305046E+01    0.1325943553E+01    0.1324867234E+01    0.8535885867E+04      1464700           0.9557547527E+03
    0.2607455023E+01          0.2606381365E+01    0.1325978167E+01    0.1324904509E+01    0.8557748755E+04      1449600           0.9581263525E+03
    0.2608526034E+01          0.2607455023E+01    0.1326013985E+01    0.1324942974E+01    0.8579638868E+04      1434500           0.9604979524E+03
    0.2609594409E+01          0.2608526034E+01    0.1326049778E+01    0.1324981402E+01    0.8601532044E+04      1419400           0.9628695523E+03
    0.2610660163E+01          0.2609594409E+01    0.1326085738E+01    0.1325019984E+01    0.8623432077E+04      1404300           0.9652411522E+03
    0.2611723308E+01          0.2610660163E+01    0.1326121193E+01    0.1325058048E+01    0.8645325637E+04      1389200           0.9676127521E+03
    0.2612783857E+01          0.2611723308E+01    0.1326156829E+01    0.1325096280E+01    0.8667226309E+04      1374100           0.9699843519E+03
    0.2613841822E+01          0.2612783857E+01    0.1326192474E+01    0.1325134509E+01    0.8689130717E+04      1359000           0.9723559518E+03
    0.2614897216E+01          0.2613841822E+01    0.1326229699E+01    0.1325174305E+01    0.8711070354E+04      1343900           0.9747275517E+03
    0.2615950052E+01          0.2614897216E+01    0.1326267218E+01    0.1325214382E+01    0.8733019577E+04      1328800           0.9770991516E+03
    0.2617000341E+01          0.2615950052E+01    0.1326306387E+01    0.1325256097E+01    0.8755005804E+04      1313700           0.9794707515E+03
    0.2618048097E+01          0.2617000341E+01    0.1326344892E+01    0.1325297136E+01    0.8776982508E+04      1298600           0.9818423514E+03
    0.2619093331E+01          0.2618048097E+01    0.1326381255E+01    0.1325336021E+01    0.8798919654E+04      1283500           0.9842139512E+03
    0.2620136055E+01          0.2619093331E+01    0.1326416229E+01    0.1325373505E+01    0.8820832185E+04      1268400           0.9865855511E+03
    0.2621176282E+01          0.2620136055E+01    0.1326449831E+01    0.1325409604E+01    0.8842720252E+04      1253300           0.9889571510E+03
    0.2622214023E+01          0.2621176282E+01    0.1326483931E+01    0.1325446190E+01    0.8864621830E+04      1238200           0.9913287509E+03
    0.2623249290E+01          0.2622214023E+01    0.1326516278E+01    0.1325481011E+01    0.8886490912E+04      1223100           0.9937003508E+03
    0.2624282096E+01          0.2623249290E+01    0.1326547874E+01    0.1325515069E+01    0.8908347807E+04      1208000           0.9960719507E+03
    0.2625312451E+01          0.2624282096E+01    0.1326579071E+01    0.1325548716E+01    0.8930199621E+04      1192900           0.9984435505E+03
    0.2626340367E+01          0.2625312451E+01    0.1326610067E+01    0.1325582151E+01    0.8952050392E+04      1177800           0.1000815150E+04
    0.2627365857E+01          0.2626340367E+01    0.1326639555E+01    0.1325614066E+01    0.8973873067E+04      1162700           0.1003186750E+04
    0.2628388930E+01          0.2627365857E+01    0.1326668373E+01    0.1325645299E+01    0.8995684787E+04      1147600           0.1005558350E+04
    0.2629409599E+01          0.2628388930E+01    0.1326697589E+01    0.1325676920E+01    0.9017507649E+04      1132500           0.1007929950E+04
    0.2630427875E+01          0.2629409599E+01    0.1326726484E+01    0.1325708208E+01    0.9039326703E+04      1117400           0.1010301550E+04
    0.2631443769E+01          0.2630427875E+01    0.1326756910E+01    0.1325741016E+01    0.9061180560E+04      1102300           0.1012673150E+04
    0.2632457292E+01          0.2631443769E+01    0.1326785403E+01    0.1325771880E+01    0.9082997024E+04      1087200           0.1015044750E+04
    0.2633468456E+01          0.2632457292E+01    0.1326813732E+01    0.1325802569E+01    0.9104812868E+04      1072100           0.1017416350E+04
    0.2634477270E+01          0.2633468456E+01    0.1326840683E+01    0.1325831869E+01    0.9126602571E+04      1057000           0.1019787949E+04
    0.2635483747E+01          0.2634477270E+01    0.1326867772E+01    0.1325861295E+01    0.9148397820E+04      1041900           0.1022159549E+04
    0.2636487896E+01          0.2635483747E+01    0.1326894254E+01    0.1325890105E+01    0.9170182965E+04      1026800           0.1024531149E+04
    0.2637489730E+01          0.2636487896E+01    0.1326921420E+01    0.1325919587E+01    0.9191985195E+04      1011700           0.1026902749E+04
    0.2638489257E+01          0.2637489730E+01    0.1326949199E+01    0.1325949672E+01    0.9213803132E+04       996600           0.1029274349E+04
    0.2639486489E+01          0.2638489257E+01    0.1326976483E+01    0.1325979251E+01    0.9235613295E+04       981500           0.1031645949E+04
    0.2640481437E+01          0.2639486489E+01    0.1327003728E+01    0.1326008780E+01    0.9257425317E+04       966400           0.1034017549E+04
    0.2641474111E+01          0.2640481437E+01    0.1327030231E+01    0.1326037558E+01    0.9279224201E+04       951300           0.1036389149E+04
    0.2642464520E+01          0.2641474111E+01    0.1327055358E+01    0.1326064948E+01    0.9300996230E+04       936200           0.1038760749E+04
    0.2643452676E+01          0.2642464520E+01    0.1327079613E+01    0.1326091457E+01    0.9322752047E+04       921100           0.1041132348E+04
    0.2644438589E+01          0.2643452676E+01    0.1327102752E+01    0.1326116839E+01    0.9344486242E+04       906000           0.1043503948E+04
    0.2645422269E+01          0.2644438589E+01    0.1327125520E+01    0.1326141840E+01    0.9366214706E+04       890900           0.1045875548E+04
    0.2646403726E+01          0.2645422269E+01    0.1327145076E+01    0.1326163619E+01    0.9387876015E+04       875800           0.1048247148E+04
    0.2647382970E+01          0.2646403726E+01    0.1327162124E+01    0.1326182881E+01    0.9409484921E+04       860700           0.1050618748E+04
    0.2648360011E+01          0.2647382970E+01    0.1327177795E+01    0.1326200754E+01    0.9431065581E+04       845600           0.1052990348E+04
    0.2649334859E+01          0.2648360011E+01    0.1327191064E+01    0.1326216216E+01    0.9452595522E+04       830500           0.1055361948E+04
    0.2650307523E+01          0.2649334859E+01    0.1327201284E+01    0.1326228620E+01    0.9474060265E+04       815400           0.1057733548E+04
    0.2651278014E+01          0.2650307523E+01    0.1327210305E+01    0.1326239814E+01    0.9495499779E+04       800300           0.1060105147E+04
    0.2652246341E+01          0.2651278014E+01    0.1327217317E+01    0.1326248990E+01    0.9516896175E+04       785200           0.1062476747E+04
    0.2653212514E+01          0.2652246341E+01    0.1327220956E+01    0.1326254783E+01    0.9538219160E+04       770100           0.1064848347E+04
    0.2654176542E+01          0.2653212514E+01    0.1327223051E+01    0.1326259023E+01    0.9559508528E+04       755000           0.1067219947E+04
    0.2655138435E+01          0.2654176542E+01    0.1327222175E+01    0.1326260283E+01    0.9580732561E+04       739900           0.1069591547E+04
    0.2656098202E+01          0.2655138435E+01    0.1327220906E+01    0.1326261139E+01    0.9601947803E+04       724800           0.1071963147E+04
    0.2657055853E+01          0.2656098202E+01    0.1327219040E+01    0.1326261389E+01    0.9623149709E+04       709700           0.1074334747E+04
    0.2658011397E+01          0.2657055853E+01    0.1327216991E+01    0.1326261447E+01    0.9644347363E+04       694600           0.1076706347E+04
    0.2658964843E+01          0.2658011397E+01    0.1327214980E+01    0.1326261534E+01    0.9665545647E+04       679500           0.1079077947E+04
    0.2659916200E+01          0.2658964843E+01    0.1327211746E+01    0.1326260389E+01    0.9686716492E+04       664400           0.1081449546E+04
    0.2660865478E+01          0.2659916200E+01    0.1327205254E+01    0.1326255976E+01    0.9707814158E+04       649300           0.1083821146E+04
    0.2661812686E+01          0.2660865478E+01    0.1327200484E+01    0.1326253277E+01    0.9728949791E+04       634200           0.1086192746E+04
    0.2662757832E+01          0.2661812686E+01    0.1327194405E+01    0.1326249259E+01    0.9750055557E+04       619100           0.1088564346E+04
    0.2663700925E+01          0.2662757832E+01    0.1327190724E+01    0.1326247630E+01    0.9771214689E+04       604000           0.1090935946E+04
    0.2664641976E+01          0.2663700925E+01    0.1327185515E+01    0.1326244465E+01    0.9792339022E+04       588900           0.1093307546E+04
    0.2665580991E+01          0.2664641976E+01    0.1327179187E+01    0.1326240172E+01    0.9813437547E+04       573800           0.1095679146E+04
    0.2666517981E+01          0.2665580991E+01    0.1327172139E+01    0.1326235150E+01    0.9834519145E+04       558700           0.1098050746E+04
    0.2667452953E+01          0.2666517981E+01    0.1327163841E+01    0.1326228869E+01    0.9855571704E+04       543600           0.1100422345E+04
    0.2668385917E+01          0.2667452953E+01    0.1327155595E+01    0.1326222631E+01    0.9876624613E+04       528500           0.1102793945E+04
    0.2669316881E+01          0.2668385917E+01    0.1327147042E+01    0.1326216078E+01    0.9897669749E+04       513400           0.1105165545E+04
    0.2670245853E+01          0.2669316881E+01    0.1327136007E+01    0.1326207035E+01    0.9918657364E+04       498300           0.1107537145E+04
    0.2671172843E+01          0.2670245853E+01    0.1327126904E+01    0.1326199915E+01    0.9939688112E+04       483200           0.1109908745E+04
    0.2672097858E+01          0.2671172843E+01    0.1327112414E+01    0.1326187399E+01    0.9960594425E+04       468100           0.1112280345E+04
    0.2673020907E+01          0.2672097858E+01    0.1327096419E+01    0.1326173369E+01    0.9981464729E+04       453000           0.1114651945E+04
    0.2673941999E+01          0.2673020907E+01    0.1327077638E+01    0.1326156546E+01    0.1000226933E+05       437900           0.1117023545E+04
    0.2674861141E+01          0.2673941999E+01    0.1327057620E+01    0.1326138478E+01    0.1002304358E+05       422800           0.1119395145E+04
    0.2675778342E+01          0.2674861141E+01    0.1327038811E+01    0.1326121611E+01    0.1004384385E+05       407700           0.1121766744E+04
    0.2676693610E+01          0.2675778342E+01    0.1327023589E+01    0.1326108322E+01    0.1006472542E+05       392600           0.1124138344E+04
    0.2677606953E+01          0.2676693610E+01    0.1327004952E+01    0.1326091609E+01    0.1008552619E+05       377500           0.1126509944E+04
    0.2678518379E+01          0.2677606953E+01    0.1326987965E+01    0.1326076539E+01    0.1010636358E+05       362400           0.1128881544E+04
    0.2679427897E+01          0.2678518379E+01    0.1326969744E+01    0.1326060227E+01    0.1012717054E+05       347300           0.1131253144E+04
    0.2680335513E+01          0.2679427897E+01    0.1326953176E+01    0.1326045560E+01    0.1014801436E+05       332200           0.1133624744E+04
    0.2681241237E+01          0.2680335513E+01    0.1326936871E+01    0.1326031147E+01    0.1016886272E+05       317100           0.1135996344E+04
    0.2682145076E+01          0.2681241237E+01    0.1326926769E+01    0.1326022930E+01    0.1018985505E+05       302000           0.1138367944E+04
    0.2683047038E+01          0.2682145076E+01    0.1326915819E+01    0.1326013857E+01    0.1021082646E+05       286900           0.1140739543E+04
    0.2683947131E+01          0.2683047038E+01    0.1326903975E+01    0.1326003882E+01    0.1023177575E+05       271800           0.1143111143E+04
    0.2684845362E+01          0.2683947131E+01    0.1326889154E+01    0.1325990923E+01    0.1025265361E+05       256700           0.1145482743E+04
    0.2685741739E+01          0.2684845362E+01    0.1326872907E+01    0.1325976530E+01    0.1027349628E+05       241600           0.1147854343E+04
    0.2686636269E+01          0.2685741739E+01    0.1326855729E+01    0.1325961198E+01    0.1029431534E+05       226500           0.1150225943E+04
    0.2687528961E+01          0.2686636269E+01    0.1326825208E+01    0.1325932516E+01    0.1031481580E+05       211400           0.1152597543E+04
    0.2688419822E+01          0.2687528961E+01    0.1326797328E+01    0.1325906467E+01    0.1033537619E+05       196300           0.1154969143E+04
    0.2689308859E+01          0.2688419822E+01    0.1326765593E+01    0.1325876556E+01    0.1035584199E+05       181200           0.1157340743E+04
    0.2690196080E+01          0.2689308859E+01    0.1326722963E+01    0.1325835742E+01    0.1037604441E+05       166100           0.1159712343E+04
    0.2691081492E+01          0.2690196080E+01    0.1326679711E+01    0.1325794299E+01    0.1039622790E+05       151000           0.1162083942E+04
    0.2691965103E+01          0.2691081492E+01    0.1326623754E+01    0.1325740143E+01    0.1041610252E+05       135900           0.1164455542E+04
    0.2692846919E+01          0.2691965103E+01    0.1326581581E+01    0.1325699764E+01    0.1043630309E+05       120800           0.1166827142E+04
    0.2693726949E+01          0.2692846919E+01    0.1326531817E+01    0.1325651788E+01    0.1045631689E+05       105700           0.1169198742E+04
    0.2694605199E+01          0.2693726949E+01    0.1326471569E+01    0.1325593319E+01    0.1047607305E+05        90600           0.1171570342E+04
    0.2695481676E+01          0.2694605199E+01    0.1326407447E+01    0.1325530969E+01    0.1049572989E+05        75500           0.1173941942E+04
    0.2696356389E+01          0.2695481676E+01    0.1326348492E+01    0.1325473780E+01    0.1051550582E+05        60400           0.1176313542E+04
    0.2697229343E+01          0.2696356389E+01    0.1326311267E+01    0.1325438313E+01    0.1053580335E+05        45300           0.1178685142E+04
    0.2698100546E+01          0.2697229343E+01    0.1326274811E+01    0.1325403608E+01    0.1055611600E+05        30200           0.1181056741E+04
    0.2698970004E+01          0.2698100546E+01    0.1326188938E+01    0.1325319479E+01    0.1057522177E+05        15100           0.1183428341E+04
