# # of beads(n)  # of segments(m)      <Ree2>/m          <Ree2>/n       Ree(ilength)         Count
# -------------  ----------------      --------          --------       ------------         -----
       2             1              0.2372952176E+01  0.1186476088E+01   0.2372952176E+01   7534900
       3             2              0.3325129679E+01  0.2216753119E+01   0.6650259358E+01   7519800
       4             3              0.4566917630E+01  0.3425188222E+01   0.1370075289E+02   7504700
       5             4              0.5643301537E+01  0.4514641230E+01   0.2257320615E+02   7489600
       6             5              0.6666107533E+01  0.5555089610E+01   0.3333053766E+02   7474500
       7             6              0.7589791620E+01  0.6505535674E+01   0.4553874972E+02   7459400
       8             7              0.8443139164E+01  0.7387746768E+01   0.5910197415E+02   7444300
       9             8              0.9222131278E+01  0.8197450025E+01   0.7377705022E+02   7429200
      10             9              0.9938471710E+01  0.8944624539E+01   0.8944624539E+02   7414100
      11            10              0.1059539340E+02  0.9632175817E+01   0.1059539340E+03   7399000
      12            11              0.1119970097E+02  0.1026639255E+02   0.1231967106E+03   7383900
      13            12              0.1175546961E+02  0.1085120271E+02   0.1410656353E+03   7368800
      14            13              0.1226762699E+02  0.1139136792E+02   0.1594791508E+03   7353700
      15            14              0.1273980177E+02  0.1189048165E+02   0.1783572248E+03   7338600
      16            15              0.1317594263E+02  0.1235244621E+02   0.1976391394E+03   7323500
      17            16              0.1357911522E+02  0.1278034374E+02   0.2172658436E+03   7308400
      18            17              0.1395240135E+02  0.1317726794E+02   0.2371908230E+03   7293300
      19            18              0.1429843575E+02  0.1354588650E+02   0.2573718434E+03   7278200
      20            19              0.1461964852E+02  0.1388866610E+02   0.2777733220E+03   7263100
      21            20              0.1491814892E+02  0.1420776087E+02   0.2983629784E+03   7248000
      22            21              0.1519606479E+02  0.1450533457E+02   0.3191173605E+03   7232900
      23            22              0.1545501583E+02  0.1478305862E+02   0.3400103483E+03   7217800
      24            23              0.1569672527E+02  0.1504269505E+02   0.3610246811E+03   7202700
      25            24              0.1592258541E+02  0.1528568199E+02   0.3821420499E+03   7187600
      26            25              0.1613391538E+02  0.1551338017E+02   0.4033478844E+03   7172500
      27            26              0.1633193659E+02  0.1572705005E+02   0.4246303514E+03   7157400
      28            27              0.1651769387E+02  0.1592777623E+02   0.4459777345E+03   7142300
      29            28              0.1669212556E+02  0.1611653502E+02   0.4673795156E+03   7127200
      30            29              0.1685612133E+02  0.1629425062E+02   0.4888275186E+03   7112100
      31            30              0.1701046947E+02  0.1646174465E+02   0.5103140842E+03   7097000
      32            31              0.1715590335E+02  0.1661978137E+02   0.5318330039E+03   7081900
      33            32              0.1729305423E+02  0.1676902229E+02   0.5533777355E+03   7066800
      34            33              0.1742254003E+02  0.1691011238E+02   0.5749438210E+03   7051700
      35            34              0.1754490752E+02  0.1704362445E+02   0.5965268556E+03   7036600
      36            35              0.1766064892E+02  0.1717007534E+02   0.6181227124E+03   7021500
      37            36              0.1777028923E+02  0.1729001114E+02   0.6397304124E+03   7006400
      38            37              0.1787423943E+02  0.1740386471E+02   0.6613468588E+03   6991300
      39            38              0.1797286935E+02  0.1751202655E+02   0.6829690353E+03   6976200
      40            39              0.1806657686E+02  0.1761491244E+02   0.7045964977E+03   6961100
      41            40              0.1815566659E+02  0.1771284545E+02   0.7262266634E+03   6946000
      42            41              0.1824051078E+02  0.1780621291E+02   0.7478609421E+03   6930900
      43            42              0.1832134434E+02  0.1789526657E+02   0.7694964624E+03   6915800
      44            43              0.1839841747E+02  0.1798027162E+02   0.7911319514E+03   6900700
      45            44              0.1847200183E+02  0.1806151290E+02   0.8127680804E+03   6885600
      46            45              0.1854233270E+02  0.1813923851E+02   0.8344049716E+03   6870500
      47            46              0.1860962720E+02  0.1821367769E+02   0.8560428513E+03   6855400
      48            47              0.1867399174E+02  0.1828495025E+02   0.8776776118E+03   6840300
      49            48              0.1873567505E+02  0.1835331433E+02   0.8993124023E+03   6825200
      50            49              0.1879479773E+02  0.1841890178E+02   0.9209450889E+03   6810100
      51            50              0.1885154393E+02  0.1848190581E+02   0.9425771966E+03   6795000
      52            51              0.1890600068E+02  0.1854242375E+02   0.9642060349E+03   6779900
      53            52              0.1895830883E+02  0.1860060489E+02   0.9858320592E+03   6764800
      54            53              0.1900856472E+02  0.1865655426E+02   0.1007453930E+04   6749700
      55            54              0.1905688901E+02  0.1871040012E+02   0.1029072007E+04   6734600
      56            55              0.1910336397E+02  0.1876223247E+02   0.1050685018E+04   6719500
      57            56              0.1914810856E+02  0.1881217683E+02   0.1072294079E+04   6704400
      58            57              0.1919118152E+02  0.1886029908E+02   0.1093897347E+04   6689300
      59            58              0.1923270150E+02  0.1890672351E+02   0.1115496687E+04   6674200
      60            59              0.1927274661E+02  0.1895153416E+02   0.1137092050E+04   6659100
      61            60              0.1931135775E+02  0.1899477811E+02   0.1158681465E+04   6644000
      62            61              0.1934862475E+02  0.1903655015E+02   0.1180266110E+04   6628900
      63            62              0.1938460760E+02  0.1907691542E+02   0.1201845671E+04   6613800
      64            63              0.1941935461E+02  0.1911592719E+02   0.1223419340E+04   6598700
      65            64              0.1945292781E+02  0.1915365200E+02   0.1244987380E+04   6583600
      66            65              0.1948539323E+02  0.1919016000E+02   0.1266550560E+04   6568500
      67            66              0.1951681884E+02  0.1922552304E+02   0.1288110043E+04   6553400
      68            67              0.1954721543E+02  0.1925975638E+02   0.1309663434E+04   6538300
      69            68              0.1957667316E+02  0.1929295326E+02   0.1331213775E+04   6523200
      70            69              0.1960520212E+02  0.1932512780E+02   0.1352758946E+04   6508100
      71            70              0.1963286087E+02  0.1935634171E+02   0.1374300261E+04   6493000
      72            71              0.1965967077E+02  0.1938661979E+02   0.1395836625E+04   6477900
      73            72              0.1968570589E+02  0.1941603869E+02   0.1417370824E+04   6462800
      74            73              0.1971098365E+02  0.1944461901E+02   0.1438901807E+04   6447700
      75            74              0.1973557936E+02  0.1947243830E+02   0.1460432872E+04   6432600
      76            75              0.1975950201E+02  0.1949950857E+02   0.1481962651E+04   6417500
      77            76              0.1978280809E+02  0.1952588850E+02   0.1503493415E+04   6402400
      78            77              0.1980548438E+02  0.1955156791E+02   0.1525022297E+04   6387300
      79            78              0.1982758991E+02  0.1957660776E+02   0.1546552013E+04   6372200
      80            79              0.1984910071E+02  0.1960098695E+02   0.1568078956E+04   6357100
      81            80              0.1987003257E+02  0.1962472352E+02   0.1589602605E+04   6342000
      82            81              0.1989043557E+02  0.1964786928E+02   0.1611125281E+04   6326900
      83            82              0.1991028674E+02  0.1967040376E+02   0.1632643512E+04   6311800
      84            83              0.1992962483E+02  0.1969236739E+02   0.1654158861E+04   6296700
      85            84              0.1994843091E+02  0.1971374349E+02   0.1675668197E+04   6281600
      86            85              0.1996675997E+02  0.1973458834E+02   0.1697174597E+04   6266500
      87            86              0.1998458198E+02  0.1975487414E+02   0.1718674050E+04   6251400
      88            87              0.2000195799E+02  0.1977466302E+02   0.1740170345E+04   6236300
      89            88              0.2001888604E+02  0.1979395473E+02   0.1761661971E+04   6221200
      90            89              0.2003537121E+02  0.1981275597E+02   0.1783148038E+04   6206100
      91            90              0.2005141994E+02  0.1983107467E+02   0.1804627795E+04   6191000
      92            91              0.2006703343E+02  0.1984891350E+02   0.1826100042E+04   6175900
      93            92              0.2008222639E+02  0.1986628847E+02   0.1847564828E+04   6160800
      94            93              0.2009700217E+02  0.1988320428E+02   0.1869021202E+04   6145700
      95            94              0.2011140308E+02  0.1989970410E+02   0.1890471890E+04   6130600
      96            95              0.2012541439E+02  0.1991577466E+02   0.1911914367E+04   6115500
      97            96              0.2013904455E+02  0.1993142553E+02   0.1933348277E+04   6100400
      98            97              0.2015231961E+02  0.1994668369E+02   0.1954775002E+04   6085300
      99            98              0.2016522962E+02  0.1996154043E+02   0.1976192502E+04   6070200
     100            99              0.2017779611E+02  0.1997601815E+02   0.1997601815E+04   6055100
     101           100              0.2019002495E+02  0.1999012371E+02   0.2019002495E+04   6040000
     102           101              0.2020191079E+02  0.2000385284E+02   0.2040392990E+04   6024900
     103           102              0.2021348358E+02  0.2001723617E+02   0.2061775325E+04   6009800
     104           103              0.2022472608E+02  0.2003025756E+02   0.2083146786E+04   5994700
     105           104              0.2023567178E+02  0.2004295110E+02   0.2104509866E+04   5979600
     106           105              0.2024632280E+02  0.2005531975E+02   0.2125863894E+04   5964500
     107           106              0.2025672846E+02  0.2006741324E+02   0.2147213216E+04   5949400
     108           107              0.2026688222E+02  0.2007922590E+02   0.2168556398E+04   5934300
     109           108              0.2027680510E+02  0.2009077936E+02   0.2189894950E+04   5919200
     110           109              0.2028652490E+02  0.2010210194E+02   0.2211231214E+04   5904100
     111           110              0.2029603809E+02  0.2011319090E+02   0.2232564190E+04   5889000
     112           111              0.2030533834E+02  0.2012404067E+02   0.2253892555E+04   5873900
     113           112              0.2031443391E+02  0.2013466016E+02   0.2275216598E+04   5858800
     114           113              0.2032331637E+02  0.2014504166E+02   0.2296534750E+04   5843700
     115           114              0.2033198450E+02  0.2015518463E+02   0.2317846233E+04   5828600
     116           115              0.2034047271E+02  0.2016512380E+02   0.2339154361E+04   5813500
     117           116              0.2034877867E+02  0.2017485748E+02   0.2360458326E+04   5798400
     118           117              0.2035688428E+02  0.2018436831E+02   0.2381755461E+04   5783300
     119           118              0.2036480029E+02  0.2019366751E+02   0.2403046434E+04   5768200
     120           119              0.2037254244E+02  0.2020277125E+02   0.2424332550E+04   5753100
     121           120              0.2038010646E+02  0.2021167583E+02   0.2445612775E+04   5738000
     122           121              0.2038749160E+02  0.2022038101E+02   0.2466886483E+04   5722900
     123           122              0.2039470638E+02  0.2022889576E+02   0.2488154179E+04   5707800
     124           123              0.2040180012E+02  0.2023726947E+02   0.2509421415E+04   5692700
     125           124              0.2040873214E+02  0.2024546228E+02   0.2530682785E+04   5677600
     126           125              0.2041554524E+02  0.2025351710E+02   0.2551943155E+04   5662500
     127           126              0.2042222748E+02  0.2026142254E+02   0.2573200663E+04   5647400
     128           127              0.2042879222E+02  0.2026919228E+02   0.2594456612E+04   5632300
     129           128              0.2043522672E+02  0.2027681410E+02   0.2615709020E+04   5617200
     130           129              0.2044154201E+02  0.2028429938E+02   0.2636958920E+04   5602100
     131           130              0.2044771235E+02  0.2029162294E+02   0.2658202605E+04   5587000
     132           131              0.2045378753E+02  0.2029883459E+02   0.2679446166E+04   5571900
     133           132              0.2045974204E+02  0.2030590939E+02   0.2700685949E+04   5556800
     134           133              0.2046560998E+02  0.2031288155E+02   0.2721926128E+04   5541700
     135           134              0.2047140297E+02  0.2031976295E+02   0.2743167998E+04   5526600
     136           135              0.2047710157E+02  0.2032653465E+02   0.2764408713E+04   5511500
     137           136              0.2048273507E+02  0.2033322605E+02   0.2785651969E+04   5496400
     138           137              0.2048826661E+02  0.2033980091E+02   0.2806892526E+04   5481300
     139           138              0.2049372582E+02  0.2034628894E+02   0.2828134163E+04   5466200
     140           139              0.2049909059E+02  0.2035266851E+02   0.2849373591E+04   5451100
     141           140              0.2050438411E+02  0.2035896295E+02   0.2870613775E+04   5436000
     142           141              0.2050957932E+02  0.2036514567E+02   0.2891850685E+04   5420900
     143           142              0.2051471335E+02  0.2037125381E+02   0.2913089295E+04   5405800
     144           143              0.2051976919E+02  0.2037727079E+02   0.2934326994E+04   5390700
     145           144              0.2052476155E+02  0.2038321147E+02   0.2955565664E+04   5375600
     146           145              0.2052967564E+02  0.2038906142E+02   0.2976802967E+04   5360500
     147           146              0.2053450420E+02  0.2039481369E+02   0.2998037613E+04   5345400
     148           147              0.2053925305E+02  0.2040047431E+02   0.3019270199E+04   5330300
     149           148              0.2054394282E+02  0.2040606401E+02   0.3040503537E+04   5315200
     150           149              0.2054855532E+02  0.2041156495E+02   0.3061734743E+04   5300100
     151           150              0.2055310716E+02  0.2041699387E+02   0.3082966074E+04   5285000
     152           151              0.2055757023E+02  0.2042232306E+02   0.3104193104E+04   5269900
     153           152              0.2056195981E+02  0.2042756792E+02   0.3125417892E+04   5254800
     154           153              0.2056624358E+02  0.2043269655E+02   0.3146635268E+04   5239700
     155           154              0.2057045919E+02  0.2043774655E+02   0.3167850715E+04   5224600
     156           155              0.2057460071E+02  0.2044271224E+02   0.3189063110E+04   5209500
     157           156              0.2057866887E+02  0.2044759454E+02   0.3210272343E+04   5194400
     158           157              0.2058267761E+02  0.2045240750E+02   0.3231480385E+04   5179300
     159           158              0.2058658559E+02  0.2045711021E+02   0.3252680523E+04   5164200
     160           159              0.2059045382E+02  0.2046176348E+02   0.3273882157E+04   5149100
     161           160              0.2059423373E+02  0.2046631924E+02   0.3295077397E+04   5134000
     162           161              0.2059797869E+02  0.2047083067E+02   0.3316274569E+04   5118900
     163           162              0.2060169097E+02  0.2047530023E+02   0.3337473938E+04   5103800
     164           163              0.2060532713E+02  0.2047968490E+02   0.3358668323E+04   5088700
     165           164              0.2060891905E+02  0.2048401651E+02   0.3379862724E+04   5073600
     166           165              0.2061243825E+02  0.2048826694E+02   0.3401052312E+04   5058500
     167           166              0.2061592165E+02  0.2049247302E+02   0.3422242994E+04   5043400
     168           167              0.2061932168E+02  0.2049658763E+02   0.3443426721E+04   5028300
     169           168              0.2062263797E+02  0.2050061053E+02   0.3464603179E+04   5013200
     170           169              0.2062588491E+02  0.2050455617E+02   0.3485774549E+04   4998100
     171           170              0.2062905780E+02  0.2050842004E+02   0.3506939827E+04   4983000
     172           171              0.2063216468E+02  0.2051221024E+02   0.3528100161E+04   4967900
     173           172              0.2063522381E+02  0.2051594506E+02   0.3549258496E+04   4952800
     174           173              0.2063822627E+02  0.2051961577E+02   0.3570413144E+04   4937700
     175           174              0.2064119790E+02  0.2052324820E+02   0.3591568435E+04   4922600
     176           175              0.2064413425E+02  0.2052683804E+02   0.3612723495E+04   4907500
     177           176              0.2064700999E+02  0.2053036022E+02   0.3633873759E+04   4892400
     178           177              0.2064980610E+02  0.2053379596E+02   0.3655015680E+04   4877300
     179           178              0.2065256083E+02  0.2053718340E+02   0.3676155828E+04   4862200
     180           179              0.2065523896E+02  0.2054048763E+02   0.3697287774E+04   4847100
     181           180              0.2065785723E+02  0.2054372542E+02   0.3718414301E+04   4832000
     182           181              0.2066042255E+02  0.2054690375E+02   0.3739536482E+04   4816900
     183           182              0.2066293131E+02  0.2055001912E+02   0.3760653498E+04   4801800
     184           183              0.2066542184E+02  0.2055310977E+02   0.3781772197E+04   4786700
     185           184              0.2066788170E+02  0.2055616342E+02   0.3802890232E+04   4771600
     186           185              0.2067031667E+02  0.2055918594E+02   0.3824008584E+04   4756500
     187           186              0.2067277791E+02  0.2056222830E+02   0.3845136691E+04   4741400
     188           187              0.2067523238E+02  0.2056525774E+02   0.3866268455E+04   4726300
     189           188              0.2067769834E+02  0.2056829253E+02   0.3887407288E+04   4711200
     190           189              0.2068016748E+02  0.2057132449E+02   0.3908551653E+04   4696100
     191           190              0.2068262710E+02  0.2057434109E+02   0.3929699149E+04   4681000
     192           191              0.2068513212E+02  0.2057739706E+02   0.3950860235E+04   4665900
     193           192              0.2068762517E+02  0.2058043541E+02   0.3972024033E+04   4650800
     194           193              0.2069013922E+02  0.2058348902E+02   0.3993196869E+04   4635700
     195           194              0.2069262679E+02  0.2058651076E+02   0.4014369597E+04   4620600
     196           195              0.2069513027E+02  0.2058954287E+02   0.4035550403E+04   4605500
     197           196              0.2069762768E+02  0.2059256358E+02   0.4056735025E+04   4590400
     198           197              0.2070013802E+02  0.2059559187E+02   0.4077927190E+04   4575300
     199           198              0.2070267602E+02  0.2059864247E+02   0.4099129851E+04   4560200
     200           199              0.2070522890E+02  0.2060170275E+02   0.4120340551E+04   4545100
     201           200              0.2070780061E+02  0.2060477672E+02   0.4141560122E+04   4530000
     202           201              0.2071037668E+02  0.2060785007E+02   0.4162785714E+04   4514900
     203           202              0.2071295256E+02  0.2061091831E+02   0.4184016417E+04   4499800
     204           203              0.2071554366E+02  0.2061399687E+02   0.4205255362E+04   4484700
     205           204              0.2071814456E+02  0.2061708044E+02   0.4226501490E+04   4469600
     206           205              0.2072074021E+02  0.2062015409E+02   0.4247751743E+04   4454500
     207           206              0.2072336054E+02  0.2062324768E+02   0.4269012271E+04   4439400
     208           207              0.2072599240E+02  0.2062634821E+02   0.4290280427E+04   4424300
     209           208              0.2072865209E+02  0.2062947194E+02   0.4311559635E+04   4409200
     210           209              0.2073130578E+02  0.2063258528E+02   0.4332842908E+04   4394100
     211           210              0.2073395842E+02  0.2063569321E+02   0.4354131268E+04   4379000
     212           211              0.2073659349E+02  0.2063877937E+02   0.4375421227E+04   4363900
     213           212              0.2073922496E+02  0.2064185771E+02   0.4396715692E+04   4348800
     214           213              0.2074185237E+02  0.2064492783E+02   0.4418014556E+04   4333700
     215           214              0.2074448602E+02  0.2064800004E+02   0.4439320008E+04   4318600
     216           215              0.2074713321E+02  0.2065108167E+02   0.4460633641E+04   4303500
     217           216              0.2074978597E+02  0.2065416483E+02   0.4481953769E+04   4288400
     218           217              0.2075244551E+02  0.2065725081E+02   0.4503280676E+04   4273300
     219           218              0.2075509148E+02  0.2066031937E+02   0.4524609942E+04   4258200
     220           219              0.2075773647E+02  0.2066338312E+02   0.4545944286E+04   4243100
     221           220              0.2076036789E+02  0.2066642957E+02   0.4567280935E+04   4228000
     222           221              0.2076299011E+02  0.2066946313E+02   0.4588620814E+04   4212900
     223           222              0.2076559659E+02  0.2067247732E+02   0.4609962443E+04   4197800
     224           223              0.2076819088E+02  0.2067547574E+02   0.4631306566E+04   4182700
     225           224              0.2077079779E+02  0.2067848313E+02   0.4652658704E+04   4167600
     226           225              0.2077343230E+02  0.2068151446E+02   0.4674022268E+04   4152500
     227           226              0.2077608765E+02  0.2068456304E+02   0.4695395810E+04   4137400
     228           227              0.2077877353E+02  0.2068763856E+02   0.4716781592E+04   4122300
     229           228              0.2078149277E+02  0.2069074389E+02   0.4738180352E+04   4107200
     230           229              0.2078424252E+02  0.2069387624E+02   0.4759591536E+04   4092100
     231           230              0.2078703351E+02  0.2069704635E+02   0.4781017706E+04   4077000
     232           231              0.2078981202E+02  0.2070020076E+02   0.4802446576E+04   4061900
     233           232              0.2079258476E+02  0.2070334620E+02   0.4823879665E+04   4046800
     234           233              0.2079536534E+02  0.2070649626E+02   0.4845320124E+04   4031700
     235           234              0.2079813444E+02  0.2070963174E+02   0.4866763459E+04   4016600
     236           235              0.2080087770E+02  0.2071273839E+02   0.4888206260E+04   4001500
     237           236              0.2080361101E+02  0.2071583206E+02   0.4909652199E+04   3986400
     238           237              0.2080631795E+02  0.2071889644E+02   0.4931097353E+04   3971300
     239           238              0.2080902081E+02  0.2072195378E+02   0.4952546953E+04   3956200
     240           239              0.2081171751E+02  0.2072500202E+02   0.4974000484E+04   3941100
     241           240              0.2081440419E+02  0.2072803736E+02   0.4995457005E+04   3926000
     242           241              0.2081707985E+02  0.2073105886E+02   0.5016916244E+04   3910900
     243           242              0.2081979608E+02  0.2073411791E+02   0.5038390651E+04   3895800
     244           243              0.2082253797E+02  0.2073719970E+02   0.5059876726E+04   3880700
     245           244              0.2082531014E+02  0.2074030888E+02   0.5081375675E+04   3865600
     246           245              0.2082810743E+02  0.2074344033E+02   0.5102886321E+04   3850500
     247           246              0.2083091843E+02  0.2074658273E+02   0.5124405933E+04   3835400
     248           247              0.2083373907E+02  0.2074973206E+02   0.5145933550E+04   3820300
     249           248              0.2083657709E+02  0.2075289605E+02   0.5167471117E+04   3805200
     250           249              0.2083940004E+02  0.2075604244E+02   0.5189010611E+04   3790100
     251           250              0.2084222552E+02  0.2075918876E+02   0.5210556379E+04   3775000
     252           251              0.2084506056E+02  0.2076234207E+02   0.5232110201E+04   3759900
     253           252              0.2084789364E+02  0.2076549090E+02   0.5253669197E+04   3744800
     254           253              0.2085072651E+02  0.2076863704E+02   0.5275233807E+04   3729700
     255           254              0.2085354378E+02  0.2077176518E+02   0.5296800121E+04   3714600
     256           255              0.2085636101E+02  0.2077489085E+02   0.5318372058E+04   3699500
     257           256              0.2085911390E+02  0.2077795003E+02   0.5339933158E+04   3684400
     258           257              0.2086185975E+02  0.2078099983E+02   0.5361497957E+04   3669300
     259           258              0.2086453990E+02  0.2078398183E+02   0.5383051295E+04   3654200
     260           259              0.2086717236E+02  0.2078691400E+02   0.5404597640E+04   3639100
     261           260              0.2086974524E+02  0.2078978453E+02   0.5426133764E+04   3624000
     262           261              0.2087227450E+02  0.2079260933E+02   0.5447663645E+04   3608900
     263           262              0.2087472838E+02  0.2079535679E+02   0.5469178837E+04   3593800
     264           263              0.2087710518E+02  0.2079802523E+02   0.5490678662E+04   3578700
     265           264              0.2087940566E+02  0.2080061545E+02   0.5512163095E+04   3563600
     266           265              0.2088164593E+02  0.2080314350E+02   0.5533636172E+04   3548500
     267           266              0.2088386055E+02  0.2080564385E+02   0.5555106907E+04   3533400
     268           267              0.2088606171E+02  0.2080812865E+02   0.5576578477E+04   3518300
     269           268              0.2088820540E+02  0.2081055408E+02   0.5598039047E+04   3503200
     270           269              0.2089032882E+02  0.2081295723E+02   0.5619498453E+04   3488100
     271           270              0.2089242236E+02  0.2081532855E+02   0.5640954038E+04   3473000
     272           271              0.2089451918E+02  0.2081770110E+02   0.5662414699E+04   3457900
     273           272              0.2089660328E+02  0.2082005894E+02   0.5683876091E+04   3442800
     274           273              0.2089870434E+02  0.2082243169E+02   0.5705346284E+04   3427700
     275           274              0.2090080308E+02  0.2082480016E+02   0.5726820044E+04   3412600
     276           275              0.2090287730E+02  0.2082714224E+02   0.5748291259E+04   3397500
     277           276              0.2090497527E+02  0.2082950605E+02   0.5769773175E+04   3382400
     278           277              0.2090704072E+02  0.2083183554E+02   0.5791250280E+04   3367300
     279           278              0.2090914798E+02  0.2083420480E+02   0.5812743139E+04   3352200
     280           279              0.2091121049E+02  0.2083652760E+02   0.5834227727E+04   3337100
     281           280              0.2091326417E+02  0.2083883974E+02   0.5855713968E+04   3322000
     282           281              0.2091532534E+02  0.2084115752E+02   0.5877206422E+04   3306900
     283           282              0.2091736313E+02  0.2084345019E+02   0.5898696404E+04   3291800
     284           283              0.2091941917E+02  0.2084575924E+02   0.5920195625E+04   3276700
     285           284              0.2092146876E+02  0.2084806010E+02   0.5941697128E+04   3261600
     286           285              0.2092350369E+02  0.2085034459E+02   0.5963198552E+04   3246500
     287           286              0.2092557007E+02  0.2085265868E+02   0.5984713041E+04   3231400
     288           287              0.2092760650E+02  0.2085494120E+02   0.6006223065E+04   3216300
     289           288              0.2092964685E+02  0.2085722593E+02   0.6027738293E+04   3201200
     290           289              0.2093169942E+02  0.2085952115E+02   0.6049261133E+04   3186100
     291           290              0.2093372696E+02  0.2086178976E+02   0.6070780820E+04   3171000
     292           291              0.2093574372E+02  0.2086404597E+02   0.6092301424E+04   3155900
     293           292              0.2093773741E+02  0.2086627755E+02   0.6113819323E+04   3140800
     294           293              0.2093971474E+02  0.2086849122E+02   0.6135336420E+04   3125700
     295           294              0.2094167353E+02  0.2087068480E+02   0.6156852016E+04   3110600
     296           295              0.2094359106E+02  0.2087283568E+02   0.6178359361E+04   3095500
     297           296              0.2094550070E+02  0.2087497712E+02   0.6199868206E+04   3080400
     298           297              0.2094735680E+02  0.2087706365E+02   0.6221364968E+04   3065300
     299           298              0.2094917982E+02  0.2087911567E+02   0.6242855585E+04   3050200
     300           299              0.2095095169E+02  0.2088111519E+02   0.6264334556E+04   3035100
     301           300              0.2095268898E+02  0.2088307872E+02   0.6285806695E+04   3020000
     302           301              0.2095438687E+02  0.2088500148E+02   0.6307270447E+04   3004900
     303           302              0.2095605045E+02  0.2088688857E+02   0.6328727235E+04   2989800
     304           303              0.2095765255E+02  0.2088871291E+02   0.6350168724E+04   2974700
     305           304              0.2095919694E+02  0.2089047827E+02   0.6371595871E+04   2959600
     306           305              0.2096069245E+02  0.2089219346E+02   0.6393011198E+04   2944500
     307           306              0.2096215818E+02  0.2089387753E+02   0.6414420403E+04   2929400
     308           307              0.2096362048E+02  0.2089555678E+02   0.6435831488E+04   2914300
     309           308              0.2096509015E+02  0.2089724196E+02   0.6457247766E+04   2899200
     310           309              0.2096661732E+02  0.2089898307E+02   0.6478684750E+04   2884100
     311           310              0.2096815909E+02  0.2090073736E+02   0.6500129318E+04   2869000
     312           311              0.2096975250E+02  0.2090254175E+02   0.6521593026E+04   2853900
     313           312              0.2097135837E+02  0.2090435723E+02   0.6543063812E+04   2838800
     314           313              0.2097303171E+02  0.2090623861E+02   0.6564558925E+04   2823700
     315           314              0.2097474308E+02  0.2090815660E+02   0.6586069329E+04   2808600
     316           315              0.2097647604E+02  0.2091009479E+02   0.6607589952E+04   2793500
     317           316              0.2097820534E+02  0.2091202804E+02   0.6629112889E+04   2778400
     318           317              0.2097997555E+02  0.2091400079E+02   0.6650652250E+04   2763300
     319           318              0.2098173887E+02  0.2091596539E+02   0.6672192960E+04   2748200
     320           319              0.2098349396E+02  0.2091792055E+02   0.6693734575E+04   2733100
     321           320              0.2098527049E+02  0.2091989582E+02   0.6715286558E+04   2718000
     322           321              0.2098704574E+02  0.2092186858E+02   0.6736841683E+04   2702900
     323           322              0.2098883215E+02  0.2092385124E+02   0.6758403952E+04   2687800
     324           323              0.2099063395E+02  0.2092584804E+02   0.6779974766E+04   2672700
     325           324              0.2099244155E+02  0.2092784943E+02   0.6801551064E+04   2657600
     326           325              0.2099425252E+02  0.2092985297E+02   0.6823132068E+04   2642500
     327           326              0.2099605230E+02  0.2093184418E+02   0.6844713048E+04   2627400
     328           327              0.2099782560E+02  0.2093380784E+02   0.6866288972E+04   2612300
     329           328              0.2099960926E+02  0.2093578066E+02   0.6887871837E+04   2597200
     330           329              0.2100142448E+02  0.2093778380E+02   0.6909468653E+04   2582100
     331           330              0.2100324653E+02  0.2093979261E+02   0.6931071354E+04   2567000
     332           331              0.2100509710E+02  0.2094182874E+02   0.6952687140E+04   2551900
     333           332              0.2100695035E+02  0.2094386642E+02   0.6974307518E+04   2536800
     334           333              0.2100882948E+02  0.2094592879E+02   0.6995940216E+04   2521700
     335           334              0.2101073752E+02  0.2094801890E+02   0.7017586333E+04   2506600
     336           335              0.2101262214E+02  0.2095008458E+02   0.7039228417E+04   2491500
     337           336              0.2101454475E+02  0.2095218705E+02   0.7060887034E+04   2476400
     338           337              0.2101649503E+02  0.2095431605E+02   0.7082558824E+04   2461300
     339           338              0.2101846532E+02  0.2095646394E+02   0.7104241277E+04   2446200
     340           339              0.2102043074E+02  0.2095860594E+02   0.7125926021E+04   2431100
     341           340              0.2102238682E+02  0.2096073759E+02   0.7147611519E+04   2416000
     342           341              0.2102436677E+02  0.2096289201E+02   0.7169309067E+04   2400900
     343           342              0.2102632925E+02  0.2096502800E+02   0.7191004603E+04   2385800
     344           343              0.2102833616E+02  0.2096720727E+02   0.7212719301E+04   2370700
     345           344              0.2103034102E+02  0.2096938351E+02   0.7234437310E+04   2355600
     346           345              0.2103238301E+02  0.2097159578E+02   0.7256172139E+04   2340500
     347           346              0.2103445874E+02  0.2097384070E+02   0.7277922723E+04   2325400
     348           347              0.2103656980E+02  0.2097611988E+02   0.7299689720E+04   2310300
     349           348              0.2103873005E+02  0.2097844716E+02   0.7321478059E+04   2295200
     350           349              0.2104092657E+02  0.2098080964E+02   0.7343283373E+04   2280100
     351           350              0.2104316737E+02  0.2098321533E+02   0.7365108579E+04   2265000
     352           351              0.2104547067E+02  0.2098568241E+02   0.7386960207E+04   2249900
     353           352              0.2104784298E+02  0.2098821736E+02   0.7408840727E+04   2234800
     354           353              0.2105026563E+02  0.2099080160E+02   0.7430743766E+04   2219700
     355           354              0.2105277506E+02  0.2099347147E+02   0.7452682371E+04   2204600
     356           355              0.2105532243E+02  0.2099617826E+02   0.7474639462E+04   2189500
     357           356              0.2105799906E+02  0.2099901307E+02   0.7496647666E+04   2174400
     358           357              0.2106070669E+02  0.2100187790E+02   0.7518672287E+04   2159300
     359           358              0.2106345447E+02  0.2100478190E+02   0.7540716701E+04   2144200
     360           359              0.2106625446E+02  0.2100773709E+02   0.7562785352E+04   2129100
     361           360              0.2106907087E+02  0.2101070779E+02   0.7584865513E+04   2114000
     362           361              0.2107193739E+02  0.2101372762E+02   0.7606969398E+04   2098900
     363           362              0.2107481456E+02  0.2101675722E+02   0.7629082872E+04   2083800
     364           363              0.2107775086E+02  0.2101984495E+02   0.7651223561E+04   2068700
     365           364              0.2108069348E+02  0.2102293816E+02   0.7673372427E+04   2053600
     366           365              0.2108368367E+02  0.2102607798E+02   0.7695544541E+04   2038500
     367           366              0.2108671361E+02  0.2102925662E+02   0.7717737181E+04   2023400
     368           367              0.2108972779E+02  0.2103241875E+02   0.7739930100E+04   2008300
     369           368              0.2109275804E+02  0.2103559610E+02   0.7762134960E+04   1993200
     370           369              0.2109577622E+02  0.2103876061E+02   0.7784341424E+04   1978100
     371           370              0.2109878215E+02  0.2104191212E+02   0.7806549397E+04   1963000
     372           371              0.2110178357E+02  0.2104505835E+02   0.7828761705E+04   1947900
     373           372              0.2110476335E+02  0.2104818222E+02   0.7850971967E+04   1932800
     374           373              0.2110777591E+02  0.2105133801E+02   0.7873200416E+04   1917700
     375           374              0.2111081021E+02  0.2105451472E+02   0.7895443020E+04   1902600
     376           375              0.2111384625E+02  0.2105769241E+02   0.7917692345E+04   1887500
     377           376              0.2111688047E+02  0.2106086753E+02   0.7939947058E+04   1872400
     378           377              0.2111990218E+02  0.2106402942E+02   0.7962203122E+04   1857300
     379           378              0.2112290573E+02  0.2106717247E+02   0.7984458366E+04   1842200
     380           379              0.2112591328E+02  0.2107031877E+02   0.8006721133E+04   1827100
     381           380              0.2112883095E+02  0.2107337470E+02   0.8028955761E+04   1812000
     382           381              0.2113176571E+02  0.2107644696E+02   0.8051202737E+04   1796900
     383           382              0.2113460306E+02  0.2107942133E+02   0.8073418368E+04   1781800
     384           383              0.2113744285E+02  0.2108239742E+02   0.8095640610E+04   1766700
     385           384              0.2114021969E+02  0.2108531002E+02   0.8117844359E+04   1751600
     386           385              0.2114296030E+02  0.2108818579E+02   0.8140039716E+04   1736500
     387           386              0.2114562372E+02  0.2109098387E+02   0.8162210756E+04   1721400
     388           387              0.2114826645E+02  0.2109376061E+02   0.8184379116E+04   1706300
     389           388              0.2115080105E+02  0.2109642881E+02   0.8206510806E+04   1691200
     390           389              0.2115323558E+02  0.2109899651E+02   0.8228608639E+04   1676100
     391           390              0.2115564010E+02  0.2110153361E+02   0.8250699640E+04   1661000
     392           391              0.2115795160E+02  0.2110397723E+02   0.8272759075E+04   1645900
     393           392              0.2116023822E+02  0.2110639538E+02   0.8294813383E+04   1630800
     394           393              0.2116241484E+02  0.2110870313E+02   0.8316829033E+04   1615700
     395           394              0.2116460524E+02  0.2111102396E+02   0.8338854466E+04   1600600
     396           395              0.2116662818E+02  0.2111317710E+02   0.8360818130E+04   1585500
     397           396              0.2116860913E+02  0.2111528770E+02   0.8382769216E+04   1570400
     398           397              0.2117047489E+02  0.2111728274E+02   0.8404678530E+04   1555300
     399           398              0.2117226674E+02  0.2111920342E+02   0.8426562163E+04   1540200
     400           399              0.2117398602E+02  0.2112105106E+02   0.8448420423E+04   1525100
     401           400              0.2117574135E+02  0.2112293401E+02   0.8470296538E+04   1510000
     402           401              0.2117746404E+02  0.2112478379E+02   0.8492163082E+04   1494900
     403           402              0.2117915279E+02  0.2112659906E+02   0.8514019422E+04   1479800
     404           403              0.2118085823E+02  0.2112843036E+02   0.8535885867E+04   1464700
     405           404              0.2118254642E+02  0.2113024384E+02   0.8557748755E+04   1449600
     406           405              0.2118429350E+02  0.2113211544E+02   0.8579638868E+04   1434500
     407           406              0.2118603952E+02  0.2113398536E+02   0.8601532044E+04   1419400
     408           407              0.2118779380E+02  0.2113586294E+02   0.8623432077E+04   1404300
     409           408              0.2118952362E+02  0.2113771549E+02   0.8645325637E+04   1389200
     410           409              0.2119126237E+02  0.2113957636E+02   0.8667226309E+04   1374100
     411           410              0.2119300175E+02  0.2114143727E+02   0.8689130717E+04   1359000
     412           411              0.2119481838E+02  0.2114337464E+02   0.8711070354E+04   1343900
     413           412              0.2119664946E+02  0.2114532585E+02   0.8733019577E+04   1328800
     414           413              0.2119856127E+02  0.2114735701E+02   0.8755005804E+04   1313700
     415           414              0.2120044084E+02  0.2114935544E+02   0.8776982508E+04   1298600
     416           415              0.2120221603E+02  0.2115124917E+02   0.8798919654E+04   1283500
     417           416              0.2120392352E+02  0.2115307479E+02   0.8820832185E+04   1268400
     418           417              0.2120556415E+02  0.2115483314E+02   0.8842720252E+04   1253300
     419           418              0.2120722926E+02  0.2115661535E+02   0.8864621830E+04   1238200
     420           419              0.2120880886E+02  0.2115831170E+02   0.8886490912E+04   1223100
     421           420              0.2121035192E+02  0.2115997104E+02   0.8908347807E+04   1208000
     422           421              0.2121187558E+02  0.2116161048E+02   0.8930199621E+04   1192900
     423           422              0.2121338955E+02  0.2116323970E+02   0.8952050392E+04   1177800
     424           423              0.2121482995E+02  0.2116479497E+02   0.8973873067E+04   1162700
     425           424              0.2121623771E+02  0.2116631715E+02   0.8995684787E+04   1147600
     426           425              0.2121766506E+02  0.2116785833E+02   0.9017507649E+04   1132500
     427           426              0.2121907677E+02  0.2116938338E+02   0.9039326703E+04   1117400
     428           427              0.2122056337E+02  0.2117098262E+02   0.9061180560E+04   1102300
     429           428              0.2122195566E+02  0.2117248724E+02   0.9082997024E+04   1087200
     430           429              0.2122334002E+02  0.2117398341E+02   0.9104812868E+04   1072100
     431           430              0.2122465714E+02  0.2117541200E+02   0.9126602571E+04   1057000
     432           431              0.2122598102E+02  0.2117684680E+02   0.9148397820E+04   1041900
     433           432              0.2122727538E+02  0.2117825165E+02   0.9170182965E+04   1026800
     434           433              0.2122860322E+02  0.2117968939E+02   0.9191985195E+04   1011700
     435           434              0.2122996113E+02  0.2118115663E+02   0.9213803132E+04    996600
     436           435              0.2123129493E+02  0.2118259930E+02   0.9235613295E+04    981500
     437           436              0.2123262687E+02  0.2118403963E+02   0.9257425317E+04    966400
     438           437              0.2123392266E+02  0.2118544338E+02   0.9279224201E+04    951300
     439           438              0.2123515121E+02  0.2118677957E+02   0.9300996230E+04    936200
     440           439              0.2123633724E+02  0.2118807283E+02   0.9322752047E+04    921100
     441           440              0.2123746873E+02  0.2118931121E+02   0.9344486242E+04    906000
     442           441              0.2123858210E+02  0.2119053101E+02   0.9366214706E+04    890900
     443           442              0.2123953850E+02  0.2119159371E+02   0.9387876015E+04    875800
     444           443              0.2124037228E+02  0.2119253361E+02   0.9409484921E+04    860700
     445           444              0.2124113870E+02  0.2119340580E+02   0.9431065581E+04    845600
     446           445              0.2124178769E+02  0.2119416036E+02   0.9452595522E+04    830500
     447           446              0.2124228759E+02  0.2119476569E+02   0.9474060265E+04    815400
     448           447              0.2124272881E+02  0.2119531201E+02   0.9495499779E+04    800300
     449           448              0.2124307182E+02  0.2119575985E+02   0.9516896175E+04    785200
     450           449              0.2124324980E+02  0.2119604258E+02   0.9538219160E+04    770100
     451           450              0.2124335228E+02  0.2119624951E+02   0.9559508528E+04    755000
     452           451              0.2124330945E+02  0.2119631098E+02   0.9580732561E+04    739900
     453           452              0.2124324735E+02  0.2119635277E+02   0.9601947803E+04    724800
     454           453              0.2124315609E+02  0.2119636500E+02   0.9623149709E+04    709700
     455           454              0.2124305587E+02  0.2119636783E+02   0.9644347363E+04    694600
     456           455              0.2124295747E+02  0.2119637203E+02   0.9665545647E+04    679500
     457           456              0.2124279932E+02  0.2119631617E+02   0.9686716492E+04    664400
     458           457              0.2124248175E+02  0.2119610078E+02   0.9707814158E+04    649300
     459           458              0.2124224845E+02  0.2119596904E+02   0.9728949791E+04    634200
     460           459              0.2124195110E+02  0.2119577295E+02   0.9750055557E+04    619100
     461           460              0.2124177106E+02  0.2119569347E+02   0.9771214689E+04    604000
     462           461              0.2124151632E+02  0.2119553901E+02   0.9792339022E+04    588900
     463           462              0.2124120681E+02  0.2119532948E+02   0.9813437547E+04    573800
     464           463              0.2124086208E+02  0.2119508436E+02   0.9834519145E+04    558700
     465           464              0.2124045626E+02  0.2119477786E+02   0.9855571704E+04    543600
     466           465              0.2124005293E+02  0.2119447342E+02   0.9876624613E+04    528500
     467           466              0.2123963465E+02  0.2119415364E+02   0.9897669749E+04    513400
     468           467              0.2123909500E+02  0.2119371232E+02   0.9918657364E+04    498300
     469           468              0.2123864981E+02  0.2119336484E+02   0.9939688112E+04    483200
     470           469              0.2123794121E+02  0.2119275410E+02   0.9960594425E+04    468100
     471           470              0.2123715900E+02  0.2119206949E+02   0.9981464729E+04    453000
     472           471              0.2123624062E+02  0.2119124858E+02   0.1000226933E+05    437900
     473           472              0.2123526182E+02  0.2119036698E+02   0.1002304358E+05    422800
     474           473              0.2123434218E+02  0.2118954399E+02   0.1004384385E+05    407700
     475           474              0.2123359793E+02  0.2118889562E+02   0.1006472542E+05    392600
     476           475              0.2123268671E+02  0.2118808023E+02   0.1008552619E+05    377500
     477           476              0.2123185625E+02  0.2118734502E+02   0.1010636358E+05    362400
     478           477              0.2123096548E+02  0.2118654924E+02   0.1012717054E+05    347300
     479           478              0.2123015556E+02  0.2118583373E+02   0.1014801436E+05    332200
     480           479              0.2122935851E+02  0.2118513068E+02   0.1016886272E+05    317100
     481           480              0.2122886468E+02  0.2118472983E+02   0.1018985505E+05    302000
     482           481              0.2122832944E+02  0.2118428726E+02   0.1021082646E+05    286900
     483           482              0.2122775052E+02  0.2118380072E+02   0.1023177575E+05    271800
     484           483              0.2122702611E+02  0.2118316862E+02   0.1025265361E+05    256700
     485           484              0.2122623199E+02  0.2118246656E+02   0.1027349628E+05    241600
     486           485              0.2122539246E+02  0.2118171881E+02   0.1029431534E+05    226500
     487           486              0.2122390082E+02  0.2118031992E+02   0.1031481580E+05    211400
     488           487              0.2122253839E+02  0.2117904958E+02   0.1033537619E+05    196300
     489           488              0.2122098769E+02  0.2117759099E+02   0.1035584199E+05    181200
     490           489              0.2121890472E+02  0.2117560083E+02   0.1037604441E+05    166100
     491           490              0.2121679163E+02  0.2117358024E+02   0.1039622790E+05    151000
     492           491              0.2121405809E+02  0.2117094009E+02   0.1041610252E+05    135900
     493           492              0.2121199816E+02  0.2116897179E+02   0.1043630309E+05    120800
     494           493              0.2120956773E+02  0.2116663338E+02   0.1045631689E+05    105700
     495           494              0.2120662560E+02  0.2116378393E+02   0.1047607305E+05     90600
     496           495              0.2120349473E+02  0.2116074575E+02   0.1049572989E+05     75500
     497           496              0.2120061658E+02  0.2115795940E+02   0.1051550582E+05     60400
     498           497              0.2119879950E+02  0.2115623163E+02   0.1053580335E+05     45300
     499           498              0.2119702008E+02  0.2115454109E+02   0.1055611600E+05     30200
     500           499              0.2119282921E+02  0.2115044355E+02   0.1057522177E+05     15100
