0.0 1 0.00015820281601012498
1.0 0 0.0
2.0 3 0.0004746084480303749
3.0 1 0.00015820281601012498
4.0 1 0.00015820281601012498
5.0 2 0.00031640563202024995
6.0 1 0.00015820281601012498
7.0 0 0.0
8.0 1 0.00015820281601012498
9.0 1 0.00015820281601012498
10.0 0 0.0
11.0 0 0.0
12.0 1 0.00015820281601012498
13.0 1 0.00015820281601012498
14.0 0 0.0
15.0 2 0.00031640563202024995
16.0 1 0.00015820281601012498
17.0 2 0.00031640563202024995
18.0 0 0.0
19.0 1 0.00015820281601012498
20.0 1 0.00015820281601012498
21.0 4 0.0006328112640404999
22.0 2 0.00031640563202024995
23.0 1 0.00015820281601012498
24.0 2 0.00031640563202024995
25.0 4 0.0006328112640404999
26.0 2 0.00031640563202024995
27.0 2 0.00031640563202024995
28.0 5 0.0007910140800506249
29.0 4 0.0006328112640404999
30.0 4 0.0006328112640404999
31.0 3 0.0004746084480303749
32.0 4 0.0006328112640404999
33.0 7 0.0011074197120708748
34.0 4 0.0006328112640404999
35.0 8 0.0012656225280809998
36.0 6 0.0009492168960607498
37.0 6 0.0009492168960607498
38.0 5 0.0007910140800506249
39.0 8 0.0012656225280809998
40.0 13 0.0020566366081316246
41.0 9 0.0014238253440911248
42.0 9 0.0014238253440911248
43.0 13 0.0020566366081316246
44.0 7 0.0011074197120708748
45.0 11 0.0017402309761113748
46.0 17 0.0026894478721721246
47.0 12 0.0018984337921214996
48.0 15 0.0023730422401518746
49.0 19 0.0030058535041923747
50.0 19 0.0030058535041923747
51.0 20 0.0031640563202024997
52.0 27 0.004271476032273375
53.0 21 0.0033222591362126247
54.0 18 0.0028476506881822496
55.0 24 0.0037968675842429992
56.0 18 0.0028476506881822496
57.0 18 0.0028476506881822496
58.0 16 0.0025312450561619996
59.0 18 0.0028476506881822496
60.0 15 0.0023730422401518746
61.0 15 0.0023730422401518746
62.0 30 0.004746084480303749
63.0 17 0.0026894478721721246
64.0 28 0.004429678848283499
65.0 28 0.004429678848283499
66.0 30 0.004746084480303749
67.0 27 0.004271476032273375
68.0 34 0.005378895744344249
69.0 26 0.004113273216263249
70.0 19 0.0030058535041923747
71.0 25 0.003955070400253125
72.0 17 0.0026894478721721246
73.0 25 0.003955070400253125
74.0 20 0.0031640563202024997
75.0 18 0.0028476506881822496
76.0 23 0.0036386647682328747
77.0 14 0.0022148394241417496
78.0 16 0.0025312450561619996
79.0 15 0.0023730422401518746
80.0 14 0.0022148394241417496
81.0 15 0.0023730422401518746
82.0 16 0.0025312450561619996
83.0 16 0.0025312450561619996
84.0 17 0.0026894478721721246
85.0 6 0.0009492168960607498
86.0 11 0.0017402309761113748
87.0 11 0.0017402309761113748
88.0 6 0.0009492168960607498
89.0 15 0.0023730422401518746
90.0 10 0.0015820281601012498
91.0 13 0.0020566366081316246
92.0 6 0.0009492168960607498
93.0 9 0.0014238253440911248
94.0 6 0.0009492168960607498
95.0 6 0.0009492168960607498
96.0 7 0.0011074197120708748
97.0 5 0.0007910140800506249
98.0 8 0.0012656225280809998
99.0 8 0.0012656225280809998
100.0 7 0.0011074197120708748
101.0 3 0.0004746084480303749
102.0 1 0.00015820281601012498
103.0 7 0.0011074197120708748
104.0 5 0.0007910140800506249
105.0 4 0.0006328112640404999
106.0 2 0.00031640563202024995
107.0 7 0.0011074197120708748
108.0 8 0.0012656225280809998
109.0 3 0.0004746084480303749
110.0 3 0.0004746084480303749
111.0 1 0.00015820281601012498
112.0 3 0.0004746084480303749
113.0 3 0.0004746084480303749
114.0 5 0.0007910140800506249
115.0 3 0.0004746084480303749
116.0 2 0.00031640563202024995
117.0 1 0.00015820281601012498
118.0 1 0.00015820281601012498
119.0 7 0.0011074197120708748
120.0 2 0.00031640563202024995
121.0 6 0.0009492168960607498
122.0 1 0.00015820281601012498
123.0 3 0.0004746084480303749
124.0 2 0.00031640563202024995
125.0 7 0.0011074197120708748
126.0 2 0.00031640563202024995
127.0 3 0.0004746084480303749
128.0 1 0.00015820281601012498
129.0 6 0.0009492168960607498
130.0 8 0.0012656225280809998
131.0 6 0.0009492168960607498
132.0 10 0.0015820281601012498
133.0 3 0.0004746084480303749
134.0 4 0.0006328112640404999
135.0 4 0.0006328112640404999
136.0 8 0.0012656225280809998
137.0 4 0.0006328112640404999
138.0 9 0.0014238253440911248
139.0 5 0.0007910140800506249
140.0 13 0.0020566366081316246
141.0 11 0.0017402309761113748
142.0 11 0.0017402309761113748
143.0 7 0.0011074197120708748
144.0 15 0.0023730422401518746
145.0 16 0.0025312450561619996
146.0 8 0.0012656225280809998
147.0 10 0.0015820281601012498
148.0 15 0.0023730422401518746
149.0 21 0.0033222591362126247
150.0 20 0.0031640563202024997
151.0 14 0.0022148394241417496
152.0 20 0.0031640563202024997
153.0 21 0.0033222591362126247
154.0 27 0.004271476032273375
155.0 22 0.0034804619522227497
156.0 25 0.003955070400253125
157.0 31 0.004904287296313875
158.0 29 0.004587881664293625
159.0 32 0.005062490112323999
160.0 37 0.005853504192374624
161.0 43 0.006802721088435374
162.0 54 0.00854295206454675
163.0 55 0.008701154880556873
164.0 49 0.007751937984496124
165.0 59 0.009333966144597373
166.0 60 0.009492168960607499
167.0 59 0.009333966144597373
168.0 50 0.00791014080050625
169.0 70 0.011074197120708748
170.0 56 0.008859357696566999
171.0 52 0.008226546432526499
172.0 63 0.009966777408637873
173.0 67 0.010599588672678373
174.0 74 0.011707008384749248
175.0 66 0.010441385856668248
176.0 66 0.010441385856668248
177.0 80 0.012656225280809999
178.0 82 0.012972630912830248
179.0 88 0.013921847808890999
180.0 91 0.014396456256921373
181.0 74 0.011707008384749248
182.0 86 0.013605442176870748
183.0 56 0.008859357696566999
184.0 72 0.011390602752728999
185.0 64 0.010124980224647999
186.0 83 0.013130833728840373
187.0 54 0.00854295206454675
188.0 59 0.009333966144597373
189.0 72 0.011390602752728999
190.0 67 0.010599588672678373
191.0 73 0.011548805568739124
192.0 56 0.008859357696566999
193.0 66 0.010441385856668248
194.0 59 0.009333966144597373
195.0 49 0.007751937984496124
196.0 46 0.007277329536465749
197.0 46 0.007277329536465749
198.0 45 0.007119126720455624
199.0 39 0.006169909824394874
200.0 38 0.006011707008384749
201.0 32 0.005062490112323999
202.0 39 0.006169909824394874
203.0 28 0.004429678848283499
204.0 30 0.004746084480303749
205.0 29 0.004587881664293625
206.0 14 0.0022148394241417496
207.0 23 0.0036386647682328747
208.0 19 0.0030058535041923747
209.0 14 0.0022148394241417496
210.0 15 0.0023730422401518746
211.0 18 0.0028476506881822496
212.0 24 0.0037968675842429992
213.0 8 0.0012656225280809998
214.0 14 0.0022148394241417496
215.0 7 0.0011074197120708748
216.0 8 0.0012656225280809998
217.0 7 0.0011074197120708748
218.0 11 0.0017402309761113748
219.0 5 0.0007910140800506249
220.0 2 0.00031640563202024995
221.0 13 0.0020566366081316246
222.0 5 0.0007910140800506249
223.0 5 0.0007910140800506249
224.0 8 0.0012656225280809998
225.0 8 0.0012656225280809998
226.0 5 0.0007910140800506249
227.0 5 0.0007910140800506249
228.0 8 0.0012656225280809998
229.0 4 0.0006328112640404999
230.0 10 0.0015820281601012498
231.0 5 0.0007910140800506249
232.0 9 0.0014238253440911248
233.0 3 0.0004746084480303749
234.0 7 0.0011074197120708748
235.0 4 0.0006328112640404999
236.0 4 0.0006328112640404999
237.0 8 0.0012656225280809998
238.0 6 0.0009492168960607498
239.0 4 0.0006328112640404999
240.0 2 0.00031640563202024995
241.0 6 0.0009492168960607498
242.0 6 0.0009492168960607498
243.0 4 0.0006328112640404999
244.0 7 0.0011074197120708748
245.0 3 0.0004746084480303749
246.0 3 0.0004746084480303749
247.0 8 0.0012656225280809998
248.0 4 0.0006328112640404999
249.0 3 0.0004746084480303749
250.0 3 0.0004746084480303749
251.0 11 0.0017402309761113748
252.0 5 0.0007910140800506249
253.0 5 0.0007910140800506249
254.0 5 0.0007910140800506249
255.0 6 0.0009492168960607498
256.0 5 0.0007910140800506249
257.0 4 0.0006328112640404999
258.0 6 0.0009492168960607498
259.0 5 0.0007910140800506249
260.0 7 0.0011074197120708748
261.0 10 0.0015820281601012498
262.0 12 0.0018984337921214996
263.0 9 0.0014238253440911248
264.0 11 0.0017402309761113748
265.0 11 0.0017402309761113748
266.0 11 0.0017402309761113748
267.0 13 0.0020566366081316246
268.0 7 0.0011074197120708748
269.0 10 0.0015820281601012498
270.0 19 0.0030058535041923747
271.0 19 0.0030058535041923747
272.0 18 0.0028476506881822496
273.0 27 0.004271476032273375
274.0 20 0.0031640563202024997
275.0 18 0.0028476506881822496
276.0 20 0.0031640563202024997
277.0 20 0.0031640563202024997
278.0 22 0.0034804619522227497
279.0 23 0.0036386647682328747
280.0 24 0.0037968675842429992
281.0 36 0.005695301376364499
282.0 24 0.0037968675842429992
283.0 31 0.004904287296313875
284.0 27 0.004271476032273375
285.0 23 0.0036386647682328747
286.0 36 0.005695301376364499
287.0 30 0.004746084480303749
288.0 33 0.005220692928334124
289.0 49 0.007751937984496124
290.0 33 0.005220692928334124
291.0 46 0.007277329536465749
292.0 41 0.006486315456415124
293.0 38 0.006011707008384749
294.0 52 0.008226546432526499
295.0 35 0.005537098560354374
296.0 45 0.007119126720455624
297.0 34 0.005378895744344249
298.0 43 0.006802721088435374
299.0 39 0.006169909824394874
300.0 29 0.004587881664293625
301.0 30 0.004746084480303749
302.0 42 0.006644518272425249
303.0 33 0.005220692928334124
304.0 24 0.0037968675842429992
305.0 36 0.005695301376364499
306.0 26 0.004113273216263249
307.0 36 0.005695301376364499
308.0 32 0.005062490112323999
309.0 25 0.003955070400253125
310.0 21 0.0033222591362126247
311.0 15 0.0023730422401518746
312.0 11 0.0017402309761113748
313.0 23 0.0036386647682328747
314.0 23 0.0036386647682328747
315.0 13 0.0020566366081316246
316.0 11 0.0017402309761113748
317.0 16 0.0025312450561619996
318.0 13 0.0020566366081316246
319.0 13 0.0020566366081316246
320.0 15 0.0023730422401518746
321.0 8 0.0012656225280809998
322.0 7 0.0011074197120708748
323.0 10 0.0015820281601012498
324.0 9 0.0014238253440911248
325.0 3 0.0004746084480303749
326.0 5 0.0007910140800506249
327.0 2 0.00031640563202024995
328.0 4 0.0006328112640404999
329.0 6 0.0009492168960607498
330.0 3 0.0004746084480303749
331.0 3 0.0004746084480303749
332.0 14 0.0022148394241417496
333.0 4 0.0006328112640404999
334.0 1 0.00015820281601012498
335.0 3 0.0004746084480303749
336.0 3 0.0004746084480303749
337.0 3 0.0004746084480303749
338.0 1 0.00015820281601012498
339.0 1 0.00015820281601012498
340.0 3 0.0004746084480303749
341.0 1 0.00015820281601012498
342.0 1 0.00015820281601012498
343.0 2 0.00031640563202024995
344.0 1 0.00015820281601012498
345.0 1 0.00015820281601012498
346.0 0 0.0
347.0 0 0.0
348.0 2 0.00031640563202024995
349.0 0 0.0
350.0 1 0.00015820281601012498
351.0 1 0.00015820281601012498
352.0 0 0.0
353.0 0 0.0
354.0 0 0.0
355.0 1 0.00015820281601012498
356.0 0 0.0
357.0 0 0.0
358.0 0 0.0
359.0 0 0.0
