[mol0]
0
4
7
10
13
16
19
22
25
28
31
34
37
40
43
46
49
52
55
58
61
64
67
70
73
76
79
82
85
88
91
94
97
100
103
106
109
112
115
118
121
124
127
130
133
136
139
142
145
148
151
154
157
160
163
166
169
172
175
178
181
184
187
190
193
196
199
202
205
208
211
214
217
220
223
226
229
232
235
238
241
244
247
250
253
256
259
262
265
268
271
274
277
280
283
286
289
292
295
298
301
304
307
310
313
316
319
322
325
328
331
334
337
340
343
346
349
352
355
358
361
364
367
370
373
376
379
382
385
388
391
394
397
400
403
406
409
412
415
418
421
424
427
430
433
436
439
442
445
448
[mol1]
452
456
459
462
465
468
471
474
477
480
483
486
489
492
495
498
501
504
507
510
513
516
519
522
525
528
531
534
537
540
543
546
549
552
555
558
561
564
567
570
573
576
579
582
585
588
591
594
597
600
603
606
609
612
615
618
621
624
627
630
633
636
639
642
645
648
651
654
657
660
663
666
669
672
675
678
681
684
687
690
693
696
699
702
705
708
711
714
717
720
723
726
729
732
735
738
741
744
747
750
753
756
759
762
765
768
771
774
777
780
783
786
789
792
795
798
801
804
807
810
813
816
819
822
825
828
831
834
837
840
843
846
849
852
855
858
861
864
867
870
873
876
879
882
885
888
891
894
897
900
[mol2]
904
908
911
914
917
920
923
926
929
932
935
938
941
944
947
950
953
956
959
962
965
968
971
974
977
980
983
986
989
992
995
998
1001
1004
1007
1010
1013
1016
1019
1022
1025
1028
1031
1034
1037
1040
1043
1046
1049
1052
1055
1058
1061
1064
1067
1070
1073
1076
1079
1082
1085
1088
1091
1094
1097
1100
1103
1106
1109
1112
1115
1118
1121
1124
1127
1130
1133
1136
1139
1142
1145
1148
1151
1154
1157
1160
1163
1166
1169
1172
1175
1178
1181
1184
1187
1190
1193
1196
1199
1202
1205
1208
1211
1214
1217
1220
1223
1226
1229
1232
1235
1238
1241
1244
1247
1250
1253
1256
1259
1262
1265
1268
1271
1274
1277
1280
1283
1286
1289
1292
1295
1298
1301
1304
1307
1310
1313
1316
1319
1322
1325
1328
1331
1334
1337
1340
1343
1346
1349
1352
[mol3]
1356
1360
1363
1366
1369
1372
1375
1378
1381
1384
1387
1390
1393
1396
1399
1402
1405
1408
1411
1414
1417
1420
1423
1426
1429
1432
1435
1438
1441
1444
1447
1450
1453
1456
1459
1462
1465
1468
1471
1474
1477
1480
1483
1486
1489
1492
1495
1498
1501
1504
1507
1510
1513
1516
1519
1522
1525
1528
1531
1534
1537
1540
1543
1546
1549
1552
1555
1558
1561
1564
1567
1570
1573
1576
1579
1582
1585
1588
1591
1594
1597
1600
1603
1606
1609
1612
1615
1618
1621
1624
1627
1630
1633
1636
1639
1642
1645
1648
1651
1654
1657
1660
1663
1666
1669
1672
1675
1678
1681
1684
1687
1690
1693
1696
1699
1702
1705
1708
1711
1714
1717
1720
1723
1726
1729
1732
1735
1738
1741
1744
1747
1750
1753
1756
1759
1762
1765
1768
1771
1774
1777
1780
1783
1786
1789
1792
1795
1798
1801
1804
