# ibin(Angstroms) PDF(A-1)
#=========================
    6.5000     0.0005
    7.5000     0.0005
    8.5000     0.0005
    9.5000     0.0010
   10.5000     0.0005
   11.5000     0.0020
   12.5000     0.0005
   13.5000     0.0020
   14.5000     0.0005
   15.5000     0.0010
   16.5000     0.0010
   17.5000     0.0015
   18.5000     0.0020
   19.5000     0.0025
   20.5000     0.0025
   21.5000     0.0015
   22.5000     0.0030
   23.5000     0.0035
   24.5000     0.0045
   25.5000     0.0015
   26.5000     0.0045
   27.5000     0.0035
   28.5000     0.0035
   29.5000     0.0075
   30.5000     0.0030
   31.5000     0.0050
   32.5000     0.0040
   33.5000     0.0030
   34.5000     0.0050
   35.5000     0.0080
   36.5000     0.0075
   37.5000     0.0085
   38.5000     0.0045
   39.5000     0.0070
   40.5000     0.0080
   41.5000     0.0105
   42.5000     0.0045
   43.5000     0.0100
   44.5000     0.0080
   45.5000     0.0100
   46.5000     0.0065
   47.5000     0.0115
   48.5000     0.0070
   49.5000     0.0075
   50.5000     0.0100
   51.5000     0.0095
   52.5000     0.0085
   53.5000     0.0120
   54.5000     0.0105
   55.5000     0.0105
   56.5000     0.0125
   57.5000     0.0100
   58.5000     0.0110
   59.5000     0.0075
   60.5000     0.0105
   61.5000     0.0145
   62.5000     0.0105
   63.5000     0.0105
   64.5000     0.0155
   65.5000     0.0105
   66.5000     0.0120
   67.5000     0.0105
   68.5000     0.0080
   69.5000     0.0100
   70.5000     0.0090
   71.5000     0.0110
   72.5000     0.0140
   73.5000     0.0100
   74.5000     0.0140
   75.5000     0.0080
   76.5000     0.0070
   77.5000     0.0100
   78.5000     0.0125
   79.5000     0.0140
   80.5000     0.0105
   81.5000     0.0120
   82.5000     0.0125
   83.5000     0.0100
   84.5000     0.0065
   85.5000     0.0140
   86.5000     0.0125
   87.5000     0.0120
   88.5000     0.0085
   89.5000     0.0090
   90.5000     0.0120
   91.5000     0.0100
   92.5000     0.0085
   93.5000     0.0120
   94.5000     0.0075
   95.5000     0.0075
   96.5000     0.0050
   97.5000     0.0050
   98.5000     0.0080
   99.5000     0.0075
  100.5000     0.0090
  101.5000     0.0055
  102.5000     0.0065
  103.5000     0.0065
  104.5000     0.0110
  105.5000     0.0090
  106.5000     0.0065
  107.5000     0.0085
  108.5000     0.0045
  109.5000     0.0075
  110.5000     0.0065
  111.5000     0.0040
  112.5000     0.0075
  113.5000     0.0035
  114.5000     0.0040
  115.5000     0.0040
  116.5000     0.0035
  117.5000     0.0060
  118.5000     0.0050
  119.5000     0.0035
  120.5000     0.0030
  121.5000     0.0045
  122.5000     0.0055
  123.5000     0.0055
  124.5000     0.0050
  125.5000     0.0030
  126.5000     0.0040
  127.5000     0.0050
  128.5000     0.0060
  129.5000     0.0045
  130.5000     0.0035
  131.5000     0.0045
  132.5000     0.0035
  133.5000     0.0015
  134.5000     0.0045
  135.5000     0.0030
  136.5000     0.0025
  137.5000     0.0025
  138.5000     0.0025
  139.5000     0.0010
  140.5000     0.0040
  141.5000     0.0010
  142.5000     0.0035
  143.5000     0.0015
  144.5000     0.0025
  145.5000     0.0010
  146.5000     0.0030
  147.5000     0.0005
  148.5000     0.0030
  149.5000     0.0020
  150.5000     0.0035
  151.5000     0.0015
  152.5000     0.0025
  153.5000     0.0040
  154.5000     0.0045
  155.5000     0.0020
  156.5000     0.0005
  157.5000     0.0020
  158.5000     0.0015
  159.5000     0.0015
  160.5000     0.0010
  161.5000     0.0010
  162.5000     0.0010
  163.5000     0.0020
  164.5000     0.0005
  165.5000     0.0005
  166.5000     0.0015
  167.5000     0.0005
  168.5000     0.0000
  169.5000     0.0015
  170.5000     0.0000
  171.5000     0.0005
  172.5000     0.0005
  173.5000     0.0015
  174.5000     0.0015
  175.5000     0.0010
  176.5000     0.0005
  177.5000     0.0015
  178.5000     0.0000
  179.5000     0.0015
  180.5000     0.0005
  181.5000     0.0005
  182.5000     0.0015
  183.5000     0.0000
  184.5000     0.0010
  185.5000     0.0000
  186.5000     0.0015
  187.5000     0.0005
  188.5000     0.0000
  189.5000     0.0005
  190.5000     0.0020
  191.5000     0.0015
  192.5000     0.0000
  193.5000     0.0015
  194.5000     0.0000
  195.5000     0.0000
  196.5000     0.0005
  197.5000     0.0000
  198.5000     0.0010
  199.5000     0.0010
  200.5000     0.0000
  201.5000     0.0005
  202.5000     0.0000
  203.5000     0.0000
  204.5000     0.0000
  205.5000     0.0000
  206.5000     0.0000
  207.5000     0.0010
  208.5000     0.0000
  209.5000     0.0000
  210.5000     0.0005
  211.5000     0.0005
  212.5000     0.0005
  213.5000     0.0005
  214.5000     0.0000
  215.5000     0.0005
  216.5000     0.0005
  217.5000     0.0000
  218.5000     0.0000
  219.5000     0.0000
  220.5000     0.0000
  221.5000     0.0000
  222.5000     0.0005
  223.5000     0.0000
  224.5000     0.0010
  225.5000     0.0000
  226.5000     0.0005
  227.5000     0.0010
  228.5000     0.0000
  229.5000     0.0005
  230.5000     0.0005
  231.5000     0.0005
  232.5000     0.0000
  233.5000     0.0000
  234.5000     0.0005
  235.5000     0.0000
  236.5000     0.0000
  237.5000     0.0000
  238.5000     0.0005
  239.5000     0.0000
  240.5000     0.0000
  241.5000     0.0010
  242.5000     0.0000
  243.5000     0.0000
  244.5000     0.0000
  245.5000     0.0000
  246.5000     0.0000
  247.5000     0.0000
  248.5000     0.0005
  249.5000     0.0000
  250.5000     0.0005
  251.5000     0.0005
  252.5000     0.0000
  253.5000     0.0000
  254.5000     0.0000
  255.5000     0.0000
  256.5000     0.0000
  257.5000     0.0000
  258.5000     0.0000
  259.5000     0.0005
  260.5000     0.0000
  261.5000     0.0000
  262.5000     0.0000
  263.5000     0.0000
  264.5000     0.0000
  265.5000     0.0005
  266.5000     0.0005
  267.5000     0.0005
  268.5000     0.0000
  269.5000     0.0000
  270.5000     0.0000
  271.5000     0.0000
  272.5000     0.0000
  273.5000     0.0000
  274.5000     0.0000
  275.5000     0.0000
  276.5000     0.0005
  277.5000     0.0000
  278.5000     0.0000
  279.5000     0.0000
  280.5000     0.0000
  281.5000     0.0000
  282.5000     0.0000
  283.5000     0.0000
  284.5000     0.0005
  285.5000     0.0000
  286.5000     0.0005
  287.5000     0.0000
  288.5000     0.0000
  289.5000     0.0005
  290.5000     0.0005
  291.5000     0.0000
  292.5000     0.0000
  293.5000     0.0000
  294.5000     0.0005
  295.5000     0.0000
  296.5000     0.0000
  297.5000     0.0005
  298.5000     0.0000
  299.5000     0.0000
  300.5000     0.0000
  301.5000     0.0000
  302.5000     0.0005
  303.5000     0.0000
  304.5000     0.0000
  305.5000     0.0000
  306.5000     0.0000
  307.5000     0.0000
  308.5000     0.0000
  309.5000     0.0000
  310.5000     0.0000
  311.5000     0.0000
  312.5000     0.0000
  313.5000     0.0000
  314.5000     0.0000
  315.5000     0.0000
  316.5000     0.0000
  317.5000     0.0000
  318.5000     0.0005
  319.5000     0.0000
  320.5000     0.0000
  321.5000     0.0005
  322.5000     0.0000
  323.5000     0.0000
  324.5000     0.0000
  325.5000     0.0000
  326.5000     0.0000
  327.5000     0.0000
  328.5000     0.0000
  329.5000     0.0000
  330.5000     0.0000
  331.5000     0.0000
  332.5000     0.0000
  333.5000     0.0000
  334.5000     0.0000
  335.5000     0.0000
  336.5000     0.0000
  337.5000     0.0000
  338.5000     0.0005
  339.5000     0.0000
  340.5000     0.0000
  341.5000     0.0000
  342.5000     0.0000
  343.5000     0.0000
  344.5000     0.0000
  345.5000     0.0000
  346.5000     0.0000
  347.5000     0.0000
  348.5000     0.0000
  349.5000     0.0000
  350.5000     0.0000
  351.5000     0.0000
  352.5000     0.0000
  353.5000     0.0000
  354.5000     0.0000
  355.5000     0.0000
  356.5000     0.0000
  357.5000     0.0000
  358.5000     0.0000
  359.5000     0.0000
  360.5000     0.0000
  361.5000     0.0000
  362.5000     0.0000
  363.5000     0.0000
  364.5000     0.0000
  365.5000     0.0000
  366.5000     0.0000
  367.5000     0.0000
  368.5000     0.0000
  369.5000     0.0000
  370.5000     0.0000
  371.5000     0.0000
  372.5000     0.0000
  373.5000     0.0000
  374.5000     0.0000
  375.5000     0.0005
  376.5000     0.0000
  377.5000     0.0000
  378.5000     0.0000
  379.5000     0.0000
  380.5000     0.0000
  381.5000     0.0000
  382.5000     0.0000
  383.5000     0.0000
  384.5000     0.0000
  385.5000     0.0000
  386.5000     0.0000
  387.5000     0.0000
  388.5000     0.0000
  389.5000     0.0000
  390.5000     0.0000
  391.5000     0.0000
  392.5000     0.0000
  393.5000     0.0000
  394.5000     0.0000
  395.5000     0.0000
  396.5000     0.0000
  397.5000     0.0000
  398.5000     0.0000
  399.5000     0.0000
  400.5000     0.0000
  401.5000     0.0000
  402.5000     0.0000
  403.5000     0.0000
  404.5000     0.0000
  405.5000     0.0000
  406.5000     0.0000
  407.5000     0.0000
  408.5000     0.0000
  409.5000     0.0000
  410.5000     0.0000
  411.5000     0.0000
  412.5000     0.0000
  413.5000     0.0000
  414.5000     0.0000
  415.5000     0.0000
  416.5000     0.0000
  417.5000     0.0000
  418.5000     0.0005
  419.5000     0.0000
  420.5000     0.0000
  421.5000     0.0000
  422.5000     0.0000
  423.5000     0.0000
  424.5000     0.0000
  425.5000     0.0000
  426.5000     0.0000
  427.5000     0.0000
  428.5000     0.0000
  429.5000     0.0000
  430.5000     0.0000
  431.5000     0.0000
  432.5000     0.0000
  433.5000     0.0000
  434.5000     0.0000
  435.5000     0.0000
  436.5000     0.0000
  437.5000     0.0000
  438.5000     0.0000
  439.5000     0.0000
  440.5000     0.0000
  441.5000     0.0000
  442.5000     0.0000
  443.5000     0.0000
  444.5000     0.0000
  445.5000     0.0000
  446.5000     0.0000
  447.5000     0.0000
  448.5000     0.0000
  449.5000     0.0000
  450.5000     0.0000
  451.5000     0.0000
  452.5000     0.0000
  453.5000     0.0000
  454.5000     0.0000
  455.5000     0.0000
  456.5000     0.0000
  457.5000     0.0000
  458.5000     0.0000
  459.5000     0.0000
  460.5000     0.0000
  461.5000     0.0000
  462.5000     0.0000
  463.5000     0.0000
  464.5000     0.0000
  465.5000     0.0000
  466.5000     0.0000
  467.5000     0.0000
  468.5000     0.0000
  469.5000     0.0000
  470.5000     0.0000
  471.5000     0.0000
  472.5000     0.0000
  473.5000     0.0000
  474.5000     0.0000
  475.5000     0.0000
  476.5000     0.0000
  477.5000     0.0000
  478.5000     0.0000
  479.5000     0.0000
  480.5000     0.0000
  481.5000     0.0000
  482.5000     0.0000
  483.5000     0.0000
  484.5000     0.0000
  485.5000     0.0000
  486.5000     0.0000
  487.5000     0.0000
  488.5000     0.0000
  489.5000     0.0000
  490.5000     0.0000
  491.5000     0.0000
  492.5000     0.0000
  493.5000     0.0000
  494.5000     0.0000
  495.5000     0.0000
  496.5000     0.0000
  497.5000     0.0000
  498.5000     0.0000
  499.5000     0.0000
  500.5000     0.0000
  501.5000     0.0000
  502.5000     0.0000
  503.5000     0.0000
  504.5000     0.0000
  505.5000     0.0000
  506.5000     0.0000
  507.5000     0.0000
  508.5000     0.0000
  509.5000     0.0000
  510.5000     0.0000
  511.5000     0.0000
  512.5000     0.0000
  513.5000     0.0000
  514.5000     0.0000
  515.5000     0.0000
  516.5000     0.0000
  517.5000     0.0000
  518.5000     0.0000
  519.5000     0.0000
  520.5000     0.0000
  521.5000     0.0000
  522.5000     0.0000
  523.5000     0.0000
  524.5000     0.0000
  525.5000     0.0000
  526.5000     0.0000
  527.5000     0.0000
  528.5000     0.0000
  529.5000     0.0000
  530.5000     0.0000
  531.5000     0.0000
  532.5000     0.0000
  533.5000     0.0000
  534.5000     0.0000
  535.5000     0.0000
  536.5000     0.0000
  537.5000     0.0000
  538.5000     0.0000
  539.5000     0.0000
  540.5000     0.0000
  541.5000     0.0000
  542.5000     0.0000
  543.5000     0.0000
  544.5000     0.0000
  545.5000     0.0000
  546.5000     0.0000
  547.5000     0.0000
  548.5000     0.0000
  549.5000     0.0000
  550.5000     0.0000
  551.5000     0.0000
  552.5000     0.0000
  553.5000     0.0000
  554.5000     0.0000
  555.5000     0.0000
  556.5000     0.0000
  557.5000     0.0000
  558.5000     0.0000
  559.5000     0.0000
  560.5000     0.0000
  561.5000     0.0000
  562.5000     0.0000
  563.5000     0.0000
  564.5000     0.0000
  565.5000     0.0000
  566.5000     0.0000
  567.5000     0.0000
  568.5000     0.0000
  569.5000     0.0000
  570.5000     0.0000
  571.5000     0.0000
  572.5000     0.0000
  573.5000     0.0000
  574.5000     0.0000
  575.5000     0.0000
  576.5000     0.0000
  577.5000     0.0000
  578.5000     0.0000
  579.5000     0.0000
  580.5000     0.0000
  581.5000     0.0000
  582.5000     0.0000
  583.5000     0.0000
  584.5000     0.0000
  585.5000     0.0000
  586.5000     0.0000
  587.5000     0.0000
  588.5000     0.0000
  589.5000     0.0000
  590.5000     0.0000
  591.5000     0.0000
  592.5000     0.0000
  593.5000     0.0000
  594.5000     0.0000
  595.5000     0.0000
  596.5000     0.0000
  597.5000     0.0000
  598.5000     0.0000
  599.5000     0.0000
  600.5000     0.0000
  601.5000     0.0000
  602.5000     0.0000
  603.5000     0.0000
  604.5000     0.0000
  605.5000     0.0000
  606.5000     0.0000
  607.5000     0.0000
  608.5000     0.0000
  609.5000     0.0000
  610.5000     0.0000
  611.5000     0.0000
  612.5000     0.0000
  613.5000     0.0000
  614.5000     0.0000
  615.5000     0.0000
  616.5000     0.0000
  617.5000     0.0000
  618.5000     0.0000
  619.5000     0.0000
  620.5000     0.0000
  621.5000     0.0000
  622.5000     0.0000
  623.5000     0.0000
  624.5000     0.0005
