# # of beads(n)  # of segments(m)      <Ree2>/m          <Ree2>/n       Ree(ilength)         Count
# -------------  ----------------      --------          --------       ------------         -----
       2             1              0.2372952172E+01  0.1186476086E+01   0.2372952172E+01   7534900
       3             2              0.3325129673E+01  0.2216753115E+01   0.6650259346E+01   7519800
       4             3              0.4566917622E+01  0.3425188216E+01   0.1370075287E+02   7504700
       5             4              0.5643301527E+01  0.4514641222E+01   0.2257320611E+02   7489600
       6             5              0.6666107521E+01  0.5555089601E+01   0.3333053760E+02   7474500
       7             6              0.7589791607E+01  0.6505535663E+01   0.4553874964E+02   7459400
       8             7              0.8443139149E+01  0.7387746755E+01   0.5910197404E+02   7444300
       9             8              0.9222131262E+01  0.8197450010E+01   0.7377705009E+02   7429200
      10             9              0.9938471693E+01  0.8944624524E+01   0.8944624524E+02   7414100
      11            10              0.1059539338E+02  0.9632175800E+01   0.1059539338E+03   7399000
      12            11              0.1119970095E+02  0.1026639253E+02   0.1231967104E+03   7383900
      13            12              0.1175546958E+02  0.1085120269E+02   0.1410656350E+03   7368800
      14            13              0.1226762696E+02  0.1139136790E+02   0.1594791505E+03   7353700
      15            14              0.1273980175E+02  0.1189048163E+02   0.1783572245E+03   7338600
      16            15              0.1317594260E+02  0.1235244619E+02   0.1976391390E+03   7323500
      17            16              0.1357911520E+02  0.1278034372E+02   0.2172658432E+03   7308400
      18            17              0.1395240133E+02  0.1317726792E+02   0.2371908226E+03   7293300
      19            18              0.1429843572E+02  0.1354588647E+02   0.2573718430E+03   7278200
      20            19              0.1461964850E+02  0.1388866607E+02   0.2777733215E+03   7263100
      21            20              0.1491814889E+02  0.1420776085E+02   0.2983629778E+03   7248000
      22            21              0.1519606476E+02  0.1450533454E+02   0.3191173599E+03   7232900
      23            22              0.1545501580E+02  0.1478305859E+02   0.3400103476E+03   7217800
      24            23              0.1569672524E+02  0.1504269502E+02   0.3610246805E+03   7202700
      25            24              0.1592258538E+02  0.1528568197E+02   0.3821420492E+03   7187600
      26            25              0.1613391535E+02  0.1551338014E+02   0.4033478837E+03   7172500
      27            26              0.1633193656E+02  0.1572705002E+02   0.4246303506E+03   7157400
      28            27              0.1651769384E+02  0.1592777620E+02   0.4459777337E+03   7142300
      29            28              0.1669212553E+02  0.1611653499E+02   0.4673795147E+03   7127200
      30            29              0.1685612130E+02  0.1629425059E+02   0.4888275177E+03   7112100
      31            30              0.1701046944E+02  0.1646174462E+02   0.5103140833E+03   7097000
      32            31              0.1715590332E+02  0.1661978134E+02   0.5318330029E+03   7081900
      33            32              0.1729305420E+02  0.1676902226E+02   0.5533777345E+03   7066800
      34            33              0.1742254000E+02  0.1691011235E+02   0.5749438200E+03   7051700
      35            34              0.1754490748E+02  0.1704362441E+02   0.5965268545E+03   7036600
      36            35              0.1766064889E+02  0.1717007531E+02   0.6181227112E+03   7021500
      37            36              0.1777028920E+02  0.1729001111E+02   0.6397304112E+03   7006400
      38            37              0.1787423939E+02  0.1740386467E+02   0.6613468576E+03   6991300
      39            38              0.1797286932E+02  0.1751202651E+02   0.6829690341E+03   6976200
      40            39              0.1806657683E+02  0.1761491241E+02   0.7045964964E+03   6961100
      41            40              0.1815566655E+02  0.1771284542E+02   0.7262266621E+03   6946000
      42            41              0.1824051075E+02  0.1780621287E+02   0.7478609407E+03   6930900
      43            42              0.1832134431E+02  0.1789526653E+02   0.7694964609E+03   6915800
      44            43              0.1839841744E+02  0.1798027159E+02   0.7911319499E+03   6900700
      45            44              0.1847200179E+02  0.1806151286E+02   0.8127680789E+03   6885600
      46            45              0.1854233267E+02  0.1813923848E+02   0.8344049700E+03   6870500
      47            46              0.1860962717E+02  0.1821367765E+02   0.8560428497E+03   6855400
      48            47              0.1867399171E+02  0.1828495021E+02   0.8776776102E+03   6840300
      49            48              0.1873567501E+02  0.1835331430E+02   0.8993124006E+03   6825200
      50            49              0.1879479770E+02  0.1841890174E+02   0.9209450871E+03   6810100
      51            50              0.1885154390E+02  0.1848190578E+02   0.9425771948E+03   6795000
      52            51              0.1890600065E+02  0.1854242371E+02   0.9642060330E+03   6779900
      53            52              0.1895830880E+02  0.1860060486E+02   0.9858320574E+03   6764800
      54            53              0.1900856469E+02  0.1865655423E+02   0.1007453928E+04   6749700
      55            54              0.1905688898E+02  0.1871040009E+02   0.1029072005E+04   6734600
      56            55              0.1910336394E+02  0.1876223244E+02   0.1050685017E+04   6719500
      57            56              0.1914810853E+02  0.1881217680E+02   0.1072294077E+04   6704400
      58            57              0.1919118149E+02  0.1886029905E+02   0.1093897345E+04   6689300
      59            58              0.1923270147E+02  0.1890672348E+02   0.1115496685E+04   6674200
      60            59              0.1927274657E+02  0.1895153413E+02   0.1137092048E+04   6659100
      61            60              0.1931135771E+02  0.1899477808E+02   0.1158681463E+04   6644000
      62            61              0.1934862471E+02  0.1903655012E+02   0.1180266107E+04   6628900
      63            62              0.1938460757E+02  0.1907691538E+02   0.1201845669E+04   6613800
      64            63              0.1941935457E+02  0.1911592716E+02   0.1223419338E+04   6598700
      65            64              0.1945292777E+02  0.1915365196E+02   0.1244987377E+04   6583600
      66            65              0.1948539319E+02  0.1919015996E+02   0.1266550558E+04   6568500
      67            66              0.1951681880E+02  0.1922552300E+02   0.1288110041E+04   6553400
      68            67              0.1954721540E+02  0.1925975635E+02   0.1309663432E+04   6538300
      69            68              0.1957667312E+02  0.1929295322E+02   0.1331213772E+04   6523200
      70            69              0.1960520208E+02  0.1932512776E+02   0.1352758944E+04   6508100
      71            70              0.1963286084E+02  0.1935634167E+02   0.1374300259E+04   6493000
      72            71              0.1965967074E+02  0.1938661975E+02   0.1395836622E+04   6477900
      73            72              0.1968570586E+02  0.1941603865E+02   0.1417370822E+04   6462800
      74            73              0.1971098362E+02  0.1944461897E+02   0.1438901804E+04   6447700
      75            74              0.1973557932E+02  0.1947243826E+02   0.1460432870E+04   6432600
      76            75              0.1975950198E+02  0.1949950853E+02   0.1481962648E+04   6417500
      77            76              0.1978280805E+02  0.1952588847E+02   0.1503493412E+04   6402400
      78            77              0.1980548434E+02  0.1955156788E+02   0.1525022295E+04   6387300
      79            78              0.1982758988E+02  0.1957660773E+02   0.1546552010E+04   6372200
      80            79              0.1984910067E+02  0.1960098691E+02   0.1568078953E+04   6357100
      81            80              0.1987003253E+02  0.1962472349E+02   0.1589602602E+04   6342000
      82            81              0.1989043553E+02  0.1964786924E+02   0.1611125278E+04   6326900
      83            82              0.1991028670E+02  0.1967040373E+02   0.1632643509E+04   6311800
      84            83              0.1992962479E+02  0.1969236736E+02   0.1654158858E+04   6296700
      85            84              0.1994843087E+02  0.1971374345E+02   0.1675668193E+04   6281600
      86            85              0.1996675993E+02  0.1973458830E+02   0.1697174594E+04   6266500
      87            86              0.1998458194E+02  0.1975487410E+02   0.1718674047E+04   6251400
      88            87              0.2000195796E+02  0.1977466298E+02   0.1740170342E+04   6236300
      89            88              0.2001888600E+02  0.1979395470E+02   0.1761661968E+04   6221200
      90            89              0.2003537117E+02  0.1981275594E+02   0.1783148034E+04   6206100
      91            90              0.2005141991E+02  0.1983107463E+02   0.1804627791E+04   6191000
      92            91              0.2006703339E+02  0.1984891346E+02   0.1826100038E+04   6175900
      93            92              0.2008222635E+02  0.1986628843E+02   0.1847564824E+04   6160800
      94            93              0.2009700213E+02  0.1988320424E+02   0.1869021198E+04   6145700
      95            94              0.2011140304E+02  0.1989970406E+02   0.1890471886E+04   6130600
      96            95              0.2012541435E+02  0.1991577462E+02   0.1911914363E+04   6115500
      97            96              0.2013904451E+02  0.1993142549E+02   0.1933348273E+04   6100400
      98            97              0.2015231957E+02  0.1994668365E+02   0.1954774998E+04   6085300
      99            98              0.2016522958E+02  0.1996154039E+02   0.1976192499E+04   6070200
     100            99              0.2017779607E+02  0.1997601811E+02   0.1997601811E+04   6055100
     101           100              0.2019002491E+02  0.1999012367E+02   0.2019002491E+04   6040000
     102           101              0.2020191075E+02  0.2000385280E+02   0.2040392986E+04   6024900
     103           102              0.2021348354E+02  0.2001723613E+02   0.2061775321E+04   6009800
     104           103              0.2022472604E+02  0.2003025752E+02   0.2083146782E+04   5994700
     105           104              0.2023567174E+02  0.2004295106E+02   0.2104509861E+04   5979600
     106           105              0.2024632276E+02  0.2005531971E+02   0.2125863890E+04   5964500
     107           106              0.2025672842E+02  0.2006741320E+02   0.2147213212E+04   5949400
     108           107              0.2026688218E+02  0.2007922587E+02   0.2168556394E+04   5934300
     109           108              0.2027680506E+02  0.2009077932E+02   0.2189894946E+04   5919200
     110           109              0.2028652486E+02  0.2010210190E+02   0.2211231209E+04   5904100
     111           110              0.2029603805E+02  0.2011319086E+02   0.2232564186E+04   5889000
     112           111              0.2030533830E+02  0.2012404063E+02   0.2253892551E+04   5873900
     113           112              0.2031443387E+02  0.2013466012E+02   0.2275216594E+04   5858800
     114           113              0.2032331633E+02  0.2014504162E+02   0.2296534745E+04   5843700
     115           114              0.2033198446E+02  0.2015518460E+02   0.2317846228E+04   5828600
     116           115              0.2034047267E+02  0.2016512376E+02   0.2339154357E+04   5813500
     117           116              0.2034877863E+02  0.2017485744E+02   0.2360458321E+04   5798400
     118           117              0.2035688424E+02  0.2018436827E+02   0.2381755456E+04   5783300
     119           118              0.2036480025E+02  0.2019366747E+02   0.2403046429E+04   5768200
     120           119              0.2037254240E+02  0.2020277121E+02   0.2424332545E+04   5753100
     121           120              0.2038010642E+02  0.2021167579E+02   0.2445612770E+04   5738000
     122           121              0.2038749156E+02  0.2022038097E+02   0.2466886479E+04   5722900
     123           122              0.2039470635E+02  0.2022889572E+02   0.2488154174E+04   5707800
     124           123              0.2040180008E+02  0.2023726943E+02   0.2509421410E+04   5692700
     125           124              0.2040873210E+02  0.2024546224E+02   0.2530682780E+04   5677600
     126           125              0.2041554520E+02  0.2025351706E+02   0.2551943150E+04   5662500
     127           126              0.2042222744E+02  0.2026142250E+02   0.2573200658E+04   5647400
     128           127              0.2042879218E+02  0.2026919225E+02   0.2594456607E+04   5632300
     129           128              0.2043522668E+02  0.2027681407E+02   0.2615709015E+04   5617200
     130           129              0.2044154197E+02  0.2028429934E+02   0.2636958915E+04   5602100
     131           130              0.2044771231E+02  0.2029162290E+02   0.2658202600E+04   5587000
     132           131              0.2045378749E+02  0.2029883456E+02   0.2679446161E+04   5571900
     133           132              0.2045974200E+02  0.2030590935E+02   0.2700685944E+04   5556800
     134           133              0.2046560994E+02  0.2031288151E+02   0.2721926123E+04   5541700
     135           134              0.2047140293E+02  0.2031976291E+02   0.2743167992E+04   5526600
     136           135              0.2047710154E+02  0.2032653461E+02   0.2764408707E+04   5511500
     137           136              0.2048273503E+02  0.2033322601E+02   0.2785651964E+04   5496400
     138           137              0.2048826657E+02  0.2033980087E+02   0.2806892520E+04   5481300
     139           138              0.2049372578E+02  0.2034628890E+02   0.2828134158E+04   5466200
     140           139              0.2049909055E+02  0.2035266847E+02   0.2849373586E+04   5451100
     141           140              0.2050438407E+02  0.2035896291E+02   0.2870613770E+04   5436000
     142           141              0.2050957928E+02  0.2036514563E+02   0.2891850679E+04   5420900
     143           142              0.2051471331E+02  0.2037125377E+02   0.2913089290E+04   5405800
     144           143              0.2051976915E+02  0.2037727075E+02   0.2934326988E+04   5390700
     145           144              0.2052476152E+02  0.2038321144E+02   0.2955565658E+04   5375600
     146           145              0.2052967560E+02  0.2038906138E+02   0.2976802962E+04   5360500
     147           146              0.2053450416E+02  0.2039481365E+02   0.2998037607E+04   5345400
     148           147              0.2053925301E+02  0.2040047428E+02   0.3019270193E+04   5330300
     149           148              0.2054394278E+02  0.2040606397E+02   0.3040503532E+04   5315200
     150           149              0.2054855528E+02  0.2041156491E+02   0.3061734737E+04   5300100
     151           150              0.2055310712E+02  0.2041699383E+02   0.3082966068E+04   5285000
     152           151              0.2055757019E+02  0.2042232302E+02   0.3104193099E+04   5269900
     153           152              0.2056195978E+02  0.2042756788E+02   0.3125417886E+04   5254800
     154           153              0.2056624354E+02  0.2043269651E+02   0.3146635262E+04   5239700
     155           154              0.2057045915E+02  0.2043774651E+02   0.3167850709E+04   5224600
     156           155              0.2057460067E+02  0.2044271221E+02   0.3189063104E+04   5209500
     157           156              0.2057866883E+02  0.2044759450E+02   0.3210272337E+04   5194400
     158           157              0.2058267757E+02  0.2045240746E+02   0.3231480379E+04   5179300
     159           158              0.2058658555E+02  0.2045711017E+02   0.3252680517E+04   5164200
     160           159              0.2059045378E+02  0.2046176344E+02   0.3273882151E+04   5149100
     161           160              0.2059423369E+02  0.2046631920E+02   0.3295077391E+04   5134000
     162           161              0.2059797865E+02  0.2047083063E+02   0.3316274563E+04   5118900
     163           162              0.2060169094E+02  0.2047530019E+02   0.3337473932E+04   5103800
     164           163              0.2060532710E+02  0.2047968486E+02   0.3358668317E+04   5088700
     165           164              0.2060891901E+02  0.2048401647E+02   0.3379862717E+04   5073600
     166           165              0.2061243822E+02  0.2048826690E+02   0.3401052306E+04   5058500
     167           166              0.2061592161E+02  0.2049247298E+02   0.3422242988E+04   5043400
     168           167              0.2061932164E+02  0.2049658759E+02   0.3443426715E+04   5028300
     169           168              0.2062263793E+02  0.2050061049E+02   0.3464603172E+04   5013200
     170           169              0.2062588487E+02  0.2050455613E+02   0.3485774543E+04   4998100
     171           170              0.2062905777E+02  0.2050842000E+02   0.3506939820E+04   4983000
     172           171              0.2063216464E+02  0.2051221020E+02   0.3528100154E+04   4967900
     173           172              0.2063522378E+02  0.2051594503E+02   0.3549258489E+04   4952800
     174           173              0.2063822623E+02  0.2051961573E+02   0.3570413137E+04   4937700
     175           174              0.2064119787E+02  0.2052324816E+02   0.3591568429E+04   4922600
     176           175              0.2064413422E+02  0.2052683800E+02   0.3612723488E+04   4907500
     177           176              0.2064700996E+02  0.2053036018E+02   0.3633873752E+04   4892400
     178           177              0.2064980607E+02  0.2053379592E+02   0.3655015674E+04   4877300
     179           178              0.2065256079E+02  0.2053718336E+02   0.3676155821E+04   4862200
     180           179              0.2065523892E+02  0.2054048760E+02   0.3697287767E+04   4847100
     181           180              0.2065785719E+02  0.2054372538E+02   0.3718414294E+04   4832000
     182           181              0.2066042252E+02  0.2054690371E+02   0.3739536475E+04   4816900
     183           182              0.2066293127E+02  0.2055001908E+02   0.3760653491E+04   4801800
     184           183              0.2066542180E+02  0.2055310973E+02   0.3781772190E+04   4786700
     185           184              0.2066788166E+02  0.2055616338E+02   0.3802890225E+04   4771600
     186           185              0.2067031663E+02  0.2055918590E+02   0.3824008577E+04   4756500
     187           186              0.2067277787E+02  0.2056222826E+02   0.3845136684E+04   4741400
     188           187              0.2067523234E+02  0.2056525770E+02   0.3866268447E+04   4726300
     189           188              0.2067769830E+02  0.2056829249E+02   0.3887407281E+04   4711200
     190           189              0.2068016744E+02  0.2057132445E+02   0.3908551646E+04   4696100
     191           190              0.2068262706E+02  0.2057434106E+02   0.3929699142E+04   4681000
     192           191              0.2068513208E+02  0.2057739702E+02   0.3950860228E+04   4665900
     193           192              0.2068762514E+02  0.2058043537E+02   0.3972024026E+04   4650800
     194           193              0.2069013918E+02  0.2058348898E+02   0.3993196862E+04   4635700
     195           194              0.2069262675E+02  0.2058651072E+02   0.4014369590E+04   4620600
     196           195              0.2069513023E+02  0.2058954283E+02   0.4035550395E+04   4605500
     197           196              0.2069762764E+02  0.2059256354E+02   0.4056735017E+04   4590400
     198           197              0.2070013798E+02  0.2059559183E+02   0.4077927183E+04   4575300
     199           198              0.2070267598E+02  0.2059864243E+02   0.4099129844E+04   4560200
     200           199              0.2070522886E+02  0.2060170272E+02   0.4120340543E+04   4545100
     201           200              0.2070780057E+02  0.2060477669E+02   0.4141560114E+04   4530000
     202           201              0.2071037665E+02  0.2060785003E+02   0.4162785706E+04   4514900
     203           202              0.2071295252E+02  0.2061091827E+02   0.4184016409E+04   4499800
     204           203              0.2071554362E+02  0.2061399684E+02   0.4205255354E+04   4484700
     205           204              0.2071814452E+02  0.2061708040E+02   0.4226501482E+04   4469600
     206           205              0.2072074017E+02  0.2062015405E+02   0.4247751735E+04   4454500
     207           206              0.2072336050E+02  0.2062324765E+02   0.4269012263E+04   4439400
     208           207              0.2072599236E+02  0.2062634817E+02   0.4290280419E+04   4424300
     209           208              0.2072865205E+02  0.2062947190E+02   0.4311559627E+04   4409200
     210           209              0.2073130574E+02  0.2063258524E+02   0.4332842900E+04   4394100
     211           210              0.2073395838E+02  0.2063569318E+02   0.4354131260E+04   4379000
     212           211              0.2073659346E+02  0.2063877934E+02   0.4375421219E+04   4363900
     213           212              0.2073922492E+02  0.2064185767E+02   0.4396715684E+04   4348800
     214           213              0.2074185234E+02  0.2064492779E+02   0.4418014548E+04   4333700
     215           214              0.2074448598E+02  0.2064800000E+02   0.4439320000E+04   4318600
     216           215              0.2074713317E+02  0.2065108163E+02   0.4460633633E+04   4303500
     217           216              0.2074978593E+02  0.2065416480E+02   0.4481953761E+04   4288400
     218           217              0.2075244547E+02  0.2065725077E+02   0.4503280668E+04   4273300
     219           218              0.2075509144E+02  0.2066031933E+02   0.4524609934E+04   4258200
     220           219              0.2075773643E+02  0.2066338308E+02   0.4545944278E+04   4243100
     221           220              0.2076036785E+02  0.2066642953E+02   0.4567280927E+04   4228000
     222           221              0.2076299007E+02  0.2066946309E+02   0.4588620806E+04   4212900
     223           222              0.2076559655E+02  0.2067247729E+02   0.4609962435E+04   4197800
     224           223              0.2076819084E+02  0.2067547570E+02   0.4631306558E+04   4182700
     225           224              0.2077079775E+02  0.2067848309E+02   0.4652658696E+04   4167600
     226           225              0.2077343226E+02  0.2068151442E+02   0.4674022260E+04   4152500
     227           226              0.2077608762E+02  0.2068456300E+02   0.4695395802E+04   4137400
     228           227              0.2077877349E+02  0.2068763852E+02   0.4716781583E+04   4122300
     229           228              0.2078149273E+02  0.2069074386E+02   0.4738180343E+04   4107200
     230           229              0.2078424248E+02  0.2069387621E+02   0.4759591528E+04   4092100
     231           230              0.2078703347E+02  0.2069704631E+02   0.4781017698E+04   4077000
     232           231              0.2078981198E+02  0.2070020072E+02   0.4802446567E+04   4061900
     233           232              0.2079258473E+02  0.2070334617E+02   0.4823879657E+04   4046800
     234           233              0.2079536530E+02  0.2070649622E+02   0.4845320115E+04   4031700
     235           234              0.2079813440E+02  0.2070963170E+02   0.4866763450E+04   4016600
     236           235              0.2080087766E+02  0.2071273835E+02   0.4888206251E+04   4001500
     237           236              0.2080361097E+02  0.2071583202E+02   0.4909652190E+04   3986400
     238           237              0.2080631791E+02  0.2071889640E+02   0.4931097344E+04   3971300
     239           238              0.2080902077E+02  0.2072195374E+02   0.4952546944E+04   3956200
     240           239              0.2081171747E+02  0.2072500198E+02   0.4974000475E+04   3941100
     241           240              0.2081440415E+02  0.2072803733E+02   0.4995456996E+04   3926000
     242           241              0.2081707981E+02  0.2073105882E+02   0.5016916234E+04   3910900
     243           242              0.2081979604E+02  0.2073411787E+02   0.5038390642E+04   3895800
     244           243              0.2082253793E+02  0.2073719966E+02   0.5059876717E+04   3880700
     245           244              0.2082531010E+02  0.2074030884E+02   0.5081375666E+04   3865600
     246           245              0.2082810739E+02  0.2074344029E+02   0.5102886311E+04   3850500
     247           246              0.2083091839E+02  0.2074658269E+02   0.5124405924E+04   3835400
     248           247              0.2083373903E+02  0.2074973202E+02   0.5145933541E+04   3820300
     249           248              0.2083657705E+02  0.2075289602E+02   0.5167471108E+04   3805200
     250           249              0.2083940001E+02  0.2075604241E+02   0.5189010601E+04   3790100
     251           250              0.2084222548E+02  0.2075918872E+02   0.5210556370E+04   3775000
     252           251              0.2084506052E+02  0.2076234203E+02   0.5232110191E+04   3759900
     253           252              0.2084789360E+02  0.2076549086E+02   0.5253669187E+04   3744800
     254           253              0.2085072647E+02  0.2076863700E+02   0.5275233797E+04   3729700
     255           254              0.2085354375E+02  0.2077176514E+02   0.5296800112E+04   3714600
     256           255              0.2085636097E+02  0.2077489081E+02   0.5318372049E+04   3699500
     257           256              0.2085911386E+02  0.2077794999E+02   0.5339933148E+04   3684400
     258           257              0.2086185972E+02  0.2078099979E+02   0.5361497947E+04   3669300
     259           258              0.2086453987E+02  0.2078398180E+02   0.5383051285E+04   3654200
     260           259              0.2086717232E+02  0.2078691396E+02   0.5404597630E+04   3639100
     261           260              0.2086974521E+02  0.2078978450E+02   0.5426133754E+04   3624000
     262           261              0.2087227446E+02  0.2079260929E+02   0.5447663635E+04   3608900
     263           262              0.2087472835E+02  0.2079535676E+02   0.5469178827E+04   3593800
     264           263              0.2087710514E+02  0.2079802520E+02   0.5490678652E+04   3578700
     265           264              0.2087940562E+02  0.2080061541E+02   0.5512163085E+04   3563600
     266           265              0.2088164589E+02  0.2080314347E+02   0.5533636162E+04   3548500
     267           266              0.2088386051E+02  0.2080564381E+02   0.5555106897E+04   3533400
     268           267              0.2088606167E+02  0.2080812861E+02   0.5576578467E+04   3518300
     269           268              0.2088820536E+02  0.2081055404E+02   0.5598039037E+04   3503200
     270           269              0.2089032878E+02  0.2081295719E+02   0.5619498442E+04   3488100
     271           270              0.2089242233E+02  0.2081532852E+02   0.5640954028E+04   3473000
     272           271              0.2089451915E+02  0.2081770106E+02   0.5662414689E+04   3457900
     273           272              0.2089660324E+02  0.2082005890E+02   0.5683876081E+04   3442800
     274           273              0.2089870430E+02  0.2082243165E+02   0.5705346273E+04   3427700
     275           274              0.2090080304E+02  0.2082480012E+02   0.5726820033E+04   3412600
     276           275              0.2090287727E+02  0.2082714220E+02   0.5748291248E+04   3397500
     277           276              0.2090497523E+02  0.2082950601E+02   0.5769773164E+04   3382400
     278           277              0.2090704068E+02  0.2083183550E+02   0.5791250269E+04   3367300
     279           278              0.2090914794E+02  0.2083420476E+02   0.5812743128E+04   3352200
     280           279              0.2091121045E+02  0.2083652756E+02   0.5834227716E+04   3337100
     281           280              0.2091326413E+02  0.2083883971E+02   0.5855713958E+04   3322000
     282           281              0.2091532531E+02  0.2084115749E+02   0.5877206411E+04   3306900
     283           282              0.2091736310E+02  0.2084345015E+02   0.5898696393E+04   3291800
     284           283              0.2091941913E+02  0.2084575921E+02   0.5920195614E+04   3276700
     285           284              0.2092146872E+02  0.2084806006E+02   0.5941697117E+04   3261600
     286           285              0.2092350365E+02  0.2085034455E+02   0.5963198542E+04   3246500
     287           286              0.2092557004E+02  0.2085265864E+02   0.5984713030E+04   3231400
     288           287              0.2092760646E+02  0.2085494116E+02   0.6006223055E+04   3216300
     289           288              0.2092964681E+02  0.2085722589E+02   0.6027738282E+04   3201200
     290           289              0.2093169939E+02  0.2085952111E+02   0.6049261122E+04   3186100
     291           290              0.2093372693E+02  0.2086178972E+02   0.6070780809E+04   3171000
     292           291              0.2093574369E+02  0.2086404594E+02   0.6092301413E+04   3155900
     293           292              0.2093773737E+02  0.2086627752E+02   0.6113819312E+04   3140800
     294           293              0.2093971471E+02  0.2086849119E+02   0.6135336409E+04   3125700
     295           294              0.2094167349E+02  0.2087068476E+02   0.6156852006E+04   3110600
     296           295              0.2094359102E+02  0.2087283564E+02   0.6178359350E+04   3095500
     297           296              0.2094550066E+02  0.2087497709E+02   0.6199868195E+04   3080400
     298           297              0.2094735676E+02  0.2087706361E+02   0.6221364957E+04   3065300
     299           298              0.2094917978E+02  0.2087911563E+02   0.6242855574E+04   3050200
     300           299              0.2095095166E+02  0.2088111515E+02   0.6264334545E+04   3035100
     301           300              0.2095268895E+02  0.2088307869E+02   0.6285806684E+04   3020000
     302           301              0.2095438683E+02  0.2088500144E+02   0.6307270436E+04   3004900
     303           302              0.2095605041E+02  0.2088688853E+02   0.6328727224E+04   2989800
     304           303              0.2095765252E+02  0.2088871287E+02   0.6350168713E+04   2974700
     305           304              0.2095919691E+02  0.2089047823E+02   0.6371595860E+04   2959600
     306           305              0.2096069241E+02  0.2089219342E+02   0.6393011186E+04   2944500
     307           306              0.2096215814E+02  0.2089387750E+02   0.6414420392E+04   2929400
     308           307              0.2096362045E+02  0.2089555674E+02   0.6435831477E+04   2914300
     309           308              0.2096509011E+02  0.2089724192E+02   0.6457247755E+04   2899200
     310           309              0.2096661728E+02  0.2089898303E+02   0.6478684739E+04   2884100
     311           310              0.2096815906E+02  0.2090073732E+02   0.6500129307E+04   2869000
     312           311              0.2096975246E+02  0.2090254171E+02   0.6521593015E+04   2853900
     313           312              0.2097135833E+02  0.2090435719E+02   0.6543063801E+04   2838800
     314           313              0.2097303167E+02  0.2090623858E+02   0.6564558913E+04   2823700
     315           314              0.2097474305E+02  0.2090815656E+02   0.6586069317E+04   2808600
     316           315              0.2097647600E+02  0.2091009475E+02   0.6607589941E+04   2793500
     317           316              0.2097820531E+02  0.2091202800E+02   0.6629112877E+04   2778400
     318           317              0.2097997552E+02  0.2091400075E+02   0.6650652238E+04   2763300
     319           318              0.2098173883E+02  0.2091596536E+02   0.6672192949E+04   2748200
     320           319              0.2098349393E+02  0.2091792051E+02   0.6693734563E+04   2733100
     321           320              0.2098527046E+02  0.2091989578E+02   0.6715286547E+04   2718000
     322           321              0.2098704570E+02  0.2092186854E+02   0.6736841671E+04   2702900
     323           322              0.2098883211E+02  0.2092385121E+02   0.6758403940E+04   2687800
     324           323              0.2099063391E+02  0.2092584801E+02   0.6779974754E+04   2672700
     325           324              0.2099244152E+02  0.2092784939E+02   0.6801551052E+04   2657600
     326           325              0.2099425248E+02  0.2092985293E+02   0.6823132056E+04   2642500
     327           326              0.2099605226E+02  0.2093184415E+02   0.6844713036E+04   2627400
     328           327              0.2099782557E+02  0.2093380780E+02   0.6866288960E+04   2612300
     329           328              0.2099960922E+02  0.2093578062E+02   0.6887871826E+04   2597200
     330           329              0.2100142444E+02  0.2093778376E+02   0.6909468642E+04   2582100
     331           330              0.2100324649E+02  0.2093979257E+02   0.6931071342E+04   2567000
     332           331              0.2100509706E+02  0.2094182870E+02   0.6952687128E+04   2551900
     333           332              0.2100695032E+02  0.2094386638E+02   0.6974307506E+04   2536800
     334           333              0.2100882944E+02  0.2094592876E+02   0.6995940204E+04   2521700
     335           334              0.2101073749E+02  0.2094801887E+02   0.7017586321E+04   2506600
     336           335              0.2101262211E+02  0.2095008454E+02   0.7039228406E+04   2491500
     337           336              0.2101454471E+02  0.2095218701E+02   0.7060887023E+04   2476400
     338           337              0.2101649499E+02  0.2095431601E+02   0.7082558812E+04   2461300
     339           338              0.2101846528E+02  0.2095646391E+02   0.7104241265E+04   2446200
     340           339              0.2102043071E+02  0.2095860591E+02   0.7125926009E+04   2431100
     341           340              0.2102238679E+02  0.2096073756E+02   0.7147611507E+04   2416000
     342           341              0.2102436673E+02  0.2096289197E+02   0.7169309055E+04   2400900
     343           342              0.2102632921E+02  0.2096502796E+02   0.7191004591E+04   2385800
     344           343              0.2102833612E+02  0.2096720724E+02   0.7212719289E+04   2370700
     345           344              0.2103034098E+02  0.2096938347E+02   0.7234437298E+04   2355600
     346           345              0.2103238298E+02  0.2097159574E+02   0.7256172127E+04   2340500
     347           346              0.2103445870E+02  0.2097384067E+02   0.7277922711E+04   2325400
     348           347              0.2103656976E+02  0.2097611985E+02   0.7299689708E+04   2310300
     349           348              0.2103873002E+02  0.2097844712E+02   0.7321478047E+04   2295200
     350           349              0.2104092654E+02  0.2098080960E+02   0.7343283361E+04   2280100
     351           350              0.2104316733E+02  0.2098321529E+02   0.7365108567E+04   2265000
     352           351              0.2104547064E+02  0.2098568237E+02   0.7386960194E+04   2249900
     353           352              0.2104784294E+02  0.2098821732E+02   0.7408840715E+04   2234800
     354           353              0.2105026559E+02  0.2099080157E+02   0.7430743754E+04   2219700
     355           354              0.2105277502E+02  0.2099347143E+02   0.7452682359E+04   2204600
     356           355              0.2105532239E+02  0.2099617823E+02   0.7474639450E+04   2189500
     357           356              0.2105799903E+02  0.2099901304E+02   0.7496647654E+04   2174400
     358           357              0.2106070665E+02  0.2100187786E+02   0.7518672274E+04   2159300
     359           358              0.2106345444E+02  0.2100478186E+02   0.7540716688E+04   2144200
     360           359              0.2106625443E+02  0.2100773705E+02   0.7562785339E+04   2129100
     361           360              0.2106907083E+02  0.2101070776E+02   0.7584865500E+04   2114000
     362           361              0.2107193736E+02  0.2101372758E+02   0.7606969385E+04   2098900
     363           362              0.2107481453E+02  0.2101675719E+02   0.7629082860E+04   2083800
     364           363              0.2107775082E+02  0.2101984491E+02   0.7651223549E+04   2068700
     365           364              0.2108069345E+02  0.2102293812E+02   0.7673372415E+04   2053600
     366           365              0.2108368364E+02  0.2102607795E+02   0.7695544528E+04   2038500
     367           366              0.2108671357E+02  0.2102925659E+02   0.7717737168E+04   2023400
     368           367              0.2108972776E+02  0.2103241871E+02   0.7739930087E+04   2008300
     369           368              0.2109275801E+02  0.2103559606E+02   0.7762134947E+04   1993200
     370           369              0.2109577618E+02  0.2103876057E+02   0.7784341411E+04   1978100
     371           370              0.2109878212E+02  0.2104191208E+02   0.7806549384E+04   1963000
     372           371              0.2110178354E+02  0.2104505831E+02   0.7828761692E+04   1947900
     373           372              0.2110476332E+02  0.2104818218E+02   0.7850971954E+04   1932800
     374           373              0.2110777588E+02  0.2105133798E+02   0.7873200403E+04   1917700
     375           374              0.2111081018E+02  0.2105451468E+02   0.7895443007E+04   1902600
     376           375              0.2111384622E+02  0.2105769237E+02   0.7917692331E+04   1887500
     377           376              0.2111688044E+02  0.2106086749E+02   0.7939947045E+04   1872400
     378           377              0.2111990214E+02  0.2106402939E+02   0.7962203108E+04   1857300
     379           378              0.2112290569E+02  0.2106717243E+02   0.7984458352E+04   1842200
     380           379              0.2112591324E+02  0.2107031874E+02   0.8006721119E+04   1827100
     381           380              0.2112883091E+02  0.2107337466E+02   0.8028955747E+04   1812000
     382           381              0.2113176568E+02  0.2107644692E+02   0.8051202723E+04   1796900
     383           382              0.2113460302E+02  0.2107942129E+02   0.8073418354E+04   1781800
     384           383              0.2113744281E+02  0.2108239739E+02   0.8095640596E+04   1766700
     385           384              0.2114021965E+02  0.2108530999E+02   0.8117844345E+04   1751600
     386           385              0.2114296027E+02  0.2108818576E+02   0.8140039702E+04   1736500
     387           386              0.2114562368E+02  0.2109098383E+02   0.8162210742E+04   1721400
     388           387              0.2114826641E+02  0.2109376057E+02   0.8184379102E+04   1706300
     389           388              0.2115080101E+02  0.2109642877E+02   0.8206510791E+04   1691200
     390           389              0.2115323554E+02  0.2109899647E+02   0.8228608625E+04   1676100
     391           390              0.2115564007E+02  0.2110153357E+02   0.8250699626E+04   1661000
     392           391              0.2115795156E+02  0.2110397720E+02   0.8272759061E+04   1645900
     393           392              0.2116023818E+02  0.2110639534E+02   0.8294813368E+04   1630800
     394           393              0.2116241481E+02  0.2110870309E+02   0.8316829019E+04   1615700
     395           394              0.2116460521E+02  0.2111102393E+02   0.8338854451E+04   1600600
     396           395              0.2116662814E+02  0.2111317706E+02   0.8360818116E+04   1585500
     397           396              0.2116860909E+02  0.2111528766E+02   0.8382769201E+04   1570400
     398           397              0.2117047485E+02  0.2111728270E+02   0.8404678515E+04   1555300
     399           398              0.2117226670E+02  0.2111920338E+02   0.8426562148E+04   1540200
     400           399              0.2117398598E+02  0.2112105102E+02   0.8448420408E+04   1525100
     401           400              0.2117574131E+02  0.2112293397E+02   0.8470296523E+04   1510000
     402           401              0.2117746401E+02  0.2112478375E+02   0.8492163067E+04   1494900
     403           402              0.2117915275E+02  0.2112659902E+02   0.8514019406E+04   1479800
     404           403              0.2118085819E+02  0.2112843033E+02   0.8535885852E+04   1464700
     405           404              0.2118254639E+02  0.2113024380E+02   0.8557748740E+04   1449600
     406           405              0.2118429346E+02  0.2113211540E+02   0.8579638852E+04   1434500
     407           406              0.2118603948E+02  0.2113398533E+02   0.8601532028E+04   1419400
     408           407              0.2118779376E+02  0.2113586290E+02   0.8623432062E+04   1404300
     409           408              0.2118952358E+02  0.2113771546E+02   0.8645325621E+04   1389200
     410           409              0.2119126233E+02  0.2113957633E+02   0.8667226294E+04   1374100
     411           410              0.2119300171E+02  0.2114143723E+02   0.8689130701E+04   1359000
     412           411              0.2119481834E+02  0.2114337461E+02   0.8711070338E+04   1343900
     413           412              0.2119664942E+02  0.2114532581E+02   0.8733019561E+04   1328800
     414           413              0.2119856123E+02  0.2114735698E+02   0.8755005788E+04   1313700
     415           414              0.2120044080E+02  0.2114935540E+02   0.8776982493E+04   1298600
     416           415              0.2120221600E+02  0.2115124913E+02   0.8798919638E+04   1283500
     417           416              0.2120392348E+02  0.2115307475E+02   0.8820832169E+04   1268400
     418           417              0.2120556412E+02  0.2115483310E+02   0.8842720236E+04   1253300
     419           418              0.2120722922E+02  0.2115661531E+02   0.8864621814E+04   1238200
     420           419              0.2120880882E+02  0.2115831166E+02   0.8886490896E+04   1223100
     421           420              0.2121035188E+02  0.2115997100E+02   0.8908347791E+04   1208000
     422           421              0.2121187555E+02  0.2116161044E+02   0.8930199605E+04   1192900
     423           422              0.2121338952E+02  0.2116323966E+02   0.8952050376E+04   1177800
     424           423              0.2121482991E+02  0.2116479493E+02   0.8973873051E+04   1162700
     425           424              0.2121623767E+02  0.2116631711E+02   0.8995684771E+04   1147600
     426           425              0.2121766502E+02  0.2116785829E+02   0.9017507633E+04   1132500
     427           426              0.2121907673E+02  0.2116938334E+02   0.9039326687E+04   1117400
     428           427              0.2122056333E+02  0.2117098258E+02   0.9061180543E+04   1102300
     429           428              0.2122195563E+02  0.2117248720E+02   0.9082997008E+04   1087200
     430           429              0.2122333998E+02  0.2117398337E+02   0.9104812851E+04   1072100
     431           430              0.2122465710E+02  0.2117541196E+02   0.9126602555E+04   1057000
     432           431              0.2122598098E+02  0.2117684677E+02   0.9148397803E+04   1041900
     433           432              0.2122727534E+02  0.2117825161E+02   0.9170182949E+04   1026800
     434           433              0.2122860318E+02  0.2117968935E+02   0.9191985178E+04   1011700
     435           434              0.2122996110E+02  0.2118115659E+02   0.9213803116E+04    996600
     436           435              0.2123129489E+02  0.2118259926E+02   0.9235613278E+04    981500
     437           436              0.2123262684E+02  0.2118403959E+02   0.9257425300E+04    966400
     438           437              0.2123392262E+02  0.2118544334E+02   0.9279224184E+04    951300
     439           438              0.2123515117E+02  0.2118677953E+02   0.9300996214E+04    936200
     440           439              0.2123633720E+02  0.2118807280E+02   0.9322752030E+04    921100
     441           440              0.2123746869E+02  0.2118931117E+02   0.9344486225E+04    906000
     442           441              0.2123858206E+02  0.2119053097E+02   0.9366214689E+04    890900
     443           442              0.2123953846E+02  0.2119159368E+02   0.9387875998E+04    875800
     444           443              0.2124037225E+02  0.2119253357E+02   0.9409484905E+04    860700
     445           444              0.2124113866E+02  0.2119340576E+02   0.9431065564E+04    845600
     446           445              0.2124178765E+02  0.2119416033E+02   0.9452595505E+04    830500
     447           446              0.2124228755E+02  0.2119476566E+02   0.9474060249E+04    815400
     448           447              0.2124272877E+02  0.2119531197E+02   0.9495499762E+04    800300
     449           448              0.2124307178E+02  0.2119575982E+02   0.9516896158E+04    785200
     450           449              0.2124324976E+02  0.2119604254E+02   0.9538219143E+04    770100
     451           450              0.2124335225E+02  0.2119624947E+02   0.9559508511E+04    755000
     452           451              0.2124330941E+02  0.2119631094E+02   0.9580732545E+04    739900
     453           452              0.2124324732E+02  0.2119635273E+02   0.9601947787E+04    724800
     454           453              0.2124315605E+02  0.2119636496E+02   0.9623149693E+04    709700
     455           454              0.2124305583E+02  0.2119636779E+02   0.9644347347E+04    694600
     456           455              0.2124295743E+02  0.2119637200E+02   0.9665545630E+04    679500
     457           456              0.2124279929E+02  0.2119631614E+02   0.9686716475E+04    664400
     458           457              0.2124248171E+02  0.2119610075E+02   0.9707814142E+04    649300
     459           458              0.2124224842E+02  0.2119596901E+02   0.9728949775E+04    634200
     460           459              0.2124195107E+02  0.2119577291E+02   0.9750055540E+04    619100
     461           460              0.2124177103E+02  0.2119569343E+02   0.9771214672E+04    604000
     462           461              0.2124151628E+02  0.2119553897E+02   0.9792339005E+04    588900
     463           462              0.2124120678E+02  0.2119532944E+02   0.9813437530E+04    573800
     464           463              0.2124086205E+02  0.2119508433E+02   0.9834519128E+04    558700
     465           464              0.2124045622E+02  0.2119477782E+02   0.9855571687E+04    543600
     466           465              0.2124005289E+02  0.2119447338E+02   0.9876624596E+04    528500
     467           466              0.2123963462E+02  0.2119415360E+02   0.9897669732E+04    513400
     468           467              0.2123909496E+02  0.2119371228E+02   0.9918657347E+04    498300
     469           468              0.2123864978E+02  0.2119336481E+02   0.9939688095E+04    483200
     470           469              0.2123794117E+02  0.2119275406E+02   0.9960594408E+04    468100
     471           470              0.2123715896E+02  0.2119206945E+02   0.9981464712E+04    453000
     472           471              0.2123624058E+02  0.2119124855E+02   0.1000226931E+05    437900
     473           472              0.2123526179E+02  0.2119036694E+02   0.1002304356E+05    422800
     474           473              0.2123434214E+02  0.2118954395E+02   0.1004384383E+05    407700
     475           474              0.2123359789E+02  0.2118889558E+02   0.1006472540E+05    392600
     476           475              0.2123268668E+02  0.2118808019E+02   0.1008552617E+05    377500
     477           476              0.2123185622E+02  0.2118734499E+02   0.1010636356E+05    362400
     478           477              0.2123096545E+02  0.2118654920E+02   0.1012717052E+05    347300
     479           478              0.2123015553E+02  0.2118583370E+02   0.1014801434E+05    332200
     480           479              0.2122935847E+02  0.2118513064E+02   0.1016886271E+05    317100
     481           480              0.2122886465E+02  0.2118472980E+02   0.1018985503E+05    302000
     482           481              0.2122832940E+02  0.2118428722E+02   0.1021082644E+05    286900
     483           482              0.2122775049E+02  0.2118380069E+02   0.1023177573E+05    271800
     484           483              0.2122702608E+02  0.2118316858E+02   0.1025265359E+05    256700
     485           484              0.2122623196E+02  0.2118246653E+02   0.1027349627E+05    241600
     486           485              0.2122539243E+02  0.2118171878E+02   0.1029431533E+05    226500
     487           486              0.2122390079E+02  0.2118031988E+02   0.1031481578E+05    211400
     488           487              0.2122253835E+02  0.2117904954E+02   0.1033537618E+05    196300
     489           488              0.2122098766E+02  0.2117759095E+02   0.1035584198E+05    181200
     490           489              0.2121890469E+02  0.2117560080E+02   0.1037604439E+05    166100
     491           490              0.2121679160E+02  0.2117358021E+02   0.1039622788E+05    151000
     492           491              0.2121405806E+02  0.2117094005E+02   0.1041610251E+05    135900
     493           492              0.2121199812E+02  0.2116897176E+02   0.1043630308E+05    120800
     494           493              0.2120956769E+02  0.2116663335E+02   0.1045631687E+05    105700
     495           494              0.2120662557E+02  0.2116378390E+02   0.1047607303E+05     90600
     496           495              0.2120349469E+02  0.2116074571E+02   0.1049572987E+05     75500
     497           496              0.2120061655E+02  0.2115795937E+02   0.1051550581E+05     60400
     498           497              0.2119879946E+02  0.2115623159E+02   0.1053580333E+05     45300
     499           498              0.2119702005E+02  0.2115454105E+02   0.1055611598E+05     30200
     500           499              0.2119282917E+02  0.2115044351E+02   0.1057522176E+05     15100
