#./odf_intra.dat
# odfintra Version: intra-chain ODF with P2 and pxy
# 49900 vectors per frame, 499 vectors per chain, 100 chains
# P1(n) = <u(0)u(n)> = <costhe>  
# P2(n) = 1/2*<3*(u(0)u(n))^2 - 1> = 1/2<3*costhe^2 - 1> 2nd Legendre polynomial 
# P2 values +1: Parallel, -0.5: orthogonal, 0: No correlation # u(0) u(n) are unit vectors at distance n bonds.  
# n  P1  P2  pxy  pxy2  xx yy zz  x4 y4 z4  xxyy xxzz yyzz
# frames 4
 0 1.0 1.0 1.0 1.0  1.0 1.0 1.0  1.0 1.0 1.0  1.0 1.0 1.0
1 0.4014099 -0.24935425 0.0131044 1.27084 0.132315 0.135452 0.133642 0.0880269 0.089618 0.0894187 -0.0162514 -0.0166763 -0.0170555
2 0.58350463 0.45244311 0.00682471 1.46152 0.193127 0.195842 0.194536 0.149745 0.151906 0.151723 0.0300764 0.0302773 0.0304403
3 0.38261234 -0.20283052 0.0101483 1.28343 0.126234 0.12907 0.127308 0.0922406 0.0936376 0.0939044 -0.0132743 -0.0136173 -0.0139432
4 0.39464974 0.23969929 0.0105532 1.40395 0.130049 0.133577 0.131024 0.130858 0.133073 0.132643 0.0159104 0.0158698 0.0164998
5 0.30243626 -0.13025086 0.00861424 1.30136 0.0995613 0.102447 0.100427 0.098512 0.100205 0.10051 -0.00864643 -0.00866849 -0.0090491
6 0.27924873 0.13089372 0.00976432 1.37863 0.0913757 0.0952905 0.0925825 0.121227 0.12331 0.122754 0.00879271 0.0085523 0.00930752
7 0.22879291 -0.080402018 0.00831712 1.31774 0.0747007 0.0783926 0.0756996 0.103016 0.104623 0.104829 -0.00540099 -0.00523255 -0.00573467
8 0.20184674 0.072831265 0.00975371 1.35888 0.0652596 0.0699233 0.0666638 0.116131 0.118401 0.117806 0.00468257 0.00474448 0.00534765
9 0.1691574 -0.048571634 0.00831444 1.33061 0.0548501 0.0591096 0.0551977 0.105655 0.107374 0.107554 -0.00307935 -0.00313894 -0.0035975
10 0.14607551 0.041289817 0.00673371 1.35021 0.0463235 0.0514759 0.0482761 0.113471 0.115447 0.115249 0.0026293 0.00264436 0.00307301
11 0.12264409 -0.028771684 0.00752078 1.33788 0.0397761 0.0425857 0.0402824 0.107409 0.109003 0.109142 -0.00179329 -0.00165117 -0.00225668
12 0.10507632 0.024775448 0.00727646 1.34434 0.0335701 0.0370857 0.0344205 0.111997 0.113829 0.113919 0.00147341 0.00169502 0.00188403
13 0.088022298 -0.017211712 0.00709787 1.34247 0.0284762 0.0306274 0.0289188 0.108338 0.110123 0.10995 -0.000848993 -0.000976774 -0.00145019
14 0.074699431 0.014848688 0.00664221 1.34189 0.0239914 0.0262744 0.0244336 0.111083 0.11276 0.112891 0.000942691 0.0010757 0.00123064
15 0.062244512 -0.010331747 0.00595846 1.33976 0.0200869 0.0209293 0.0212284 0.109177 0.111006 0.110506 -0.000530594 -0.000601554 -0.00098954
16 0.053439051 0.010160197 0.0076312 1.34005 0.0166615 0.0187493 0.0180283 0.11061 0.112526 0.112581 0.000565714 0.000730742 0.000898351
17 0.043840317 -0.0062639624 0.0036095 1.33817 0.0142172 0.0149141 0.014709 0.109367 0.111346 0.110921 -0.000257872 -0.00046068 -0.000519841
18 0.03766673 0.0062703928 0.00695018 1.34007 0.0119601 0.0130554 0.0126513 0.110579 0.11225 0.112076 0.000242957 0.00044675 0.000614706
19 0.030001637 -0.0034266478 -0.000331665 1.34301 0.00996841 0.0102716 0.00976168 0.109399 0.111604 0.111205 -1.49138e-05 -0.0002746 -0.000289633
20 0.025700732 0.0045269672 0.00426543 1.33893 0.00876176 0.00862829 0.00831069 0.110653 0.11208 0.111816 7.80393e-05 0.000503259 0.000320305
21 0.019793359 -0.002844011 0.00162629 1.3406 0.00644137 0.00726005 0.00609194 0.109771 0.111736 0.11123 6.17606e-05 -0.000473368 -0.000237999
22 0.017570064 0.0028891142 -0.00060057 1.33868 0.0054489 0.00631767 0.00580349 0.110548 0.11168 0.111683 -0.00015835 0.000543448 0.000289114
23 0.013316859 -0.00056740273 0.000108745 1.3373 0.00431561 0.00550639 0.00349486 0.11007 0.112106 0.111475 4.47826e-05 -0.000342429 -5.0324e-05
24 0.010904272 0.0015755379 0.00130897 1.34283 0.0032508 0.00442834 0.00322513 0.110379 0.111461 0.111445 -0.00016905 0.00052466 0.000194144
25 0.01013437 0.00050699911 -0.00198949 1.33529 0.00344808 0.00414002 0.00254626 0.110118 0.112145 0.111632 -4.14164e-05 -0.000392801 0.000322467
26 0.0067634135 0.00074532784 -0.00421219 1.34172 0.00270555 0.00314209 0.000915776 0.110095 0.111824 0.111567 -4.17184e-05 0.000301021 -8.71782e-05
27 0.0069275714 0.00044728503 -0.00387545 1.32982 0.00186109 0.00380138 0.0012651 0.110333 0.112186 0.11174 -8.13335e-05 -0.00046659 0.000234241
28 0.0050081275 0.0013957604 -0.00331907 1.34478 0.00225244 0.00341612 -0.00066043 0.11001 0.111846 0.111616 2.81522e-05 0.000488108 -0.00012006
29 0.0049538424 0.0011357422 -0.00078958 1.33119 0.00190743 0.00375344 -0.000707027 0.110317 0.111934 0.111675 0.000174446 -0.000280973 0.00018896
30 0.0031635983 0.00074294668 -0.00443134 1.34665 0.002019 0.00278037 -0.00163578 0.109914 0.111705 0.11165 -7.71386e-05 0.00033212 2.46314e-05
31 0.0044672062 0.001177279 -0.00264484 1.32943 0.00183341 0.00383681 -0.00120301 0.110493 0.112316 0.111386 0.000123423 -0.000166357 4.28838e-06
32 0.0015791668 -0.00089605547 -0.0037291 1.34881 0.0016852 0.00270346 -0.00280949 0.109713 0.111322 0.111354 -5.16586e-05 0.000306383 -8.15505e-05
33 0.0019810343 0.00097955381 -0.00707239 1.3294 0.00101597 0.00296252 -0.00199746 0.110476 0.112101 0.11153 -1.37321e-05 -0.000162887 0.000115949
34 0.00033075335 -0.0017279913 -0.00777966 1.34726 0.000661178 0.00226703 -0.00259746 0.109902 0.111382 0.11136 -0.000261301 0.000245375 -0.00021508
35 0.0012257768 0.0011975396 -0.0129428 1.32886 0.000803068 0.0027576 -0.00233489 0.110298 0.112252 0.111659 -6.55807e-06 -9.02198e-05 5.80138e-05
36 -0.0012690013 -0.0010330621 -0.0142388 1.34288 -5.111e-05 0.00182233 -0.00304022 0.109918 0.111556 0.111665 -0.000375201 0.000205885 -7.80267e-05
37 -0.00018294399 0.0022561725 -0.0106714 1.33367 -0.000184534 0.00274995 -0.00274836 0.110185 0.112562 0.111696 -0.0001042 0.000145005 0.000156069
38 -0.0025814804 -0.0010674104 -0.0163695 1.34151 -0.000836942 0.00151826 -0.0032628 0.109984 0.111671 0.111621 -0.000121456 -0.000148785 -5.74426e-05
39 0.00040773745 0.0016567407 -0.0106757 1.33754 -0.000380778 0.00307746 -0.00228894 0.110125 0.112313 0.111632 -8.96293e-05 0.000119508 0.000154292
40 -0.0024983543 -0.0013809554 -0.0145257 1.34156 -0.00159222 0.00196588 -0.00287201 0.10982 0.111471 0.11157 -7.06815e-05 -3.07708e-05 -0.000122716
41 -0.0002683201 0.002015882 -0.00863395 1.33723 -0.00027789 0.00206506 -0.00205549 0.110072 0.112233 0.111916 0.00013427 1.32575e-05 8.05099e-05
42 -0.0020452675 -0.00077895336 -0.0150653 1.33876 -0.0015711 0.00116373 -0.0016379 0.10992 0.111432 0.111659 -0.000215359 0.000288177 -0.00017112
43 -0.00091125702 0.0019867716 -0.0071164 1.33869 -0.000686915 0.00126887 -0.00149321 0.110126 0.112231 0.111887 0.000115147 -0.000175822 0.000267756
44 -0.00093458053 -0.0015016062 -0.0145986 1.33783 -0.000895533 0.000902928 -0.000941976 0.109736 0.111331 0.111591 -0.000196142 0.000330055 -0.000296668
45 -0.0015525192 0.0021552686 -0.00827721 1.33622 -0.000817495 0.00094996 -0.00168498 0.109982 0.112302 0.112014 0.000158419 -0.000160339 0.000238304
46 -0.00050506052 -0.0017964476 -0.0120301 1.33879 -0.000991453 0.00134042 -0.000854031 0.109759 0.111286 0.111373 -0.000228382 0.000412404 -0.000324981
47 -0.00076530957 0.002232612 -0.0131049 1.33701 2.98454e-05 0.000483505 -0.00127866 0.109877 0.112353 0.111871 0.000183245 -0.000169623 0.000346668
48 -0.0011106854 -0.00017349139 -0.0102913 1.344 -0.00119485 0.00102717 -0.000943001 0.109831 0.111404 0.111313 -1.09796e-05 0.000389484 -4.31617e-05
49 -0.001600554 0.0013501588 -0.0122266 1.33577 -0.000531608 0.000468516 -0.00153746 0.109827 0.112474 0.111868 6.15796e-05 -0.000101876 7.22239e-05
50 -0.0020202423 0.00039300394 -0.0102762 1.34181 -0.000755136 0.000157079 -0.00142219 0.10987 0.111568 0.11114 -4.35987e-05 0.00022559 0.00032627
51 -0.0028351761 0.00077831521 -0.0103046 1.33692 4.74517e-07 -0.000140575 -0.00269508 0.109701 0.112267 0.111664 0.000292986 3.00503e-05 -0.000212953
52 -0.002558656 0.0016571548 -0.0113048 1.34378 -0.000149609 -0.000118382 -0.00229067 0.110114 0.111775 0.111266 0.000103493 0.000160133 0.000377978
53 -0.0015639636 0.00012980589 -0.00614412 1.33961 0.000429299 0.00049181 -0.00248507 0.10989 0.112017 0.111712 0.000206745 -0.000141405 -0.000164723
54 -0.0016044278 0.0017845168 -0.0100825 1.33918 -0.000360562 0.000579365 -0.00182323 0.11001 0.111968 0.111556 1.59135e-05 0.000266282 0.000212362
55 -0.0014224676 0.0010666232 -0.00177374 1.34003 0.000161662 0.000729647 -0.00231378 0.109742 0.112119 0.111717 0.000339148 -0.000158251 5.20849e-05
56 -0.0025492327 0.0017221866 -0.0033661 1.33997 -0.000979046 0.000767447 -0.00233763 0.110098 0.112229 0.111362 -4.74419e-05 0.000286801 0.000156847
57 -0.0011175678 0.00076850591 -0.00205588 1.33825 -1.54484e-05 0.00122793 -0.00233005 0.110007 0.111833 0.111784 0.000412359 -0.000308784 7.33907e-06
58 -0.002866076 0.0007869227 -0.00567696 1.34041 -0.00091138 0.00070018 -0.00265488 0.110112 0.112273 0.111316 -0.00032338 0.00020762 0.000194074
59 -0.00020685257 0.00193746 -0.00665347 1.34398 -0.000449799 0.00168292 -0.00143997 0.109864 0.111741 0.111684 0.000768155 -8.16529e-05 -1.84999e-05
60 -0.0020310076 0.0012326257 -0.00716396 1.33858 -0.0010144 0.00130195 -0.00231855 0.110155 0.112342 0.111397 -0.00043148 0.000383926 0.000178389
61 -0.00032729384 0.0011751986 -0.0101558 1.34424 -0.000375067 0.0010853 -0.00103753 0.109802 0.11174 0.111413 0.000689371 -6.20489e-05 -4.66315e-05
62 -0.0024609215 0.0020746604 -0.00627355 1.33787 -0.00135938 0.00133612 -0.00243767 0.110135 0.112355 0.111599 -0.000382288 0.000433062 0.000263339
63 -0.0011616594 0.0002398556 -0.00824126 1.33942 -0.00046966 0.000767037 -0.00145904 0.110063 0.111969 0.111428 0.000504189 -0.000159814 -0.000327762
64 -0.0010427778 0.0017904741 -0.00167914 1.34059 -0.000903525 0.00133966 -0.00147892 0.110048 0.112163 0.111541 -0.000313127 0.000487525 0.000213318
65 -0.00075724017 -0.00013970966 -0.00369272 1.3342 -0.00033943 0.000432286 -0.000850097 0.110043 0.111944 0.111798 0.000281457 -0.000237053 -0.000316687
66 0.0004326774 0.0018540873 -0.000976518 1.34071 0.000180448 0.00137868 -0.00112645 0.109991 0.112213 0.111511 -0.000344897 0.000364348 0.00040736
67 -0.0001762886 -0.00033844157 -0.00319365 1.33275 -0.000168882 -0.000502322 0.000494915 0.109834 0.112122 0.111763 0.000119394 -0.000184277 -0.000240896
68 0.0022430864 0.0010243053 0.000860529 1.34063 0.00083731 0.00131413 9.16433e-05 0.109991 0.112102 0.11133 -0.000193355 0.000130662 0.000359584
69 0.00099343312 -0.00037656037 -0.00375846 1.3291 0.000299318 -0.000395263 0.00108938 0.109869 0.111894 0.111917 0.000187298 -0.00015545 -0.000330367
70 0.0028521777 0.0007572539 -0.000324872 1.33956 0.000880331 0.00120889 0.000762962 0.109881 0.112324 0.111246 -0.000371446 0.00035255 0.000212532
71 0.0022890529 -0.00013761691 0.00082226 1.3349 0.000303368 0.00021876 0.00176692 0.110026 0.111847 0.111944 0.00027524 -0.000230373 -0.000332505
72 0.0039282066 0.00065480285 0.00304306 1.33958 0.00155721 0.000496313 0.00187468 0.109809 0.112189 0.111258 -0.000306093 0.000295236 0.000267736
73 0.0020901832 0.00021866396 0.00223631 1.33532 0.000566509 7.58619e-05 0.00144781 0.110131 0.111856 0.111656 0.000317588 -0.000165815 -0.000233867
74 0.0025657492 -0.00053911046 0.00622721 1.33921 0.000558745 0.000152303 0.0018547 0.109912 0.111939 0.1111 -0.000488361 0.000218073 0.000281505
75 0.0028707484 0.001745197 0.0020852 1.34067 0.000417425 0.000294299 0.00215902 0.110129 0.111948 0.111594 0.000453913 8.42848e-05 -0.000125596
76 0.0020823956 -0.0009868542 0.00656592 1.34186 0.000552032 -0.000504921 0.00203528 0.109765 0.111757 0.111149 -0.000452857 6.32521e-05 0.000391541
77 0.0029528152 0.0010155049 0.00473949 1.3416 0.000500065 0.000957333 0.00149542 0.109916 0.112064 0.111523 0.000202867 9.87978e-05 -4.81898e-05
78 0.0028336865 0.00024890204 0.00470355 1.33956 0.000531869 -0.00023945 0.00254127 0.109946 0.111786 0.111109 -0.000161426 7.4877e-05 0.000415604
79 0.0028817135 0.00067425728 0.00511288 1.33913 0.000550444 0.000782689 0.00154858 0.109884 0.112251 0.111613 2.73293e-05 8.8986e-05 -9.86621e-05
80 0.0019027081 -0.00025877275 0.00139986 1.33605 -6.80008e-05 -0.000505099 0.00247581 0.110042 0.111927 0.111222 -0.000122488 -0.000245142 0.000352505
81 0.0022924374 0.0013731871 0.00549012 1.34066 0.000161839 -0.000201697 0.00233229 0.109966 0.112176 0.111258 -7.99157e-05 0.000348566 0.000155526
82 0.0013461028 0.00074091109 0.00245758 1.33826 -0.000581395 -0.000936231 0.00286373 0.110156 0.111918 0.111473 -4.01175e-05 -0.000164489 0.000345039
83 0.0012810551 0.00081983739 0.00461893 1.33925 -0.000132197 -0.000985422 0.00239867 0.10978 0.11202 0.111156 5.28893e-05 0.00034021 6.88374e-05
84 0.0016280412 -0.00079786545 0.000495747 1.33835 -0.000805233 -0.00118099 0.00361426 0.110146 0.111733 0.11153 -7.21787e-05 -0.000330192 9.83532e-05
85 0.0020148336 0.00027287371 0.00406537 1.33929 -0.000580504 -0.00134063 0.00393597 0.109592 0.112172 0.110993 -6.50455e-05 0.000467445 -2.32173e-05
86 0.00035765823 0.0001700226 -0.00190327 1.34171 -0.00149287 -0.00195193 0.00380246 0.110218 0.111787 0.111518 0.000221363 -0.000446 0.000186196
87 9.7898012e-05 0.00040322278 0.00447221 1.33833 -0.00133585 -0.00189032 0.00332407 0.110042 0.112136 0.111146 -9.45429e-05 0.000283072 -4.96989e-05
88 -0.00064429257 -2.3460576e-05 0.000838124 1.33729 -0.00187706 -0.00185525 0.00308802 0.109972 0.111789 0.111799 0.000142929 -0.000264812 7.18908e-07
89 -0.001426102 0.00045311951 0.00403426 1.34175 -0.00166884 -0.00164085 0.00188359 0.109888 0.111758 0.111375 3.70134e-05 0.000349098 -7.89477e-05
90 4.1929255e-05 0.00019183397 0.00408304 1.33619 -0.00141107 -0.00188941 0.00334241 0.11009 0.111762 0.111853 0.000185658 -0.000193627 -0.000113293
91 -0.00089332829 0.00062807419 0.00326303 1.34802 -0.00149463 -0.00168984 0.00229114 0.109597 0.111723 0.111186 -0.000104017 0.000309893 0.000417289
92 -0.00056658589 0.0014335445 0.00803414 1.33635 -0.00105423 -0.00198959 0.00247723 0.110516 0.111969 0.111838 0.000124152 -7.41372e-05 -6.71048e-05
93 -0.00027145807 0.00070215498 0.00505783 1.3465 -0.000901354 -0.00148167 0.00211157 0.109824 0.111961 0.11116 -0.000202931 0.000328599 0.000301935
94 -0.001943203 0.00086114847 0.00861176 1.33779 -0.00164606 -0.00203742 0.00174028 0.109989 0.112026 0.111788 0.000264652 -5.48889e-05 -0.000157159
95 -0.0010284517 -8.3925288e-05 0.00320779 1.34589 -0.00169779 -0.00179007 0.0024594 0.110094 0.111964 0.111248 -0.000181471 0.000154826 1.21233e-05
96 -0.0024831487 0.0015138478 0.00988464 1.3398 -0.00117399 -0.00272625 0.0014171 0.109821 0.112242 0.112172 0.00021703 1.81655e-06 -0.000165056
97 -0.0022845111 3.0805247e-05 0.00793035 1.34179 -0.00208419 -0.00227076 0.00207043 0.110467 0.111599 0.111209 -3.07935e-05 0.000189821 -0.000119729
98 -0.0038739768 0.0024895636 0.012558 1.33354 -0.00205702 -0.0025156 0.000698649 0.110054 0.11271 0.112489 -0.000134342 0.000125283 -0.000120438
99 -0.0043260422 0.00078610334 0.00696114 1.34474 -0.00277565 -0.00228025 0.000729861 0.110524 0.111664 0.111398 5.04654e-05 6.87303e-05 1.61081e-05
100 -0.0040175126 0.00066958338 0.00981607 1.33112 -0.00230558 -0.00239171 0.000679773 0.10962 0.112561 0.112225 -7.60761e-05 -0.000107329 -0.000129166
101 -0.0040804071 -0.00023593701 0.00828759 1.34554 -0.00214455 -0.00259103 0.000655173 0.110311 0.111459 0.111126 6.90561e-06 0.000168395 -3.54936e-05
102 -0.0034679988 -0.00060938577 0.00867859 1.33324 -0.00229288 -0.00289895 0.00172383 0.109156 0.11205 0.111839 8.88872e-05 -3.90471e-05 -0.000108866
103 -0.0023212678 -0.0009862046 0.00729333 1.34024 -0.00156244 -0.00304523 0.0022864 0.110165 0.111718 0.11132 -0.00028291 4.6379e-05 -2.70249e-05
104 -0.0045179896 0.00049704118 0.00926117 1.33912 -0.00245923 -0.00302193 0.000963171 0.109105 0.112229 0.111787 0.000172442 4.49732e-05 5.43063e-05
105 -0.0035953016 -0.00075232698 0.00471169 1.33907 -0.00187781 -0.00414146 0.00242397 0.110226 0.111865 0.111328 -0.000309431 6.46527e-05 -4.88817e-05
106 -0.0041580835 6.6454511e-05 0.00403377 1.34131 -0.00250617 -0.00367497 0.00202306 0.109072 0.111912 0.111589 0.000279953 9.25421e-05 3.01493e-05
107 -0.0052448019 -0.0001221342 0.00412963 1.33703 -0.00270334 -0.00449927 0.00195782 0.110521 0.111849 0.111615 -0.000134815 -6.96483e-05 -0.000162219
108 -0.0033394782 -0.00050329573 -0.00108579 1.34206 -0.00144803 -0.00444801 0.00255655 0.109088 0.112052 0.111526 0.000189197 1.88259e-05 -4.22559e-05
109 -0.0047446219 0.0011290483 0.00200744 1.33426 -0.00216541 -0.00482896 0.00224975 0.110742 0.111918 0.11201 -7.61869e-05 -0.000102166 -0.000113323
110 -0.0016291879 -0.0021053052 -0.0035145 1.34004 -0.000805375 -0.00408474 0.00326093 0.109164 0.112059 0.111222 -2.60352e-05 -0.000101231 -0.000130575
111 -0.0025409362 0.0014627048 -0.00452756 1.33524 -0.0013076 -0.00438677 0.00315344 0.110629 0.111704 0.112113 -0.000126253 8.50481e-05 -2.77678e-05
112 -0.0012875177 -0.0013947744 -0.0111828 1.34112 -0.000984933 -0.00377906 0.00347647 0.109325 0.111931 0.111484 0.000166641 -0.000179307 -0.000155151
113 -0.0023097029 0.0021267082 -0.00942442 1.33815 -0.000850262 -0.00420958 0.00275014 0.110528 0.111531 0.112085 -8.34071e-05 2.21554e-05 0.000364909
114 -0.0011334626 -0.0010026899 -0.0145311 1.34169 -0.00050294 -0.00360983 0.00297931 0.109351 0.111981 0.111243 0.000248061 -9.34411e-05 -0.00010966
115 -0.0017095843 0.00042629764 -0.0130892 1.33789 -0.000675832 -0.00279761 0.00176385 0.11055 0.111459 0.111928 -0.000304061 -0.000121791 0.000266253
116 -0.0027318893 0.0010647484 -0.0176613 1.34202 -0.000709368 -0.00404874 0.00202622 0.109395 0.112107 0.111502 0.00021178 0.000105374 0.000202816
117 -0.0015455748 -0.00056340474 -0.0106082 1.33593 -0.000164133 -0.00334878 0.00196734 0.110509 0.111685 0.111581 -0.000472313 -7.2e-05 0.000135356
118 -0.0029247718 0.0014675784 -0.0146014 1.34256 -0.000610274 -0.00355395 0.00123945 0.109254 0.112155 0.111692 0.000103638 0.00016947 0.000332482
119 -0.00057092311 -0.0012856383 -0.0121175 1.33197 -0.000213384 -0.00230442 0.00194688 0.110258 0.112017 0.11176 -0.00033736 -0.00029432 -0.000147732
120 -0.003652036 0.0018107635 -0.0115644 1.34259 -0.0001723 -0.00355866 7.89216e-05 0.109634 0.112173 0.111793 -5.55458e-05 0.000110523 0.000414874
121 -0.0016644118 -0.00093415634 -0.0131613 1.33472 -0.00154915 -0.00209443 0.00197917 0.109919 0.11229 0.111653 -0.000204747 -0.000103437 -0.000267634
122 -0.0034145226 0.00072985427 -0.012305 1.34634 -0.000705758 -0.00256649 -0.000142276 0.109565 0.11179 0.111612 -0.000133697 7.58593e-05 0.000484445
123 -0.0023675138 -0.00098790691 -0.0102205 1.33585 -0.0011878 -0.0019304 0.000750682 0.109723 0.112414 0.11139 5.74198e-05 -0.000162895 -0.000321175
124 -0.0036848622 0.00026043479 -0.00827822 1.34751 -0.00117415 -0.00192637 -0.00058434 0.109533 0.111838 0.111345 -0.000165266 0.000120061 0.000440969
125 -0.0015146458 -0.0026807351 -0.00906717 1.33505 -0.0010933 -0.0014561 0.00103475 0.109377 0.112121 0.111418 4.80051e-05 -0.0003377 -0.000395234
126 -0.0032183914 0.0014336838 -0.0102322 1.34706 -0.00163761 -0.00188777 0.000306986 0.109905 0.111848 0.111619 -5.37054e-05 0.000104971 0.000407166
127 -0.0034302442 -0.0022907455 -0.00999249 1.33427 -0.00171289 -0.0026742 0.000956844 0.10943 0.11184 0.111448 0.000114473 -3.19974e-05 -0.000538672
128 -0.0034600506 0.0018143548 -0.010895 1.33996 -0.00140702 -0.00141979 -0.00063324 0.110026 0.112229 0.111742 -0.000222079 -7.77277e-05 0.000572716
129 -0.0058163532 -0.00081794149 -0.00984399 1.33602 -0.00323504 -0.00283452 0.000253214 0.109778 0.111805 0.111557 0.000195489 4.68008e-05 -0.000418082
130 -0.0037595241 0.00071802271 -0.00790614 1.33503 -0.00218314 -0.0015046 -7.17907e-05 0.110101 0.112471 0.111753 -0.000326123 -0.000159777 0.000229249
131 -0.0039758228 -0.00057268673 -0.00962069 1.3385 -0.00210757 -0.00172484 -0.000143412 0.109676 0.111734 0.111404 0.000125603 0.000153584 -0.000210535
132 -0.0048130906 0.0011823454 -0.0108038 1.33335 -0.00251327 -0.00147147 -0.000828352 0.110292 0.112344 0.111648 0.000107336 -0.000165492 -2.30122e-05
133 -0.0045793788 -0.0020518425 -0.00637728 1.33998 -0.00166854 -0.00182777 -0.00108307 0.109659 0.111568 0.111669 4.0642e-05 -0.000174842 -0.000330512
134 -0.0046813726 0.0010722211 -0.0132118 1.33956 -0.00227535 -0.00149206 -0.000913968 0.109939 0.112316 0.11138 2.96637e-05 -2.46341e-05 0.000201615
135 -0.0052993626 -0.00084877191 -0.00644235 1.33937 -0.00156597 -0.00225819 -0.00147521 0.109432 0.111782 0.111614 0.000346678 -0.000107555 -0.000269638
136 -0.0052432309 1.6130838e-05 -0.00872897 1.33853 -0.00171466 -0.00230013 -0.00122843 0.109721 0.111995 0.11114 -8.73135e-05 3.23431e-05 0.000298662
137 -0.0042375627 -0.00033965399 -0.00611737 1.34162 -0.00187199 -0.00222673 -0.000138839 0.109597 0.111811 0.11177 0.000288369 -5.73328e-05 -0.000266427
138 -0.0042259376 -0.00015446755 -0.00792087 1.34257 -0.00158206 -0.0027012 5.73154e-05 0.109815 0.112097 0.110982 -1.92765e-05 7.27982e-05 0.000114756
139 -0.0025590044 -0.0002285762 -0.00733354 1.34182 -0.00179534 -0.00200547 0.0012418 0.10978 0.111527 0.111869 0.000105691 -9.6976e-05 -6.6137e-06
140 -0.0039526177 -0.00017927386 -0.00591921 1.34007 -0.00122385 -0.0022784 -0.000450368 0.109879 0.112151 0.110832 -0.000110562 0.000234886 5.13139e-05
141 -0.0031738105 0.00088319237 -0.00751085 1.3411 -0.00180591 -0.00232121 0.000953306 0.109788 0.111574 0.111888 0.000522921 -0.000240676 5.32786e-05
142 -0.004362499 -0.00016246338 -0.00577846 1.33828 -0.000867178 -0.00310829 -0.000387033 0.109882 0.11246 0.110914 -0.00011461 0.000242682 -0.000143795
143 -0.0026640928 0.00028325483 -0.0048299 1.34369 -0.000880853 -0.00225676 0.000473521 0.10954 0.111641 0.111613 0.000429499 -0.000262337 0.000197416
144 -0.0028838624 -6.9193472e-05 -0.00145665 1.33889 -0.000600628 -0.00175457 -0.000528664 0.109902 0.112622 0.111062 -0.000109115 0.000172846 -0.000213347
145 -0.0022111118 0.0015642132 -0.00661354 1.34473 -0.00146702 -0.00218938 0.00144528 0.109857 0.111565 0.111923 0.000302471 -4.34243e-06 0.000217256
146 -0.0020439128 -0.00030424846 -0.00262863 1.33484 -0.000735538 -0.00127146 -3.69143e-05 0.109955 0.112738 0.111328 -0.000114031 -1.54878e-05 -0.000315651
147 -0.001126815 0.0024768641 -0.00229146 1.34345 -0.000447183 -0.00171004 0.00103041 0.110265 0.11135 0.111845 0.000341288 3.75127e-05 0.000383727
148 -0.0024907508 0.00028146478 0.00371639 1.33569 -0.000836205 -0.00150872 -0.000145826 0.109906 0.112797 0.111084 1.05266e-06 4.58842e-05 -0.000179881
149 -0.00061921782 0.0016481912 -0.000349566 1.3457 -0.000334694 -0.00110315 0.00081863 0.110232 0.111284 0.111789 0.000121479 0.000136165 0.00030587
150 -0.0013682433 0.00093193128 0.00720949 1.33478 0.000561102 -0.00127494 -0.000654401 0.11009 0.112778 0.111044 7.32795e-05 4.0952e-05 -9.29298e-05
151 -0.0019642399 0.00098994307 0.00180052 1.34799 6.43437e-05 -0.00106643 -0.000962152 0.109975 0.11131 0.111624 -5.87185e-06 0.000259377 0.000288616
152 -0.00070208877 0.00087879021 0.00158167 1.33244 0.000968321 -0.000441338 -0.00122907 0.110132 0.112805 0.111192 0.000305951 -0.000233955 -0.000176432
153 -0.0027192944 0.00096152154 0.00017961 1.34586 5.57813e-06 -0.00108529 -0.00163959 0.110171 0.111642 0.111831 -0.000154908 0.00027854 4.15433e-05
154 -0.0023557373 0.0040204804 0.00249027 1.33447 0.000745381 -0.0012829 -0.00181822 0.110318 0.11297 0.111713 0.000327976 -0.000114529 0.000293019
155 -0.0024912992 0.00077533958 0.00247314 1.33823 1.58732e-05 -0.0004606 -0.00204657 0.110332 0.111914 0.111816 -0.00023473 0.000264266 -0.000135656
156 -0.0035897451 0.0018408745 -0.00196642 1.33806 -0.000797524 -0.000316066 -0.00247615 0.109765 0.112536 0.111355 2.11251e-05 4.56237e-05 0.00038503
157 -0.0020169786 0.00058832975 0.00228419 1.33698 -0.000219639 -0.000691483 -0.00110586 0.110224 0.112023 0.11194 9.71289e-06 2.8713e-05 -0.000268966
158 -0.0028659053 -4.2400833e-05 -0.00323739 1.33929 -0.000222125 -0.00016972 -0.00247406 0.109511 0.112309 0.111195 -0.000154257 -0.000212687 0.000511913
159 -0.0021517935 0.00048657601 0.00452477 1.33728 4.66388e-05 -0.00048226 -0.00171617 0.110116 0.112356 0.111832 9.39479e-05 -0.000123069 -0.000294162
160 -0.0026702062 0.00027553982 0.00378287 1.33976 -0.000924872 -0.000164305 -0.00158103 0.10965 0.11196 0.111356 -0.000274008 -4.10786e-05 0.000590657
161 -0.00018345993 0.0016502044 0.0046339 1.33684 0.000322696 0.000456087 -0.000962243 0.110318 0.112608 0.111549 0.000268542 -0.000118725 -0.000170702
162 -0.00075025039 -0.00057227979 0.00675984 1.34205 -0.000808353 -8.11409e-05 0.000139243 0.109323 0.111531 0.111236 -0.000277201 6.04522e-05 0.000647536
163 0.00034762197 0.0026753476 0.00649865 1.33753 -0.000415189 0.00102828 -0.00026547 0.110447 0.11277 0.111865 0.000294376 -0.00012414 -0.000152463
164 -1.0853142e-05 0.00021515522 0.00971202 1.33946 -0.000486121 -0.00032906 0.000804328 0.109247 0.111539 0.111394 5.34222e-05 0.000126843 0.000467873
165 0.00036145718 0.0014300862 0.00786364 1.34317 -0.000512827 0.000607969 0.000266315 0.109996 0.112478 0.11163 3.68312e-05 0.000250004 -0.000195821
166 0.0010147795 -0.0026103765 0.00997464 1.33726 0.00049652 0.000747679 -0.00022942 0.108989 0.111391 0.11139 -0.000243582 -0.00010822 0.000263356
167 0.00048969639 0.0022678968 0.00546717 1.34823 -0.000535376 0.000880634 0.000144438 0.109878 0.112391 0.111601 6.75603e-05 0.000432033 -1.17086e-05
168 0.0015952936 -0.002211217 0.00663731 1.33529 0.00142951 0.00159462 -0.00142884 0.109492 0.111355 0.111456 -0.000338426 -0.000112895 0.000229481
169 0.0014207323 0.001765821 0.00468558 1.34703 0.000357217 0.000407866 0.000655649 0.109771 0.112275 0.111725 0.000173336 0.000381003 -0.000184271
170 0.00086332395 -0.00098341725 0.00253843 1.33381 0.000450251 0.00139499 -0.000981918 0.109728 0.111716 0.111636 -9.42454e-05 -0.000319507 0.000212488
171 0.0020527991 0.0019130331 0.00701438 1.34719 0.000783369 0.000318578 0.000950852 0.109748 0.112406 0.111753 0.00025881 6.7769e-05 2.44694e-05
172 0.0020285941 -0.00069972239 -0.00161723 1.33243 0.00118005 0.00161012 -0.00076158 0.10997 0.111844 0.111553 -3.58806e-05 -0.00022435 9.99446e-06
173 0.0028365799 0.0010719413 0.00677669 1.34805 0.00125776 0.000179045 0.00139977 0.109592 0.11231 0.111671 0.000277433 5.49012e-05 -9.46071e-05
174 0.0025563252 -0.0010465915 0.00124786 1.33512 0.00153586 0.000921529 9.89336e-05 0.10977 0.111607 0.111479 -7.87553e-05 5.64585e-05 -8.80282e-05
175 0.0029490549 0.0018026263 0.0104832 1.34341 0.000885295 0.000426296 0.00163746 0.10985 0.112001 0.111349 0.000313543 0.000121531 0.000232584
176 0.00092453526 -0.00082941642 0.00172464 1.335 0.000467732 -2.53795e-05 0.000482183 0.109776 0.111909 0.111415 -8.81735e-05 0.000208872 -0.000280119
177 0.0033549992 0.0015815253 0.00720507 1.34119 0.00163328 0.000899172 0.000822551 0.109984 0.111971 0.111492 0.000195259 2.83162e-06 0.000272389
178 0.00087196083 -0.00019876475 0.0043524 1.33192 0.000212351 0.000592046 6.75638e-05 0.109866 0.112001 0.111478 0.000148613 0.000155572 -0.000376164
179 0.0042334463 0.00073013061 0.00969388 1.33836 0.00145539 0.00168353 0.00109452 0.11003 0.111813 0.111672 -0.000256486 6.79186e-05 0.000340703
180 0.0027870006 -0.00018311786 0.0103876 1.33864 0.000821837 0.0018345 0.000130666 0.109626 0.111878 0.111581 0.000145887 0.000241311 -0.00032438
181 0.0035280115 -0.00026783385 0.0170931 1.34162 0.000470609 0.00217576 0.000881642 0.110115 0.11145 0.111633 -0.000132993 8.39294e-06 0.000102591
182 0.0045340576 -0.0012016775 0.0118818 1.33603 0.00132618 0.00309822 0.000109661 0.109675 0.111931 0.111809 -5.04931e-05 -0.000111606 -0.000279339
183 0.0063712135 -0.00097015567 0.0143236 1.34058 0.00142243 0.00354416 0.00140462 0.109877 0.111483 0.111683 -0.000295964 1.22289e-06 0.000116613
184 0.0048722612 -0.00038712343 0.0105733 1.33696 0.00164259 0.00360957 -0.0003799 0.109903 0.112265 0.111895 0.000101911 -6.15606e-05 -0.000533759
185 0.0058225066 0.00026711523 0.014828 1.33957 0.0014844 0.0035708 0.000767299 0.11016 0.111421 0.111883 -5.69751e-06 -6.5853e-05 9.55522e-05
186 0.0039240063 0.00020179336 0.00708295 1.33461 0.00139094 0.00322044 -0.000687376 0.109913 0.112531 0.111844 -5.72917e-05 6.03176e-05 -0.000413115
187 0.0077120407 -0.00070697872 0.00728143 1.33948 0.0027454 0.00332836 0.00163829 0.110216 0.111328 0.1119 -0.000118973 -8.74214e-05 -8.42529e-05
188 0.0045770365 -0.00014767821 0.000130289 1.33768 0.00257178 0.00227964 -0.000274379 0.109593 0.11216 0.111505 -1.45981e-05 0.000155699 -0.000152465
189 0.0069735856 7.6527946e-05 0.00645476 1.33981 0.003365 0.0026357 0.000972887 0.110178 0.111353 0.111851 -9.34304e-05 -0.00014099 0.000235665
190 0.0056693484 7.0684935e-05 -0.00563842 1.33634 0.00314876 0.00162166 0.000898929 0.109829 0.112219 0.111292 4.64875e-05 -1.66908e-05 -9.22366e-06
191 0.0063055951 -0.00046831884 0.0016023 1.34115 0.00278416 0.0021868 0.00133464 0.110256 0.111378 0.11172 -5.82863e-05 -0.000426779 0.000318599
192 0.0048269751 -0.00043304855 -0.00926447 1.33801 0.00331476 0.000679854 0.000832362 0.109705 0.112509 0.111394 -0.00035912 0.000141669 -6.43346e-05
193 0.0042900726 0.00027048649 -0.00644759 1.33913 0.00147428 0.000851535 0.00196426 0.110409 0.111505 0.111944 2.55927e-05 -0.00043573 0.000237872
194 0.0037231354 0.00096849804 -0.0158882 1.34158 0.0024618 -0.000108904 0.00137024 0.109621 0.112517 0.11141 -0.000199201 0.000330348 8.47296e-05
195 0.0019550583 -8.3233815e-05 -0.0108561 1.33649 0.0011883 -0.000870177 0.00163693 0.11028 0.111314 0.111901 -1.83617e-05 -0.000411924 0.000321256
196 0.0026015821 -1.0324095e-05 -0.0202364 1.34318 0.0015245 -0.000493275 0.00157035 0.109554 0.112365 0.111003 -1.14771e-06 0.00023122 -2.8046e-05
197 0.00068129497 -8.3663763e-06 -0.0117676 1.3398 0.000909495 -0.00141362 0.00118542 0.109986 0.111289 0.11195 0.000189568 -0.000259423 0.00012144
198 0.0011046461 0.00038104583 -0.0190911 1.34759 0.000371607 -0.000788603 0.00152164 0.109572 0.112066 0.110996 2.02259e-05 0.000495088 -3.87525e-05
199 0.00012683753 -0.00075106115 -0.0108013 1.3374 2.07573e-05 -0.00149903 0.00160511 0.109941 0.111371 0.112202 -1.19279e-05 -0.000171072 -0.000157492
200 0.00021587296 -0.00054710066 -0.0155901 1.34761 -0.000232198 -0.00145845 0.00190653 0.109627 0.11164 0.110832 0.000160358 0.000235055 3.97441e-05
201 -0.00086243609 -0.00037131245 -0.0100666 1.3372 -0.000369824 -0.00214843 0.00165581 0.110048 0.111608 0.112036 0.000111126 -0.000280116 -0.000133871
202 -0.0014196325 -0.0025434057 -0.0162545 1.34073 -0.00114836 -0.00230447 0.0020332 0.109239 0.111551 0.110761 2.08612e-06 0.000186278 -0.000144771
203 -0.00035917231 7.8748624e-05 -0.00685871 1.33994 -0.000116645 -0.00238159 0.00213906 0.110248 0.111713 0.112203 0.0001013 -0.000344729 -0.000145499
204 -0.0028236554 -0.0030178418 -0.0114507 1.34303 -0.000596884 -0.00386207 0.0016353 0.109255 0.111025 0.110753 -4.65656e-05 2.49056e-05 0.000166004
205 -0.0008491444 0.0009777793 -0.00515953 1.34514 1.19491e-05 -0.00258925 0.00172816 0.110294 0.11187 0.112073 9.20392e-05 -0.000319925 0.000101553
206 -0.001708324 -0.0045601354 -0.00434523 1.34177 0.000404839 -0.00406956 0.00195639 0.1092 0.111183 0.110831 -8.89607e-05 -9.12464e-05 -0.00028031
207 -0.0014216277 0.0022293947 -0.0076886 1.34383 0.00106972 -0.00362263 0.00113127 0.11032 0.112047 0.112126 7.44188e-05 -7.4352e-05 0.000163032
208 -0.0028983246 -0.0042934662 -0.00110147 1.33964 -9.14782e-05 -0.0038663 0.00105946 0.10947 0.1113 0.110929 -0.000299347 -0.000183413 -0.000131316
209 0.00037601508 0.0028010966 -0.00789821 1.343 0.00241763 -0.00370657 0.00166496 0.110139 0.112174 0.111994 3.48153e-06 0.000458948 -1.56839e-05
210 -0.0017687 -0.003504998 -0.00349109 1.33971 0.000302273 -0.00419371 0.00212274 0.109862 0.111174 0.110975 -7.56972e-05 -0.000427873 -3.87841e-06
211 -0.00074712101 0.0035207889 -0.00430992 1.34356 0.00176829 -0.00393162 0.0014162 0.109927 0.112454 0.112078 0.000122787 0.00060587 -0.000118204
212 -0.00063563528 -0.0015835035 -0.00557517 1.33717 0.000225241 -0.00347598 0.0026151 0.110106 0.111366 0.111293 -7.38399e-06 -0.000308745 7.26689e-05
213 -0.00095890294 0.0026681449 -0.0067015 1.34016 0.0012942 -0.00396969 0.00171659 0.109876 0.112651 0.111866 8.25276e-05 0.000486879 -0.000209544
214 -0.0035956863 -0.0022862007 -0.00290423 1.33982 -0.000713326 -0.00373421 0.000851851 0.109932 0.111097 0.111457 -0.000139788 -0.000324701 0.000126008
215 -0.0011100201 0.0010380022 -0.00420033 1.33467 0.000904347 -0.00339371 0.00137935 0.110181 0.11247 0.11165 -9.26194e-05 0.000302118 -0.000347421
216 -0.0035153136 -0.0038406202 -0.00577232 1.33808 -0.00109884 -0.00289741 0.000480942 0.109642 0.111126 0.11128 -0.000242248 -0.000527426 0.000132366
217 -0.0014567142 0.00053728405 0.000844114 1.338 0.000389568 -0.00241459 0.000568311 0.110175 0.111999 0.111475 -9.73172e-05 0.000360207 -0.00024125
218 -0.0025800227 -0.0037094627 0.00142779 1.33481 2.90711e-05 -0.00244495 -0.000164145 0.109862 0.111326 0.111408 -0.000436976 -0.000385831 -4.47148e-05
219 -0.0014517798 0.00015697592 -0.00140085 1.33786 0.000574072 -0.00183355 -0.000192299 0.11005 0.112098 0.111653 -0.000305261 0.000208066 -8.48292e-05
220 -0.0022832139 -0.002284658 0.00518151 1.33821 -0.000306083 -0.00165739 -0.000319738 0.109835 0.111068 0.111345 5.70011e-05 -0.00034204 6.60946e-05
221 -0.0017102951 0.0026262897 0.000932828 1.33869 0.000728784 -0.00232459 -0.000114488 0.110549 0.112341 0.112042 -0.00017833 0.000184713 6.98661e-05
222 -0.0014768085 -0.0018497932 0.00601866 1.34305 7.00326e-05 -0.000908883 -0.000637958 0.109497 0.111265 0.11085 0.000349363 -1.41074e-05 -9.11454e-05
223 0.0010240698 0.00051452034 0.00212228 1.34033 0.00241554 -0.00138793 -3.5312e-06 0.110207 0.112425 0.11206 -0.000521497 2.74825e-05 -1.3703e-05
224 -0.0019095973 -0.00027589401 0.00373137 1.34127 0.000186611 -0.000749021 -0.00134719 0.109535 0.111528 0.111129 0.000340154 0.000259568 -0.000120671
225 0.00044627332 0.0021955767 0.00300247 1.3428 0.0020871 -0.00151288 -0.000127946 0.110482 0.112291 0.112312 -0.000500371 5.8636e-05 0.000297192
226 -0.0020946951 -0.0026973129 0.00596554 1.33641 0.000958973 -0.00169986 -0.00135381 0.109621 0.111506 0.110971 0.000113394 -2.26795e-05 -0.000372139
227 -0.00074411427 0.0018357808 0.000115115 1.34128 0.00172224 -0.00236555 -0.000100809 0.110218 0.112302 0.112134 -0.000310844 0.000102751 0.000159543
228 -0.00071266858 -0.0033592407 0.00400467 1.33466 0.00166644 -0.0010861 -0.00129301 0.109779 0.111456 0.1107 8.33313e-05 -4.82013e-05 -0.000455303
229 0.00062828402 0.0023063838 0.00302395 1.3449 0.0020014 -0.00155175 0.000178632 0.109988 0.112117 0.112041 -0.000213993 0.00030853 0.000267812
230 0.0014268649 -0.00096545404 -0.001414 1.33365 0.00229511 -0.00157032 0.000702075 0.110142 0.111768 0.110906 2.49815e-05 0.00017402 -0.000261955
231 0.0011590475 0.0020399368 0.00141831 1.3439 0.0014141 -0.00035891 0.000103858 0.109887 0.112126 0.111856 -0.000123574 0.000228145 0.000307356
232 0.0020256925 0.00047043538 -0.00813662 1.33517 0.00167649 -0.000701502 0.00105071 0.110195 0.112116 0.111087 0.000173405 0.000102516 -0.000151269
233 0.0025708776 0.0021297424 0.00418199 1.34299 0.00181238 0.000393182 0.000365311 0.110042 0.112246 0.111839 -0.000131783 0.000194189 0.000250526
234 0.00097945891 0.00012227778 -0.00290039 1.33515 0.0012684 -0.00020689 -8.20482e-05 0.109889 0.112457 0.111121 0.0003782 -0.000106776 -0.000297681
235 0.0014489674 0.0033539293 0.00653494 1.34118 0.000964758 0.000805453 -0.000321244 0.110035 0.112168 0.111912 -0.000231679 0.000469719 0.00048904
236 0.00060170025 -0.00048677126 -0.0013404 1.33946 0.00126568 -6.61207e-05 -0.000597858 0.109808 0.112215 0.111291 3.34872e-05 -0.000120684 -6.51607e-05
237 -0.0017057316 0.0024426529 0.00473835 1.33409 0.000551227 0.000222662 -0.00247962 0.110012 0.112042 0.11214 -0.000295668 0.000116257 0.000563343
238 -0.00043406145 -0.0033526934 2.31361e-05 1.34224 0.00228791 0.000202887 -0.00292486 0.109403 0.111655 0.111313 -0.000129349 -0.000336679 -0.000170224
239 -0.0025157942 0.001346489 0.00133169 1.33465 0.000955038 -2.19411e-05 -0.00344889 0.109437 0.112231 0.112088 -0.000342498 8.11774e-05 0.000498976
240 -0.0017576494 -0.0027116928 0.00343079 1.34208 0.00142626 0.000340215 -0.00352412 0.109537 0.111261 0.111464 -0.000134922 0.000190879 -0.000424654
241 -0.0027959577 0.0027199723 0.00216276 1.34073 0.00116558 -1.17714e-05 -0.00394976 0.109642 0.112363 0.112452 -0.000153954 0.000167169 0.000331414
242 -0.00041941219 -0.0038535731 -0.000746527 1.34312 0.00151489 0.000923755 -0.00285806 0.109531 0.111111 0.11167 -0.000282889 -3.84545e-05 -0.00045259
243 -0.00046424837 0.0015312963 0.00247964 1.34073 0.00133895 0.00133314 -0.00313634 0.109657 0.11205 0.112256 -0.000189391 0.000130436 0.000254406
244 0.00010109656 -0.003926657 -0.000371361 1.34403 0.00187914 0.000406824 -0.00218487 0.109758 0.111359 0.111158 -0.000291245 -7.82854e-05 -0.000410431
245 0.0012378517 0.0020121803 0.00650185 1.33863 0.00155094 0.00165619 -0.00196928 0.110012 0.112145 0.112508 -0.00010835 -4.07165e-05 0.00015408
246 0.0014342606 -0.0001581559 0.00318312 1.34761 0.00281112 0.000344906 -0.00172176 0.109725 0.111768 0.111342 -2.03428e-05 0.000202006 1.49196e-05
247 0.0037089054 0.00096981109 0.00146172 1.33705 0.00180209 0.00231644 -0.000409624 0.109789 0.11179 0.112284 -6.18624e-05 5.78183e-05 6.23701e-05
248 0.0038753691 0.00085450647 0.0038473 1.3471 0.00247421 0.00151568 -0.000114519 0.109503 0.111707 0.111246 8.39715e-05 0.000448666 0.000191141
249 0.0043237819 -0.00083808081 0.00290667 1.33405 0.0023025 0.00152161 0.000499673 0.109587 0.111712 0.112381 -0.000163846 -0.00027385 -1.49352e-05
250 0.0041246939 0.0014580209 0.00943206 1.34816 0.00273554 0.00137067 1.84877e-05 0.109793 0.111527 0.111219 -1.2149e-05 0.000491415 0.000404172
251 0.0043455717 -0.0009916091 0.00802256 1.32868 0.00247716 0.00112706 0.000741348 0.109924 0.111989 0.112251 -0.000206083 -0.000248784 -0.000291088
252 0.0051268198 0.0014965358 0.00773469 1.34141 0.00273204 0.00182817 0.000566608 0.109814 0.111806 0.11153 0.000227652 0.000308455 5.47278e-05
253 0.0053653069 -0.0033774003 0.010619 1.32896 0.00403624 0.00102597 0.000303095 0.109611 0.112153 0.11176 -0.000479473 -0.000344487 -0.0003966
254 0.0065593583 -0.00038197651 0.00818621 1.33827 0.00392381 0.00119478 0.00144077 0.109844 0.11154 0.111672 -0.000123785 0.000325047 -0.000190236
255 0.0050153462 -0.0028336188 0.00523771 1.33699 0.00267992 0.00168313 0.000652293 0.109922 0.111817 0.111365 -0.000269043 -0.000381243 -0.000179223
256 0.0070285339 0.00033749296 0.00292417 1.33777 0.0041754 0.000259574 0.00259356 0.109746 0.111769 0.111794 -3.28369e-05 0.000453852 -0.000296296
257 0.006266614 -0.0032014277 0.00164192 1.33883 0.00339794 0.00217808 0.000690594 0.109858 0.111426 0.1112 -0.000136842 -0.000282889 -0.000222749
258 0.0076528641 0.0018283152 -0.00164065 1.33879 0.0036904 0.00220495 0.00175752 0.109881 0.111923 0.112268 -4.3058e-05 0.000424534 -0.000141269
259 0.0060149057 -0.0027369809 0.00394169 1.33775 0.00243071 0.00268032 0.000903872 0.10965 0.111663 0.111461 1.64899e-05 -0.000359252 -0.000289797
260 0.0071982772 0.0022410284 -0.00567866 1.3423 0.00235981 0.0027606 0.00207787 0.110331 0.111876 0.112117 3.71005e-05 0.000401023 -0.000186545
261 0.0042125643 -0.0034481558 -0.00499128 1.33328 0.00166073 0.00195296 0.000598874 0.109671 0.111539 0.111439 5.86431e-06 -0.000358454 -0.000454298
262 0.0058593276 0.0029544571 -0.0082996 1.3446 0.00188806 0.00224199 0.00172928 0.110048 0.11152 0.111984 -2.44314e-06 0.000488956 0.000389101
263 0.0031644838 -0.0024613878 -0.00728425 1.33405 0.000565561 0.00138206 0.00121687 0.109667 0.111476 0.111541 5.92966e-05 -0.000258805 -0.000296095
264 0.0035116925 0.00065904293 -0.00854423 1.3446 0.000608786 0.00171319 0.00118972 0.109712 0.111253 0.111559 -2.56551e-06 0.000399218 0.000227835
265 0.0032405077 -0.00068902377 -0.0080416 1.33624 9.99212e-05 0.000703701 0.00243688 0.109794 0.111729 0.111841 0.000207684 -0.000196359 -0.000256095
266 0.0027547731 -0.00078619436 -0.0123777 1.34169 9.5481e-05 0.0022126 0.000446688 0.10942 0.111248 0.111469 4.18958e-05 0.000288265 6.08753e-06
267 0.0025745818 0.0012137066 -0.00996775 1.34153 0.000189915 0.000769619 0.00161505 0.110248 0.111597 0.111861 0.00037254 -0.000321957 0.000167834
268 0.0024764832 -0.0020662718 -0.0111974 1.33772 -0.000242475 0.00132322 0.00139574 0.109499 0.111307 0.111376 -0.000287957 0.000513351 -0.000338519
269 0.0013464054 -0.00018795681 -0.0108111 1.34194 -0.0006471 0.00063204 0.00136147 0.110089 0.111548 0.111862 0.000442093 -0.000661431 7.39194e-05
270 0.00075413135 -0.0017380356 -0.00914711 1.33647 -0.00187957 0.000695155 0.00193855 0.109918 0.111165 0.111559 -0.00028084 0.000321585 -0.00027423
271 -0.00072018914 -0.0024636033 -0.00784489 1.33678 -0.00174271 0.000269169 0.000753353 0.109609 0.111289 0.111753 0.000121894 -0.000667672 6.55756e-05
272 0.003255566 -0.00046752121 -0.0037991 1.3362 -0.00138178 0.00171872 0.00291862 0.110062 0.110989 0.111372 -0.000199966 0.000474658 2.44992e-05
273 -0.0014698388 -0.001163518 -0.00917271 1.34018 -0.00247863 0.000302769 0.000706021 0.109727 0.111793 0.111889 -1.79782e-05 -0.000598337 0.000190896
274 0.0024980086 0.00087099227 -0.00250046 1.3355 -0.00271072 0.00269495 0.00251378 0.11019 0.111323 0.111831 -0.000212693 0.00045193 4.56505e-05
275 0.00038674835 -0.00071602735 -0.013004 1.34022 -0.00183704 -3.24153e-05 0.0022562 0.109504 0.111987 0.112053 -7.44465e-05 -0.00039464 0.000124929
276 0.0026983598 0.001078067 -0.000967686 1.33715 -0.00246043 0.0026278 0.00253099 0.110222 0.111175 0.111599 -7.11208e-05 0.000582548 1.66217e-05
277 0.00065568657 0.00089554812 -0.00555753 1.33907 -0.0010333 0.000105421 0.00158357 0.109459 0.111867 0.112673 -7.01721e-05 -0.000240914 0.000276714
278 0.0028197288 -0.0019625642 -0.00187744 1.34056 -0.00181446 0.00205421 0.00257998 0.109861 0.111168 0.111162 -0.000304818 0.000432063 -0.000210398
279 0.0026434098 0.0014373999 -0.00428812 1.33924 -0.000720655 0.000838346 0.00252572 0.109724 0.111897 0.112518 1.82026e-05 -0.000382061 0.000439922
280 0.0012740961 -0.0047490719 -0.00836832 1.34232 -0.00117018 0.00056347 0.00188081 0.109348 0.110789 0.111003 -0.000251658 0.000216929 -0.000451516
281 0.0011025645 0.0031755553 -0.00385907 1.33563 -0.000813818 -0.00039713 0.00231351 0.10992 0.11206 0.112397 0.000111591 -0.000141496 0.000566648
282 -0.00035457489 -0.0034753769 -0.00348297 1.33581 -0.000948704 -2.55327e-05 0.000619662 0.109319 0.111368 0.111723 -3.47299e-05 -7.69939e-05 -0.000585232
283 -0.0015535708 0.0045096104 -0.00705694 1.33831 -0.00136243 -0.00209079 0.00189965 0.11002 0.112154 0.112501 9.90879e-05 7.23056e-05 0.00066119
284 -0.0017958455 -0.002115235 -0.00315164 1.33833 -0.00102348 -0.00111449 0.000342124 0.109592 0.111677 0.111833 -0.000157857 -0.00011577 -0.000316013
285 -0.0030392426 0.00321264 0.000266031 1.34284 -0.00095959 -0.00281859 0.000738933 0.109759 0.111351 0.111749 0.000237964 0.000525862 0.000544377
286 -0.0022217181 -0.0019562498 -0.00328049 1.3401 -0.00134189 -0.00160968 0.000729853 0.109667 0.112199 0.111947 -0.000311482 -0.00021422 -0.000366558
287 -0.0038184036 0.0023189017 -0.00113111 1.34657 -0.00132578 -0.00202216 -0.000470468 0.109698 0.111218 0.111541 0.000471892 0.000365405 0.00037338
288 -0.0038684492 -0.00026345434 -0.00219598 1.33584 -0.00165609 -0.00234507 0.000132709 0.110079 0.112416 0.112203 -0.000285349 0.000126865 -0.000611581
289 -0.0037972759 0.0029186679 -0.0018846 1.3448 -0.00148398 -0.00239187 7.8576e-05 0.109676 0.111484 0.111501 0.000632048 0.000193069 0.000484044
290 -0.0050964929 -0.0034472277 -0.00421873 1.33584 -0.00150557 -0.00235932 -0.0012316 0.109932 0.111954 0.111713 -0.000561063 -0.000383743 -0.000336839
291 -0.0047988128 0.0021529201 -0.00342116 1.34243 -0.00198893 -0.00205437 -0.000755512 0.109697 0.111589 0.111399 0.000583943 2.07169e-05 0.000436992
292 -0.005849262 -0.0032494974 -0.00359797 1.33428 -0.00225823 -0.00198372 -0.00160731 0.109971 0.111386 0.11174 -0.000326601 -0.000271449 -0.000366939
293 -0.0034393228 0.0027978804 -0.00225876 1.34357 -0.00197126 -0.000869434 -0.000598633 0.109853 0.111631 0.111204 0.000411053 7.79189e-05 0.000766266
294 -0.0052428739 -0.0031079653 -0.00725306 1.32619 -0.00225773 -0.00118397 -0.00180118 0.110212 0.111536 0.111868 -0.000228888 -0.000242692 -0.000705601
295 -0.0029988378 0.0036288785 -0.00270069 1.34284 -0.00140898 -0.000345786 -0.00124407 0.109879 0.111695 0.111424 0.000511712 4.41968e-05 0.000821021
296 -0.0039159982 -0.0025151892 -0.00448227 1.32599 -0.00241099 -0.000158895 -0.00134611 0.109903 0.111547 0.112174 -0.00025025 -0.000306982 -0.000426603
297 -0.0044712278 0.0014539832 -0.00521692 1.34677 -0.00194826 -0.000478638 -0.00204433 0.109517 0.111112 0.111555 0.000344667 0.000269583 0.000444633
298 -0.0044666734 0.00051818775 -0.00419123 1.32445 -0.00211491 -7.80396e-05 -0.00227372 0.110253 0.112054 0.112341 -0.00017796 -0.000121252 -0.000185337
299 -0.0043129058 -0.0016215253 -0.00557224 1.34689 -0.00116731 -0.000913853 -0.00223174 0.109555 0.110824 0.111821 9.3587e-05 -0.000164823 9.733e-05
300 -0.0029558493 0.00094915491 -0.000139643 1.33136 -0.00155099 0.000240552 -0.00164541 0.110371 0.1119 0.112205 1.1445e-07 0.000106902 -0.000362367
301 -0.0059633943 -0.0031634116 -0.0050035 1.34573 -0.000963637 -0.00115833 -0.00384142 0.109443 0.110547 0.111813 -0.00028018 -8.94462e-05 8.01654e-05
302 -0.004409175 0.001731134 -0.00564974 1.32958 -0.00221614 -0.000170772 -0.00202226 0.110217 0.11201 0.112426 0.000127078 0.000290044 -0.00050002
303 -0.0045064705 -0.0037706533 -0.00751237 1.34565 -0.00140857 -0.0010257 -0.0020722 0.109544 0.110657 0.111894 -0.000554822 -4.77408e-05 -3.51722e-05
304 -0.0065901621 0.0038497993 -0.00827445 1.33089 -0.00210849 -0.00118704 -0.00329463 0.110488 0.112116 0.11236 0.000221166 0.000265762 -1.91068e-05
305 -0.0029658697 -0.0031179488 -0.0105366 1.33976 -0.000875086 -0.000880905 -0.00120988 0.109702 0.111126 0.111965 -0.000427898 -0.000320379 -2.13206e-05
306 -0.0060451307 0.0032220369 -0.0111107 1.33627 -0.00246695 -0.000532705 -0.00304548 0.110205 0.112085 0.111974 0.000619449 -1.70267e-05 6.26778e-06
307 -0.0019714036 -0.0029724547 -0.0109288 1.33479 -0.000527186 -0.0009972 -0.000447017 0.109957 0.110814 0.112158 -0.000381484 -0.000492482 8.53177e-05
308 -0.0043256223 0.0021630012 -0.00980242 1.34192 -0.00164956 -0.000589744 -0.00208632 0.10983 0.111945 0.112075 0.000824554 -4.73827e-05 -0.000314356
309 -0.0014426766 -0.0037308167 -0.0129256 1.33257 -0.000528825 -0.000307516 -0.000606335 0.109933 0.110773 0.112225 -0.000583456 -0.000393467 -6.52646e-05
310 -0.004235899 0.0028464209 -0.0161815 1.3418 -0.00167566 -0.00098667 -0.00157357 0.110046 0.111887 0.112042 0.00106109 -5.11484e-05 -0.000381985
311 -0.00046737306 -0.0024103747 -0.0186048 1.32825 -0.000257301 0.00114731 -0.00135739 0.110144 0.111301 0.112188 -0.000657589 -0.000425174 0.000129651
312 -0.002769884 0.00089300594 -0.0224246 1.34455 -0.000336929 -0.000960155 -0.0014728 0.10983 0.111303 0.111882 0.000930897 -5.39485e-05 -0.000420393
313 -0.00038941489 -0.0025403555 -0.0177474 1.32736 5.74642e-05 0.00113689 -0.00158377 0.11025 0.111418 0.111972 -0.000620495 -0.000216285 -0.000163535
314 -0.00066589932 0.0034595258 -0.0211107 1.34935 3.87721e-05 0.000590742 -0.00129541 0.109985 0.11143 0.112117 0.000939462 -0.000184321 0.000299084
315 -0.00022690606 -0.003400916 -0.0166472 1.32691 0.000329254 0.000948832 -0.00150499 0.110017 0.111442 0.112018 -0.000654251 -0.000207115 -0.000344686
316 2.7058587e-05 0.0049223916 -0.0151982 1.34962 0.000793824 0.000620237 -0.001387 0.110146 0.111636 0.112361 0.000795634 0.00014323 0.000297351
317 -0.00072468995 -0.0026089299 -0.0157635 1.33206 -0.000980726 0.00115504 -0.000899008 0.110066 0.111467 0.111805 -0.000624518 -0.000145021 -0.000102017
318 0.00064289064 0.004263676 -0.0117778 1.34336 0.000293329 0.0014486 -0.00109904 0.110259 0.111557 0.11235 0.00063627 0.000240344 0.000128403
319 1.1431763e-05 -0.0013514689 -0.00675747 1.33217 -0.000697035 0.00147035 -0.000761884 0.110103 0.111889 0.111772 -0.00062156 0.000240902 -0.000284945
320 0.0011337956 0.0023205525 -0.00991803 1.34998 -0.000215168 0.00123869 0.000110273 0.110187 0.110802 0.112069 0.000469015 0.000299354 0.000143039
321 0.00034113159 0.00087885935 -0.00751644 1.33293 -0.00153247 0.00152315 0.000350456 0.1104 0.111762 0.111541 -6.16721e-06 0.000386981 -0.000272442
322 0.00076889522 0.00052335273 -0.0025913 1.3484 -0.00125532 0.00222771 -0.000203494 0.110624 0.110732 0.111784 0.000306744 -5.14807e-05 1.58008e-05
323 0.0016436018 0.0025365352 -0.00613727 1.33245 -0.00178224 0.00243759 0.000988249 0.110417 0.111904 0.11189 -9.60894e-05 0.000286422 0.000216171
324 0.0010091976 -0.00033634106 -0.00293679 1.34635 -0.0013375 0.00230057 4.61215e-05 0.110054 0.111174 0.111755 0.000161824 -0.000276491 0.00017781
325 0.0016465824 0.00097489671 -0.00332678 1.33454 -0.00219471 0.00298072 0.000860573 0.110273 0.111822 0.112273 -0.000149052 -1.73569e-05 -2.58555e-05
326 -0.00016323808 0.00041618552 0.00132824 1.3436 -0.000650597 0.00197228 -0.00148492 0.110072 0.11149 0.11179 0.000171175 5.71678e-05 -9.90395e-05
327 0.0012785937 -0.0020847751 0.00337895 1.34295 -0.00168032 0.00304181 -8.28921e-05 0.109831 0.111433 0.111845 -0.000288104 -0.000208426 -8.60977e-05
328 -0.0034643799 0.0010076307 0.000983516 1.3373 -0.00224842 0.00184925 -0.00306521 0.110049 0.111219 0.112462 -6.847e-05 0.0003807 -0.000174652
329 0.00029352229 -0.00053886414 0.000593075 1.33578 -0.00165342 0.00368949 -0.00174254 0.110234 0.111582 0.112112 -0.000460071 -8.91806e-05 7.21684e-05
330 -0.0028076905 0.00059949072 0.00882069 1.33564 -0.00283832 0.00362655 -0.00359592 0.110271 0.110788 0.112698 -0.000286823 0.000278247 -3.20529e-06
331 -0.0014698474 0.00058809495 0.00442904 1.34203 -0.00176264 0.00377264 -0.00347984 0.109611 0.111379 0.111816 -0.00025885 0.000300793 0.000417898
332 -0.0026626223 0.00019895765 0.0028768 1.33632 -0.00321967 0.00399501 -0.00343797 0.11032 0.11105 0.112814 -0.000245936 3.99342e-05 -0.000153136
333 -0.0036066023 0.0023488484 0.00292195 1.34683 -0.00239366 0.00319417 -0.00440711 0.109897 0.111417 0.11174 1.41942e-06 0.000305891 0.000615206
334 -0.0047329283 0.0018259913 0.00845017 1.33547 -0.00363633 0.00365126 -0.00474787 0.11066 0.111396 0.113014 -0.000125928 0.000258039 -0.000392248
335 -0.0064344196 -0.00023652844 0.00398946 1.34508 -0.00313965 0.0015056 -0.00480037 0.109902 0.110931 0.111539 0.000123033 -8.58406e-05 0.000364112
336 -0.0055316136 5.483513e-05 0.00900408 1.32936 -0.0032966 0.00183926 -0.00407428 0.110562 0.110977 0.112867 -0.00041433 6.68747e-05 -0.000170688
337 -0.0057950491 0.00073409126 0.0106369 1.34219 -0.00357831 0.00214827 -0.00436501 0.110216 0.111779 0.111862 0.000147875 -0.000400566 0.000235782
338 -0.0060885888 -0.0032248674 0.00353208 1.32985 -0.00226131 0.000738046 -0.00456532 0.109868 0.110715 0.112645 -0.000457559 0.000136865 -0.00070131
339 -0.0073206175 0.0024868425 0.00649071 1.34186 -0.00392501 0.00150047 -0.00489608 0.110254 0.111383 0.112225 0.000183175 -2.13905e-06 0.000383638
340 -0.0051603603 -0.0026818977 -0.00212025 1.33722 -0.00375367 0.00198686 -0.00339356 0.109785 0.110779 0.112538 -0.000242798 8.01487e-05 -0.00061565
341 -0.0080138419 0.0031124246 -0.000535756 1.33551 -0.00326773 0.00193823 -0.00668434 0.110313 0.111251 0.11207 0.000228855 0.000221174 0.000437086
342 -0.0050058599 -0.00087801509 -0.00562064 1.34609 -0.00386606 0.00281186 -0.00395166 0.109973 0.110936 0.112263 0.000140015 3.62046e-05 -0.000388234
343 -0.0035825617 0.0020133917 0.00396503 1.33283 -0.00132367 0.00271745 -0.00497634 0.11011 0.111602 0.111869 -1.75364e-05 0.000171139 0.000393884
344 -0.00456138 -0.0006401381 -0.00389474 1.34632 -0.00265285 0.00283139 -0.00473992 0.10981 0.111012 0.112442 0.00022485 -4.67434e-05 -0.000356613
345 -0.0016686522 0.0018214937 0.000896018 1.33705 0.000565969 0.00340489 -0.00563951 0.109953 0.111272 0.111634 0.000243467 0.000136718 0.000464224
346 -0.002930036 -0.0013934537 -0.00283821 1.33794 -0.00217623 0.00509895 -0.00585276 0.110293 0.111031 0.11242 0.000231487 -0.000198067 -0.000703038
347 -0.0023747843 0.00048112624 0.00430721 1.34167 0.000651036 0.00423486 -0.00726068 0.109655 0.111221 0.11152 0.000107646 -0.000223973 0.000744987
348 -0.0010537114 -0.0016705425 0.00361948 1.33592 -0.000243498 0.00444162 -0.00525183 0.110096 0.111185 0.112114 0.000389327 -0.000220042 -0.000757129
349 -0.00071390311 -0.00070250325 0.00245032 1.33996 0.0011219 0.00431739 -0.00615319 0.109057 0.111095 0.112069 -6.83161e-05 -0.000290006 0.000679969
350 0.00025141862 -0.00028872072 0.00309822 1.33753 -0.000724367 0.00476105 -0.00378527 0.110447 0.110986 0.112137 0.000474738 9.71795e-05 -0.00078606
351 0.00024458695 -0.0011136077 -0.00368014 1.34014 3.66059e-05 0.00389009 -0.0036821 0.109183 0.110618 0.112286 -0.000222894 -9.70105e-05 0.000572266
352 0.00072074605 0.002873613 0.00562433 1.33822 0.000559184 0.00263519 -0.00247363 0.11061 0.111239 0.11204 0.000585577 0.000468 -0.000373361
353 -0.0011021818 -0.0014029626 -0.000131674 1.34247 -0.000252965 0.00326493 -0.00411415 0.109324 0.110806 0.11236 -0.000118944 -0.000233973 0.000307221
354 0.0022769558 0.0036468974 0.00947127 1.34051 -0.000356664 0.00213735 0.000496273 0.110465 0.110956 0.112003 0.000528071 0.000729201 -8.69654e-05
355 -0.0004572797 -0.0015889673 0.00296542 1.34253 0.000392611 0.00275525 -0.00360514 0.109968 0.110812 0.112527 -8.3284e-05 -0.000394924 -3.84597e-05
356 -0.00021584639 0.0041311049 0.0028231 1.33783 -0.000118721 0.000831927 -0.000929053 0.110541 0.110994 0.112248 0.000290542 0.000915265 -5.35437e-05
357 -0.00031326222 -0.0021904963 0.00471278 1.33753 0.00111767 0.00054331 -0.00197424 0.109353 0.110864 0.112906 3.82362e-05 -0.000948694 0.000285184
358 0.00013842098 0.0044256204 0.00933324 1.34078 -0.000475532 0.000773546 -0.000159593 0.110347 0.110798 0.112357 0.000274496 0.000940003 0.000176546
359 0.00036375941 -0.00044796564 0.00646876 1.33495 0.00276614 -1.14616e-05 -0.00239092 0.109737 0.111017 0.112746 0.000439542 -0.00114728 0.000475381
360 0.00040312497 0.002300986 0.0130745 1.33988 -0.000859348 0.000707908 0.000554564 0.110222 0.110986 0.112311 -0.000203518 0.000685724 0.000191411
361 -1.6784233e-05 0.0011463285 0.00736243 1.33681 0.00204618 -0.000418491 -0.00164447 0.110015 0.111175 0.112997 0.000468231 -0.0010012 0.000487951
362 -0.00031784542 -0.00065660537 0.014225 1.33847 0.000583678 -0.000221752 -0.000679771 0.109877 0.11089 0.112269 -0.000406587 0.000445071 -0.000108974
363 -0.0027012581 5.8556051e-05 0.0184232 1.33619 -0.000150383 -0.000628069 -0.00192281 0.109663 0.111158 0.112026 0.000326287 -0.000595044 0.0005315
364 -0.0017904834 -0.0020760739 0.0129609 1.34108 0.00103123 -0.00158992 -0.00123179 0.109972 0.111375 0.112167 -0.000620998 7.95809e-05 -0.000241294
365 -0.0038506302 -0.00065716471 0.0231079 1.33718 -0.000462863 -0.00228964 -0.00109812 0.108859 0.110822 0.11175 0.000604194 -0.000178387 0.000306112
366 -0.0038398861 -0.0017588416 0.0159877 1.34118 0.000808968 -0.00138984 -0.00325901 0.110103 0.111519 0.112053 -0.000484454 0.000244602 -0.000517046
367 -0.0050637482 -0.00035286242 0.0182784 1.33923 -0.000648442 -0.00318503 -0.00123028 0.109251 0.110467 0.112038 0.000438691 5.26525e-05 0.000179933
368 -0.0063461423 -0.0010823559 0.00883039 1.34734 4.7615e-05 -0.00202186 -0.00437189 0.109751 0.111334 0.111632 -0.000624217 0.000690751 -0.000118724
369 -0.0037653694 0.00097990783 0.0166329 1.32946 0.000552269 -0.00258656 -0.00173108 0.109759 0.111526 0.112556 7.98545e-05 -6.15535e-05 5.46308e-05
370 -0.0025071804 -0.0055225071 0.01332 1.34645 0.00231813 -0.000822787 -0.00400253 0.109227 0.110404 0.111261 -0.000477905 0.000396006 -0.00053811
371 -0.0038746681 0.002814912 0.011619 1.32889 0.00119154 -0.00270564 -0.00236057 0.110114 0.111411 0.112943 4.19464e-05 -0.000129976 0.000458836
372 -0.0013021461 -0.0042354278 0.0158836 1.3456 0.00257091 -0.00149402 -0.00237904 0.109338 0.110961 0.111455 7.70281e-05 0.000207622 -0.000906442
373 -0.00089973609 0.0027343461 0.0163327 1.33021 0.00218056 -0.00153707 -0.00154323 0.110197 0.111485 0.112937 -0.000143322 -0.000206191 0.000618305
374 -0.00022227912 -0.0045880858 0.0193424 1.34989 0.00349958 -0.00257879 -0.00114307 0.109013 0.110548 0.111272 0.00063377 7.39052e-05 -0.000986433
375 0.0028213727 0.0016843736 0.0151952 1.33465 0.00321699 -0.00168712 0.0012915 0.110324 0.11118 0.112797 -0.00039464 -0.000268138 0.000740424
376 0.0018899498 -0.0027466316 0.0141711 1.34458 0.00361127 -0.00267499 0.000953671 0.109479 0.110592 0.11139 0.00070149 -2.34087e-05 -0.000657326
377 0.003611011 0.004802422 0.0115821 1.3331 0.00171803 -0.00114462 0.0030376 0.110672 0.112044 0.11336 -0.000374021 0.000155386 0.000448197
378 0.0013275332 -0.0028373981 0.0115986 1.34517 0.0032594 -0.00251775 0.000585887 0.110137 0.11041 0.111329 0.000351075 9.33684e-05 -0.000661869
379 0.00078541594 0.0031284238 0.0060056 1.32715 0.000690762 -0.00203702 0.00213168 0.11041 0.111854 0.113157 3.90002e-05 -0.000327819 0.000287119
380 0.0011436282 -0.0022227339 0.00778943 1.34922 0.00150246 -0.00207525 0.00171642 0.109667 0.109917 0.111829 9.779e-05 0.000234158 -0.000112653
381 0.0017168049 0.0029347323 -0.00416834 1.32711 0.0010696 -0.00208373 0.00273094 0.110189 0.111943 0.113204 -0.000216673 -0.000217038 0.000410217
382 0.00056101197 -0.0019575878 0.00262801 1.34477 0.000495078 -0.00201593 0.00208187 0.109749 0.110187 0.112194 0.000273485 8.02602e-05 -0.000404964
383 -0.0014010305 0.00034648936 -0.00727645 1.33278 -0.000949528 -0.000986523 0.000535021 0.110022 0.111609 0.112412 -0.000351345 -0.000221779 0.000333964
384 0.00033668235 -0.0017763051 -0.00263253 1.34467 -3.48809e-05 -0.0010391 0.00141067 0.109538 0.110648 0.111996 0.000174756 0.000320667 -0.000512082
385 -0.00032994423 0.0029128092 -0.00799368 1.34242 -0.000661923 0.00017491 0.000157069 0.110007 0.111926 0.111951 0.000144817 -7.0465e-05 0.000621312
386 2.8346507e-05 -0.0023572031 -0.0118496 1.34523 0.000600527 -0.00046541 -0.00010677 0.110074 0.110475 0.111837 0.000125118 5.17847e-05 -0.000488431
387 -0.00057558321 0.0033091432 -0.0164333 1.33258 0.000407415 -0.000507056 -0.000475942 0.110382 0.111994 0.112253 -2.6773e-05 -0.000163387 0.000644877
388 0.0017226114 -0.0019243237 -0.00837753 1.35549 0.000625564 0.00143024 -0.000333196 0.110083 0.110224 0.111865 0.000250253 2.33233e-05 -0.000334732
389 -0.0023835349 0.0048763367 -0.0123646 1.33385 0.000797256 -0.000732233 -0.00244856 0.110499 0.111781 0.11282 -3.82398e-05 0.000227303 0.00055298
390 0.0013272439 -0.0026964524 -0.0119366 1.35303 -0.000403096 0.00212665 -0.000396314 0.109872 0.110309 0.1118 0.000295444 -0.000430528 -8.75783e-05
391 -0.0016912408 0.0030517374 -0.0127074 1.33824 4.02583e-05 -0.0018296 9.81035e-05 0.109589 0.11106 0.112591 0.000231652 0.000545859 0.000286606
392 -0.00016049671 -0.0037890319 -0.0113926 1.35171 -0.0017079 0.000542096 0.0010053 0.110431 0.110598 0.111836 -0.000240811 -0.000950591 0.000162776
393 -0.0024029287 0.0013683285 -0.00750849 1.33996 -0.00117353 -0.00172668 0.000497287 0.109486 0.110992 0.112073 0.000349879 0.000677536 -0.000180491
394 0.00048193325 0.00016386964 -0.0110984 1.34459 -0.000836686 -0.000840516 0.00215914 0.111181 0.111415 0.11254 -0.000547183 -0.000990983 0.000691061
395 -0.0021637407 0.00016483222 -0.00778759 1.33538 -0.000405514 -0.00249398 0.000735753 0.109077 0.110817 0.112394 6.67272e-05 0.000763573 -0.000252617
396 0.0015850557 0.00010636525 -0.00607736 1.34186 7.70049e-05 0.000208497 0.00129955 0.110919 0.111306 0.112881 -0.000544029 -0.000906617 0.000599268
397 0.00089940799 -0.0016473365 -0.0177175 1.34445 1.06939e-05 -0.00176354 0.00265226 0.108785 0.110461 0.112188 0.000169384 0.000601482 -0.000369823
398 0.0015192998 0.00096990482 -0.00573666 1.3416 0.00228215 -0.00213168 0.00136882 0.111211 0.111179 0.112718 -0.000604053 -0.0004187 0.000458322
399 0.0022330361 -0.0010336339 -0.0228338 1.34271 0.000482041 -0.000211636 0.00196263 0.109265 0.110505 0.112258 0.000207507 0.000415634 -0.000314888
400 -0.0021713542 4.7691368e-05 -0.00754977 1.34087 0.00106184 -0.00395905 0.000725849 0.11058 0.111134 0.113248 -0.000925929 4.1048e-05 8.65735e-05
401 0.0012184724 0.0009343725 -0.0267993 1.34799 0.00148157 -0.00141114 0.00114805 0.10943 0.11118 0.112371 0.000596545 0.000134507 -0.000243461
402 -0.0036693541 0.00026388645 -0.00620395 1.33234 0.000854451 -0.00517969 0.000655889 0.110861 0.110772 0.114126 -0.000704027 -0.000135976 -0.000284837
403 0.0013606491 0.00046115202 -0.0190003 1.35051 0.00101901 -0.00241044 0.00275207 0.109427 0.11125 0.11175 0.000573597 -7.83667e-05 0.000111372
404 -0.0054869475 -0.0018172742 -0.0134304 1.33078 -0.000575707 -0.00556092 0.000649679 0.110309 0.110756 0.113315 -0.000815983 9.89805e-05 -0.000411816
405 0.0023885893 -0.00067713618 -0.0124419 1.34908 0.00212781 -0.00278975 0.00305053 0.109568 0.111158 0.111902 -1.57516e-06 -0.000180197 0.000309222
406 -0.0032069617 5.6149058e-05 -0.0288932 1.33045 0.00097943 -0.00605074 0.00186435 0.110941 0.110544 0.11317 -0.000683485 0.000122836 -8.14176e-05
407 0.0010970707 -9.3036989e-05 -0.0184882 1.34299 0.000645834 -0.00154976 0.002001 0.109536 0.110983 0.112323 0.000175131 -3.00307e-05 6.94959e-05
408 -0.0036679623 -0.00015307749 -0.0265255 1.33717 -0.000490473 -0.00557206 0.00239457 0.110447 0.110298 0.113172 -0.000788739 0.000336439 0.000109823
409 -0.0010879627 -0.0018085187 -0.0268359 1.33817 -0.00067225 -0.000810054 0.000394342 0.110061 0.111094 0.112234 -0.000256198 -0.000341315 -3.32791e-05
410 -0.0044364525 -0.0012149116 -0.0420691 1.3445 -0.00285781 -0.00416106 0.00258242 0.110326 0.110104 0.113011 -0.00075086 0.000416846 -0.000124815
411 -0.0021704152 -0.00029602226 -0.0242795 1.33832 -0.00180936 -0.000584813 0.000223762 0.109977 0.111132 0.112477 -2.00957e-05 2.58791e-06 -0.000207736
412 -0.0033476412 -9.912464e-05 -0.0446372 1.34491 -0.00138014 -0.00330932 0.00134182 0.110021 0.109785 0.112872 -5.2444e-05 0.000337968 9.00866e-06
413 -0.0029110178 -0.00083002338 -0.0342475 1.33484 -0.00301473 -0.00155137 0.00165508 0.11013 0.111447 0.112756 -0.000119811 -0.000471508 -0.000185783
414 -0.0061464841 0.00058298204 -0.0445195 1.34455 -0.00424154 -0.00318905 0.0012841 0.110363 0.109247 0.113133 0.00021513 0.0002016 7.31379e-05
415 -0.0042489452 -0.00039456846 -0.0415119 1.32942 -0.00196757 -0.00425939 0.00197802 0.110679 0.111663 0.112581 -0.00065011 -0.00026547 -1.07395e-05
416 -0.0075277354 0.0011982956 -0.0442999 1.34818 -0.00416193 -0.0034899 0.000124094 0.110394 0.109718 0.112643 0.000154275 7.14356e-05 0.000463203
417 -0.0039995675 -0.0032831541 -0.0416318 1.33142 -0.00426141 -0.00326296 0.0035248 0.109863 0.110982 0.112184 -0.000647344 -1.53494e-05 -0.000279498
418 -0.0073004768 0.0026131382 -0.0374825 1.35036 -0.00371632 -0.00559493 0.00201077 0.110622 0.109685 0.11375 0.000393984 -8.32928e-05 0.000198761
419 -0.0041568493 -0.0035632293 -0.0445299 1.32418 -0.00341864 -0.00453654 0.00379833 0.109648 0.111123 0.113434 -0.000312893 -0.00022801 -0.00108224
420 -0.0042770865 0.0029544907 -0.0298156 1.3548 -0.00180342 -0.00540186 0.00292819 0.111429 0.109889 0.112961 3.13051e-05 0.000243718 0.000236735
421 -0.0046864615 -0.00029790455 -0.0302069 1.32192 -0.00309218 -0.00569463 0.00410035 0.109869 0.111337 0.114125 0.0001525 -0.000142395 -0.00110812
422 -0.0023990767 0.00065082595 -0.0284412 1.35044 -0.00322831 -0.00373618 0.00456541 0.111166 0.109703 0.112325 0.000230844 6.77087e-05 -1.18665e-05
423 -0.0044487373 -0.0021936252 -0.0285291 1.33769 -0.00317574 -0.00495955 0.00368654 0.108661 0.110936 0.11391 0.000285042 -0.000620006 -0.000483522
424 -0.0053683783 0.00046386054 -0.0159408 1.34516 -0.00424006 -0.00217284 0.00104452 0.110686 0.109681 0.112371 0.000124159 0.000327905 5.19107e-07
425 -0.0057710718 -0.002791672 -0.0228551 1.33333 -0.00621021 -0.00411851 0.00455765 0.108861 0.111549 0.113662 0.000290097 -0.000752973 -0.000837296
426 -0.010244303 0.0014959773 -0.0147943 1.34273 -0.00548329 -0.00282497 -0.00193604 0.110643 0.109934 0.112454 -2.62742e-06 0.000497452 0.000154605
427 -0.0053957046 -0.0011817815 -0.0191584 1.32934 -0.00768892 -0.000658394 0.00295161 0.109877 0.111639 0.113311 0.000127776 -0.000693303 -0.000574692
428 -0.010008557 0.0021377614 -0.0231108 1.3382 -0.00578701 -0.000915682 -0.00330586 0.109713 0.110259 0.113506 8.80124e-05 0.000562859 -1.07318e-05
429 -0.0055501662 -0.0016248977 -0.0174399 1.33066 -0.00750586 0.000352977 0.00160271 0.111276 0.111364 0.11293 -0.000268263 -0.000809689 -0.000582544
430 -0.0075756209 0.0038089583 -0.0209822 1.33822 -0.00558252 0.000936716 -0.00292982 0.109304 0.111272 0.114224 -0.000237996 0.000741586 3.27772e-05
431 -0.008186994 -0.0018051804 -0.0238546 1.33177 -0.00672283 -0.000523018 -0.000941141 0.110631 0.110496 0.112573 4.15775e-05 -0.000839879 1.37008e-05
432 -0.0021410738 0.0083158791 -0.0197642 1.33837 -0.00420802 0.00256918 -0.000502233 0.109535 0.111735 0.114563 -5.27348e-05 0.000944602 0.000630074
433 -0.0040953806 -0.00090817648 -0.0108114 1.33637 -0.00501444 0.00144425 -0.000525188 0.110835 0.110645 0.112489 0.000267482 -0.000783755 -0.000104038
434 -0.0018548899 0.0091272813 -0.0263531 1.33988 -0.00393051 0.00291342 -0.000837801 0.10994 0.111437 0.113873 0.000542074 0.000756962 0.000784984
435 -0.0039920953 4.2072553e-05 -0.0127486 1.33977 -0.00421492 -0.00030835 0.00053117 0.1112 0.110759 0.112888 0.000208189 -0.000712808 -0.000238404
436 0.00098335581 0.0053674202 -0.0176964 1.34169 -0.00388203 0.00408396 0.000781421 0.109648 0.110431 0.114077 0.000706414 0.000439147 0.000232523
437 -0.0030553592 -0.0019393496 -0.0115675 1.33554 -0.00338428 0.00128274 -0.000953817 0.111294 0.110342 0.112625 -6.46437e-05 -0.000667414 -0.000378607
438 0.0051909986 0.00112096 -0.00772749 1.34707 -0.00181845 0.00477375 0.0022357 0.109235 0.109939 0.113538 0.00075288 4.91106e-05 -0.000117663
439 -0.0019421168 -0.0010765675 -0.00497929 1.33911 -0.00247461 0.0010341 -0.000501605 0.111079 0.110389 0.112426 0.000207744 -0.000434881 -0.000411836
440 0.0032253177 -0.0034560585 -0.00602907 1.33993 0.000213715 0.00291916 9.24404e-05 0.109278 0.110213 0.113331 7.65198e-05 -0.000878302 -9.45078e-05
441 -0.0035443672 0.0041033315 -0.00370234 1.34116 -0.00202699 0.000867561 -0.00238493 0.111571 0.109973 0.113484 0.00050439 -1.35926e-05 2.94177e-05
442 0.0019672844 -0.0042513708 0.00178312 1.33532 0.0010748 0.00214377 -0.00125128 0.109522 0.110367 0.113025 -0.00024922 -0.000819925 -0.000138388
443 -0.0071245069 0.0037134573 -0.0077023 1.34092 0.000584239 -0.00389271 -0.00381603 0.110678 0.110517 0.113743 0.000657379 -0.000172585 -4.91195e-05
444 -0.0057125176 -0.004211077 0.0151959 1.33872 -0.00061737 -0.00064934 -0.00444581 0.110174 0.110388 0.112642 -8.50911e-05 -0.00101344 -0.000240442
445 -0.0052651769 0.0050048936 -0.0120729 1.33825 0.0032999 -0.00314345 -0.00542162 0.111217 0.109422 0.114164 0.00059892 4.71017e-05 0.000287624
446 -0.0085175937 -0.0024899183 0.014715 1.34632 -0.00163698 -0.00387796 -0.00300265 0.109761 0.110341 0.112216 0.000216062 -0.000528804 -1.00121e-05
447 -0.0074157315 0.007594212 -0.00569027 1.32606 0.00277974 -0.00380292 -0.00639255 0.110822 0.109664 0.116486 0.000554754 -0.000232769 0.000390292
448 -0.0070606705 -0.0010874665 0.00172294 1.34505 -0.000788787 -0.00379456 -0.00247733 0.110279 0.109883 0.112288 0.000535337 -0.000648749 0.000192583
449 -0.0096187787 0.0060580399 -0.00349795 1.32579 -0.000176083 -0.0038197 -0.00562299 0.110214 0.109521 0.116541 3.59819e-06 0.000422961 0.000121576
450 -0.0076388295 -0.00449872 -0.00858477 1.34152 -0.000614676 -0.00447223 -0.00255193 0.110761 0.109601 0.111766 0.000147891 -0.00107977 3.51529e-05
451 -0.010852134 0.0039920681 -0.0121955 1.33425 -0.00136943 -0.00562573 -0.00385698 0.109783 0.10971 0.115649 -0.000262561 0.000543157 0.000146145
452 -0.0070431921 -0.0059091271 -0.0101575 1.31515 0.000616654 -0.0035929 -0.00406694 0.110462 0.110035 0.112165 -0.000284294 -0.000785249 -0.000564499
453 -0.0072962555 0.0038467171 -0.00319713 1.33132 -0.000905849 -0.00328946 -0.00310095 0.109814 0.110457 0.114418 -9.83919e-05 0.000321352 0.000381566
454 -0.0062088261 -0.0096664729 -0.0132953 1.31599 -0.00102847 -0.00184798 -0.00333238 0.110193 0.109279 0.112532 -0.000913104 -0.000652129 -0.000992513
455 -0.0080562339 0.0039305101 0.00534878 1.34651 -0.00313612 -0.0021664 -0.00275372 0.10966 0.110881 0.112894 0.000439143 0.000735779 8.43237e-05
456 -0.0077621156 -0.011302403 -0.00459519 1.31143 -0.00337607 -0.00294028 -0.00144577 0.109006 0.109403 0.112901 -0.00157218 -0.00057329 -0.000610452
457 -0.002520765 0.0020307285 -0.00612798 1.33961 -0.00245384 -0.00145116 0.00138424 0.109657 0.110166 0.113075 -0.000260007 0.000980971 0.000173854
458 -0.0052217572 -0.007675935 -0.0153028 1.31785 -0.00215398 -0.00407949 0.00101171 0.109467 0.109586 0.113085 -0.00141666 -0.000307005 -0.000237145
459 -0.0063740262 -0.00093441751 -0.00727899 1.32993 -0.00251336 -0.00292924 -0.000931427 0.110154 0.109914 0.113389 -0.000245732 0.000152135 -0.000279888
460 0.00081229114 -0.007787998 -0.0120461 1.32827 0.00150164 -0.00277625 0.00208691 0.108963 0.109716 0.113583 -0.00115863 -0.000400552 -0.000500807
461 -0.0090637008 0.00095636276 -0.0220927 1.32839 -0.00415661 -0.00143023 -0.00347686 0.110265 0.10991 0.113224 -0.000360037 0.000408125 0.000237861
462 -0.0019800629 -0.0050046166 -0.0213761 1.34382 0.00205479 -0.00380243 -0.000232424 0.109138 0.110047 0.112762 0.000217227 -0.000783041 -0.000408968
463 -0.01027248 0.0026020135 -0.0208699 1.32256 -0.00293588 -0.00239246 -0.00494414 0.109719 0.11053 0.113401 -0.000247103 0.000978185 -2.16385e-05
464 -0.004682836 -0.0025483269 -0.0265839 1.34995 -0.00177354 -0.00190314 -0.00100615 0.108307 0.110215 0.113642 0.000332272 -0.000292993 -0.000304114
465 -0.011615171 -0.00059706899 -0.0132944 1.32932 -0.00320829 -0.00380489 -0.00460199 0.10958 0.110556 0.113104 -0.000807187 0.000301869 0.000353337
466 -0.0061039292 -0.00088447525 -0.0310338 1.35625 -0.00171352 -0.00291453 -0.00147588 0.107513 0.109885 0.113789 0.000385069 0.000396181 -2.61436e-06
467 -0.0075624039 -0.0030784265 -0.0105328 1.32953 -0.00222867 -0.00438234 -0.000951397 0.10981 0.110618 0.112702 -0.00142887 0.00051527 -1.05634e-05
468 -0.00083092265 -0.00043214206 -0.0257121 1.3385 0.000570851 -0.00231739 0.000915618 0.109368 0.110009 0.114015 0.000451064 0.000275213 -0.000899593
469 -0.004895597 -0.00090123944 0.00016018 1.33113 -0.00387551 -0.00277825 0.00175816 0.109388 0.110495 0.113382 -0.00104266 -4.60475e-05 0.000822424
470 -0.0055418497 -0.0039462104 -0.0179442 1.33704 -0.001913 -0.00315876 -0.000470081 0.109542 0.109001 0.114034 0.00045098 0.000170937 -0.00155899
471 -0.0017115625 0.0083364207 0.0104789 1.33268 -0.00380564 -0.00096158 0.00305566 0.109377 0.112062 0.114468 -0.000571481 0.000191159 0.00187224
472 -0.0054988819 -0.0041346221 -0.0124542 1.3297 -0.00681283 0.000116002 0.00119795 0.109044 0.109065 0.113928 0.000500804 0.000262056 -0.00149307
473 -0.00071781832 0.0088991784 0.0170368 1.33829 -0.00353137 -6.66485e-05 0.0028802 0.11011 0.112645 0.115061 -0.000549909 -5.57908e-05 0.00133105
474 -0.0035882713 -0.0062915184 0.0173992 1.33237 -0.00755723 0.00163274 0.00233621 0.108658 0.10805 0.113858 -0.00032964 0.000811431 -0.0011953
475 0.0035036723 0.008732366 0.0166582 1.32871 -0.00363165 0.000648303 0.00648702 0.110867 0.112691 0.114519 -0.000910181 -0.000407162 0.00185669
476 -0.0044865245 -0.0037412064 0.0189745 1.33204 -0.00783748 0.00214196 0.001209 0.108813 0.109964 0.114583 -0.000991519 0.00118474 -0.0014535
477 -0.00086829452 0.002842061 0.027382 1.32109 -0.00694272 0.00115779 0.00491663 0.110465 0.112461 0.113129 -0.000908217 -0.00172081 0.00221537
478 0.0012774045 0.0037477458 0.0193649 1.33444 -0.00915624 0.0060802 0.00435345 0.108521 0.111741 0.113405 5.68566e-05 0.00192878 -0.000903344
479 -0.0032350398 0.00076625645 0.020435 1.32783 -0.00597886 0.00168113 0.00106269 0.10916 0.111952 0.113058 -0.000275049 -0.00296251 0.00307471
480 -0.0067113193 -0.0021225219 0.0127357 1.30564 -0.011263 0.0034012 0.00115051 0.108856 0.111359 0.114557 -0.000821322 0.00170383 -0.00230903
481 0.0074609404 -0.0048517216 0.0295078 1.32353 -0.00238974 0.00458525 0.00526543 0.106745 0.111435 0.11293 -2.87794e-05 -0.00258912 0.00211249
482 -0.0062624192 0.00014131321 0.0224636 1.31027 -0.00916556 0.000180488 0.00272265 0.108384 0.111366 0.115384 -0.000894356 0.00237434 -0.00233303
483 0.0071345191 -0.0053651213 0.0171376 1.32802 0.000391634 0.00421718 0.00252571 0.108004 0.110777 0.113205 2.77942e-05 -0.00224669 0.00110412
484 0.0007942268 -0.0039956148 0.0270936 1.30709 -0.00186639 -0.00033937 0.00299998 0.10877 0.111379 0.115807 -0.00233501 0.00124124 -0.00155
485 0.020574924 0.0012454017 0.0289956 1.33167 0.00582766 0.00609198 0.00865529 0.108653 0.111913 0.11359 0.000916371 -0.00203133 0.00111895
486 0.017705742 -0.0066783905 0.0258799 1.28484 0.00704575 0.00420008 0.00645991 0.107634 0.11212 0.115122 -0.00133627 0.00114318 -0.00280498
487 0.040998062 0.0053822228 0.025808 1.36078 0.014157 0.0150214 0.0118196 0.11098 0.11016 0.113376 0.00105116 -0.000848842 0.00100031
488 0.023093971 -0.0090616878 0.0167939 1.27346 0.00986097 0.00369056 0.00954244 0.108765 0.111315 0.115148 -0.00197591 0.000771933 -0.00276378
489 0.042283524 0.0087647497 0.0224694 1.34929 0.0142669 0.012209 0.0158076 0.109066 0.111037 0.114194 0.00152228 -0.000350574 0.00126795
490 0.028486856 -0.013888324 0.0459075 1.2831 0.0118849 0.007756 0.00884593 0.109519 0.109825 0.114206 -0.00240656 0.000368051 -0.00269946
491 0.033792356 0.0063198725 0.0112118 1.31227 0.0121182 0.00868668 0.0129875 0.112075 0.112618 0.112947 0.000681136 -0.000906099 0.000178208
492 0.017423316 -0.018599269 0.0514911 1.29267 0.0115367 0.00392359 0.001963 0.111469 0.108816 0.11113 -0.00214276 2.44198e-05 -0.00312235
493 0.026865894 0.003914743 0.0489791 1.31368 0.0135217 0.0059551 0.00738911 0.113257 0.110282 0.109922 -0.00020121 0.000621437 0.000821198
494 0.022814572 -0.012655716 0.0431156 1.26959 0.0138599 0.00843531 0.000519401 0.113861 0.110359 0.111879 -0.00093233 -0.000256444 -0.0044126
495 0.015936442 -0.000619443 0.0297042 1.33695 0.0143095 0.00449766 -0.00287068 0.111106 0.108631 0.109885 0.000118035 0.00143801 9.2864e-05
496 0.022432641 -0.00660536 0.0416991 1.28696 0.00991815 0.0114204 0.00109407 0.110693 0.109631 0.113475 0.000892317 -0.00101334 -0.00231351
497 0.00010065851 -0.0098316685 0.00936394 1.33158 0.0123639 -0.00785601 -0.00440719 0.111367 0.111482 0.115631 -0.000730089 -0.0016265 -0.00349408
498 0.019196931 0.043252302 -0.0345617 1.35345 0.00284142 0.00601798 0.0103375 0.101458 0.115895 0.122724 0.00427574 0.00105083 0.00571859
