#   Time(ps)     rEE_ACF
#===================================
      0.00     1.00000000   
      1.00     0.55874616 
      2.00     0.28740704 
      3.00     0.06456801 
      4.00     -0.15160283 
      5.00     -0.36744210 
      6.00     -0.50719380 
      7.00     -0.46122655 
      8.00     -0.27892241 
      9.00     -0.09545168 
     10.00     0.08790731 
     11.00     0.25708935 
     12.00     0.34866104 
     13.00     0.34753925 
     14.00     0.25917611 
     15.00     0.11370442 
     16.00     -0.03498599 
     17.00     -0.16492401 
     18.00     -0.25179595 
     19.00     -0.25119150 
     20.00     -0.21180122 
     21.00     -0.11577522 
     22.00     0.01058656 
     23.00     0.11281244 
     24.00     0.16841574 
     25.00     0.17939985 
     26.00     0.14828332 
     27.00     0.09032102 
     28.00     -0.00033331 
     29.00     -0.08106221 
     30.00     -0.11229894 
     31.00     -0.12601626 
     32.00     -0.12212676 
     33.00     -0.07672703 
     34.00     -0.02117108 
     35.00     0.04087617 
     36.00     0.08419216 
     37.00     0.09256838 
     38.00     0.08351905 
     39.00     0.06340434 
     40.00     0.03775802 
     41.00     -0.01275111 
     42.00     -0.05087145 
     43.00     -0.05933794 
     44.00     -0.05782021 
     45.00     -0.04534489 
     46.00     -0.02928132 
     47.00     -0.01374829 
     48.00     0.01759786 
     49.00     0.03638891 
     50.00     0.02149819 
     51.00     0.01592200 
     52.00     0.00816089 
     53.00     -0.00184936 
     54.00     -0.01357247 
     55.00     -0.01996098 
     56.00     -0.01721653 
     57.00     0.00262160 
     58.00     0.00054546 
     59.00     -0.00672324 
     60.00     0.00640943 
     61.00     0.01225922 
     62.00     0.00047248 
     63.00     -0.00350738 
     64.00     0.00189760 
     65.00     -0.00461145 
     66.00     0.00154033 
     67.00     0.00261351 
     68.00     0.00293645 
     69.00     0.00253554 
     70.00     0.02057675 
     71.00     0.02452148 
     72.00     0.01121619 
     73.00     0.00066130 
     74.00     -0.00677407 
     75.00     -0.01230637 
     76.00     -0.02349313 
     77.00     -0.01640403 
     78.00     -0.01897489 
     79.00     -0.02006255 
     80.00     -0.00128404 
     81.00     0.00495032 
     82.00     0.02034243 
     83.00     0.02050392 
     84.00     0.01476742 
     85.00     0.00827851 
     86.00     0.01126093 
     87.00     -0.00274690 
     88.00     -0.01963091 
     89.00     -0.01381117 
     90.00     -0.00238105 
     91.00     -0.01011844 
     92.00     -0.00657512 
     93.00     0.01015590 
     94.00     0.02189936 
     95.00     0.01539298 
     96.00     0.01333246 
     97.00     0.02011847 
     98.00     -0.00606535 
     99.00     -0.01592899 
    100.00     -0.01920594 
    101.00     -0.01365107 
    102.00     -0.01119922 
    103.00     -0.01762391 
    104.00     -0.01591742 
    105.00     0.01024768 
    106.00     0.01119912 
    107.00     0.00638562 
    108.00     0.00964825 
    109.00     0.00583478 
    110.00     -0.00345775 
    111.00     -0.00567586 
    112.00     -0.01911230 
    113.00     -0.00816360 
    114.00     -0.00295947 
    115.00     0.00995684 
    116.00     0.01722945 
    117.00     0.01238232 
    118.00     0.00437555 
    119.00     -0.00372840 
    120.00     -0.01458796 
    121.00     -0.01396901 
    122.00     -0.01642602 
    123.00     -0.02448409 
    124.00     -0.00060116 
    125.00     0.01350327 
    126.00     0.02445749 
    127.00     0.02706889 
    128.00     0.01420405 
    129.00     0.00032049 
    130.00     -0.01217855 
    131.00     -0.02229854 
    132.00     -0.00564655 
    133.00     -0.01592761 
    134.00     -0.00876337 
    135.00     0.01934618 
    136.00     0.03676880 
    137.00     0.03722811 
    138.00     0.02272139 
    139.00     0.03041359 
    140.00     0.01011990 
    141.00     -0.00630895 
    142.00     -0.03200901 
    143.00     -0.02366575 
    144.00     -0.03395434 
    145.00     -0.03624730 
    146.00     -0.02490148 
    147.00     -0.00264657 
    148.00     0.02825778 
    149.00     0.02628524 
    150.00     0.03036230 
    151.00     0.04629643 
    152.00     0.03337324 
    153.00     0.01808404 
    154.00     -0.00979397 
    155.00     -0.02723731 
    156.00     -0.03255859 
    157.00     -0.03421418 
    158.00     -0.03664375 
    159.00     -0.02359334 
    160.00     -0.00656992 
    161.00     0.01283648 
    162.00     0.02736196 
    163.00     0.01888642 
    164.00     0.00667626 
    165.00     0.00343033 
    166.00     -0.00292965 
    167.00     -0.01799373 
    168.00     -0.01719846 
    169.00     -0.01835001 
    170.00     -0.00560954 
    171.00     -0.00014492 
    172.00     -0.00107570 
    173.00     0.00767658 
    174.00     0.01480159 
    175.00     -0.00981836 
    176.00     -0.01768320 
    177.00     -0.02777891 
    178.00     -0.02323888 
    179.00     -0.01385509 
    180.00     -0.01370576 
    181.00     -0.00698638 
    182.00     -0.00129209 
    183.00     0.00262497 
    184.00     0.00350991 
    185.00     0.00839966 
    186.00     0.00012848 
    187.00     -0.00505613 
    188.00     0.00349002 
    189.00     0.00027166 
    190.00     -0.01435885 
    191.00     -0.01090061 
    192.00     -0.01245102 
    193.00     0.00132402 
    194.00     0.00155952 
    195.00     -0.00185565 
    196.00     0.01045552 
    197.00     0.01496190 
    198.00     0.00923937 
    199.00     -0.00209043 
    200.00     -0.00362638 
    201.00     0.00220918 
    202.00     -0.01254421 
    203.00     -0.01631782 
    204.00     -0.00601362 
    205.00     -0.00588981 
    206.00     -0.00702262 
    207.00     -0.00724158 
    208.00     0.00697192 
    209.00     0.01307217 
    210.00     0.00874162 
    211.00     0.00634907 
    212.00     0.00667223 
    213.00     0.00742179 
    214.00     0.00019535 
    215.00     -0.00477571 
    216.00     -0.01323470 
    217.00     -0.02447946 
    218.00     -0.01571277 
    219.00     -0.01162035 
    220.00     -0.00923968 
    221.00     0.00004857 
    222.00     0.02147690 
    223.00     0.03533990 
    224.00     0.03277037 
    225.00     0.02668111 
    226.00     0.01371757 
    227.00     -0.00000579 
    228.00     -0.01306310 
    229.00     -0.03168369 
    230.00     -0.04394285 
    231.00     -0.04507696 
    232.00     -0.02671483 
    233.00     -0.01095962 
    234.00     0.01062999 
    235.00     0.01422281 
    236.00     0.02938646 
    237.00     0.03357677 
    238.00     0.04016255 
    239.00     0.02111948 
    240.00     0.00407366 
    241.00     0.00006325 
    242.00     -0.01329160 
    243.00     -0.02227697 
    244.00     -0.02018135 
    245.00     -0.01387810 
    246.00     0.00226779 
    247.00     0.00299587 
    248.00     0.00004718 
    249.00     0.01573930 
    250.00     0.01590340 
    251.00     0.01326761 
    252.00     0.00220714 
    253.00     0.00022659 
    254.00     -0.00663903 
    255.00     -0.01958174 
    256.00     -0.01051097 
    257.00     -0.00169647 
    258.00     0.01077116 
    259.00     0.02145370 
    260.00     0.02178916 
    261.00     0.01966974 
    262.00     -0.00253154 
    263.00     -0.01186235 
    264.00     -0.01065119 
    265.00     -0.02810240 
    266.00     -0.02574062 
    267.00     -0.02237424 
    268.00     0.00062684 
    269.00     -0.00781941 
    270.00     -0.00588756 
    271.00     0.01270811 
    272.00     0.02362196 
    273.00     0.01423864 
    274.00     0.00968697 
    275.00     0.00777684 
    276.00     0.00997917 
    277.00     0.00488986 
    278.00     -0.00437283 
    279.00     -0.00002918 
    280.00     -0.01410637 
    281.00     -0.00098911 
    282.00     0.01811429 
    283.00     0.00956235 
    284.00     0.01420264 
    285.00     0.03145805 
    286.00     0.02142784 
    287.00     0.01667497 
    288.00     0.00125822 
    289.00     -0.01061162 
    290.00     -0.01531688 
    291.00     -0.02639366 
    292.00     -0.03741144 
    293.00     -0.04294515 
    294.00     -0.03236854 
    295.00     -0.01329659 
    296.00     0.01345488 
    297.00     0.01459450 
    298.00     0.03986569 
    299.00     0.04986019 
    300.00     0.02704091 
    301.00     0.02667807 
    302.00     0.00523961 
    303.00     -0.02829367 
    304.00     -0.02988097 
    305.00     -0.02821689 
    306.00     -0.02544515 
    307.00     -0.02101040 
    308.00     -0.00489532 
    309.00     0.01357962 
    310.00     0.01462493 
    311.00     0.02341048 
    312.00     0.03222307 
    313.00     0.04005621 
    314.00     0.02078102 
    315.00     0.01484212 
    316.00     0.00186791 
    317.00     -0.01218608 
    318.00     -0.02657835 
    319.00     -0.03598654 
    320.00     -0.01894423 
    321.00     -0.00583611 
    322.00     -0.00266578 
    323.00     0.01561505 
    324.00     0.01864481 
    325.00     0.01064511 
    326.00     0.00152354 
    327.00     -0.00753673 
    328.00     -0.01480121 
    329.00     -0.02927455 
    330.00     -0.03485059 
    331.00     -0.00901425 
    332.00     0.00134718 
    333.00     0.01114591 
    334.00     0.02465766 
    335.00     0.02730625 
    336.00     0.04093575 
    337.00     0.02187667 
    338.00     -0.01038253 
    339.00     -0.00979606 
    340.00     -0.02003661 
    341.00     -0.02230769 
    342.00     -0.03324138 
    343.00     -0.01852609 
    344.00     0.00148709 
    345.00     0.01265128 
    346.00     0.01604180 
    347.00     0.03437750 
    348.00     0.03784965 
    349.00     0.01977278 
    350.00     0.00681445 
    351.00     -0.00748805 
    352.00     -0.00743716 
    353.00     -0.02169050 
    354.00     -0.01615654 
    355.00     -0.01872016 
    356.00     -0.01407161 
    357.00     -0.00755654 
    358.00     0.00473505 
    359.00     0.01765380 
    360.00     0.00517309 
    361.00     0.01296688 
    362.00     0.01818270 
    363.00     0.00074396 
    364.00     -0.00785888 
    365.00     -0.00665864 
    366.00     -0.00869788 
    367.00     -0.01682034 
    368.00     -0.01257390 
    369.00     -0.00653107 
    370.00     0.00069277 
    371.00     0.00220774 
    372.00     0.00888433 
    373.00     0.02391631 
    374.00     0.02892938 
    375.00     0.03288990 
    376.00     0.02127519 
    377.00     0.01124850 
    378.00     -0.00219515 
    379.00     -0.01735232 
    380.00     -0.03773808 
    381.00     -0.05350818 
    382.00     -0.05216051 
    383.00     -0.04284497 
    384.00     -0.00702945 
    385.00     0.01192917 
    386.00     0.02905099 
    387.00     0.04242258 
    388.00     0.06134117 
    389.00     0.04674225 
    390.00     0.03072309 
    391.00     0.01635094 
    392.00     0.00610326 
    393.00     -0.02150659 
    394.00     -0.04476764 
    395.00     -0.04680475 
    396.00     -0.03977218 
    397.00     -0.01205796 
    398.00     0.00640851 
    399.00     0.01903152 
    400.00     0.02433831 
    401.00     0.04023359 
    402.00     0.01917099 
    403.00     0.00483515 
    404.00     -0.01849367 
    405.00     -0.02229339 
    406.00     -0.02857587 
    407.00     -0.03292386 
    408.00     -0.03056870 
    409.00     -0.02354771 
    410.00     0.00777280 
    411.00     0.01337608 
    412.00     0.02728866 
    413.00     0.03417156 
    414.00     0.03522138 
    415.00     0.01830145 
    416.00     0.01159497 
    417.00     -0.00913592 
    418.00     -0.02460848 
    419.00     -0.02988177 
    420.00     -0.03305698 
    421.00     -0.03101535 
    422.00     -0.01152442 
    423.00     0.01191001 
    424.00     0.01641786 
    425.00     0.02387274 
    426.00     0.01900908 
    427.00     0.01733415 
    428.00     0.01575040 
    429.00     0.00236382 
    430.00     0.00396532 
    431.00     -0.00079704 
    432.00     -0.01055162 
    433.00     0.00092491 
    434.00     -0.00054744 
    435.00     0.00636627 
    436.00     0.00348821 
    437.00     -0.00466117 
    438.00     0.00165366 
    439.00     0.00693353 
    440.00     0.00381905 
    441.00     0.00297486 
    442.00     0.00391867 
    443.00     -0.00855529 
    444.00     -0.00960418 
    445.00     -0.00856611 
    446.00     -0.01879899 
    447.00     -0.01058835 
    448.00     -0.01139987 
    449.00     -0.00980308 
    450.00     -0.00842677 
    451.00     -0.02129303 
    452.00     -0.00726089 
    453.00     0.00804142 
    454.00     -0.00496224 
    455.00     0.00383628 
    456.00     0.00312044 
    457.00     -0.00230303 
    458.00     -0.00239697 
    459.00     -0.00314774 
    460.00     -0.00906198 
    461.00     0.00015708 
    462.00     0.00826159 
    463.00     0.00660904 
    464.00     0.00839428 
    465.00     -0.00212984 
    466.00     -0.00025500 
    467.00     0.00008031 
    468.00     -0.00060218 
    469.00     -0.00511608 
    470.00     0.00085372 
    471.00     0.00914955 
    472.00     0.01545452 
    473.00     0.00608600 
    474.00     0.01328995 
    475.00     0.01716364 
    476.00     0.02000106 
    477.00     0.00242502 
    478.00     -0.00281202 
    479.00     -0.01818841 
    480.00     -0.01970520 
    481.00     -0.02527332 
    482.00     -0.02088278 
    483.00     0.00320805 
    484.00     0.01414131 
    485.00     0.01053074 
    486.00     0.01662244 
    487.00     0.02558605 
    488.00     0.00685236 
    489.00     -0.01693167 
    490.00     -0.01878500 
    491.00     -0.03222649 
    492.00     -0.03185868 
    493.00     -0.02592599 
    494.00     -0.00623690 
    495.00     0.01339936 
    496.00     0.02053301 
    497.00     0.01342025 
    498.00     0.00975754 
    499.00     0.01281497 
    500.00     0.01403217 
    501.00     -0.01561886 
    502.00     -0.02535260 
    503.00     -0.04201315 
    504.00     -0.03315236 
    505.00     -0.02050191 
    506.00     -0.01592283 
    507.00     0.00724802 
    508.00     0.01302759 
    509.00     0.02647842 
    510.00     0.03088366 
    511.00     0.02103822 
    512.00     0.02578526 
    513.00     0.01086127 
    514.00     -0.01650539 
    515.00     -0.03109518 
    516.00     -0.04271045 
    517.00     -0.03172362 
    518.00     -0.04848361 
    519.00     -0.02774806 
    520.00     0.01114163 
    521.00     0.03940405 
    522.00     0.04129440 
    523.00     0.05266462 
    524.00     0.06415582 
    525.00     0.04981011 
    526.00     0.01006783 
    527.00     -0.01799511 
    528.00     -0.03820738 
    529.00     -0.03952130 
    530.00     -0.05238844 
    531.00     -0.05342625 
    532.00     -0.03847712 
    533.00     -0.00860330 
    534.00     0.02721710 
    535.00     0.05915910 
    536.00     0.05832442 
    537.00     0.05400487 
    538.00     0.04246618 
    539.00     0.00163620 
    540.00     -0.02335700 
    541.00     -0.05814649 
    542.00     -0.06829102 
    543.00     -0.07208186 
    544.00     -0.06074005 
    545.00     -0.03305091 
    546.00     -0.01259315 
    547.00     0.02260233 
    548.00     0.04262633 
    549.00     0.06776338 
    550.00     0.07127394 
    551.00     0.05745609 
    552.00     0.02350028 
    553.00     -0.01112455 
    554.00     -0.04373912 
    555.00     -0.05297903 
    556.00     -0.05998638 
    557.00     -0.05786245 
    558.00     -0.03068932 
    559.00     0.01042988 
    560.00     0.03262124 
    561.00     0.04361446 
    562.00     0.05949353 
    563.00     0.04961241 
    564.00     0.02161782 
    565.00     -0.00140289 
    566.00     -0.02485231 
    567.00     -0.04525926 
    568.00     -0.06642711 
    569.00     -0.05858905 
    570.00     -0.02513700 
    571.00     -0.00026836 
    572.00     0.02344534 
    573.00     0.04627668 
    574.00     0.06612448 
    575.00     0.05863773 
    576.00     0.02277412 
    577.00     0.00360762 
    578.00     -0.03710635 
    579.00     -0.07252029 
    580.00     -0.07851887 
    581.00     -0.06551105 
    582.00     -0.03535920 
    583.00     -0.01029750 
    584.00     0.03031161 
    585.00     0.06653713 
    586.00     0.07690022 
    587.00     0.05764582 
    588.00     0.03466685 
    589.00     0.00940808 
    590.00     -0.04088524 
    591.00     -0.07771958 
    592.00     -0.07529277 
    593.00     -0.05694842 
    594.00     -0.03921820 
    595.00     0.00078495 
    596.00     0.03942114 
    597.00     0.06313029 
    598.00     0.06478631 
    599.00     0.04380206 
    600.00     0.02643760 
    601.00     0.01330325 
    602.00     -0.04436039 
    603.00     -0.05786309 
    604.00     -0.05889665 
    605.00     -0.05020534 
    606.00     -0.01706354 
    607.00     0.00043769 
    608.00     0.03303035 
    609.00     0.04539984 
    610.00     0.04985342 
    611.00     0.04065672 
    612.00     0.02095512 
    613.00     0.00777332 
    614.00     -0.01498460 
    615.00     -0.02647666 
    616.00     -0.03581977 
    617.00     -0.03754992 
    618.00     -0.00461811 
    619.00     0.01520078 
    620.00     0.02090852 
    621.00     0.00916317 
    622.00     0.01232675 
    623.00     0.00138206 
    624.00     0.00341282 
    625.00     -0.00862809 
    626.00     0.00429259 
    627.00     -0.00541575 
    628.00     0.00065494 
    629.00     0.02399244 
    630.00     0.00800602 
    631.00     0.01169530 
    632.00     0.00818070 
    633.00     -0.01525347 
    634.00     -0.02281539 
    635.00     -0.02262119 
    636.00     -0.03285982 
    637.00     -0.02133655 
    638.00     -0.00862969 
    639.00     0.01517509 
    640.00     0.01570993 
    641.00     0.01494181 
    642.00     0.01290668 
    643.00     0.01693996 
    644.00     -0.00146821 
    645.00     -0.01721910 
    646.00     -0.00284325 
    647.00     -0.00776658 
    648.00     0.00542747 
    649.00     0.00498779 
    650.00     0.00362964 
    651.00     0.01221264 
    652.00     0.01424851 
    653.00     -0.00740802 
    654.00     -0.01958573 
    655.00     -0.03482486 
    656.00     -0.02292773 
    657.00     -0.00839135 
    658.00     -0.01366787 
    659.00     -0.00407565 
    660.00     0.01195174 
    661.00     0.01424310 
    662.00     0.01636687 
    663.00     0.00239493 
    664.00     0.00777642 
    665.00     0.01453078 
    666.00     -0.00381019 
    667.00     -0.00165096 
    668.00     0.00394733 
    669.00     0.01424958 
    670.00     -0.00278561 
    671.00     -0.01221184 
    672.00     0.00711475 
    673.00     -0.00414865 
    674.00     0.02287517 
    675.00     0.02080832 
    676.00     0.01373591 
    677.00     0.01388801 
    678.00     0.01159167 
    679.00     0.00197263 
    680.00     0.00902608 
    681.00     -0.01139872 
    682.00     -0.00378334 
    683.00     0.01097553 
    684.00     0.00282303 
    685.00     -0.00432792 
    686.00     0.00046715 
    687.00     -0.00049410 
    688.00     0.00969407 
    689.00     0.02080056 
    690.00     0.03112592 
    691.00     0.03210351 
    692.00     0.02895454 
    693.00     0.01696691 
    694.00     -0.00388618 
    695.00     0.00136749 
    696.00     -0.02480002 
    697.00     -0.02689488 
    698.00     -0.03232804 
    699.00     -0.02830229 
    700.00     -0.01224478 
    701.00     -0.00563115 
    702.00     0.00854472 
    703.00     -0.00942647 
    704.00     0.00948003 
    705.00     0.02536018 
    706.00     0.02861036 
    707.00     0.02437790 
    708.00     0.01333477 
    709.00     0.02897282 
    710.00     0.02176183 
    711.00     0.00162675 
    712.00     0.00366907 
    713.00     0.01420418 
    714.00     0.01503034 
    715.00     -0.00656452 
    716.00     -0.02841212 
    717.00     -0.03693309 
    718.00     -0.01793537 
    719.00     -0.02578077 
    720.00     -0.02345794 
    721.00     0.00574658 
    722.00     0.02224363 
    723.00     0.03208125 
    724.00     0.04057464 
    725.00     0.03768960 
    726.00     0.02878719 
    727.00     0.01418501 
    728.00     -0.00906327 
    729.00     -0.01930844 
    730.00     -0.04594046 
    731.00     -0.04497964 
    732.00     -0.02802764 
    733.00     -0.02226439 
    734.00     -0.00263150 
    735.00     0.02949845 
    736.00     0.02859212 
    737.00     0.02800279 
    738.00     0.01332150 
    739.00     0.00075327 
    740.00     0.01130628 
    741.00     -0.01003342 
    742.00     -0.01823468 
    743.00     -0.00827541 
    744.00     0.01583302 
    745.00     0.01131302 
    746.00     0.02677079 
    747.00     0.02526356 
    748.00     0.01773635 
    749.00     0.01285605 
    750.00     -0.01041478 
    751.00     -0.00491293 
    752.00     -0.02100816 
    753.00     -0.01371150 
    754.00     0.00552424 
    755.00     0.00494356 
    756.00     0.00368163 
    757.00     0.01423286 
    758.00     0.02037547 
    759.00     0.02259426 
    760.00     -0.01007016 
    761.00     -0.01788221 
    762.00     -0.01395820 
    763.00     -0.01958766 
    764.00     -0.02501867 
    765.00     -0.02158091 
    766.00     -0.01713395 
    767.00     0.00128275 
    768.00     0.00585349 
    769.00     -0.00180493 
    770.00     -0.00026551 
    771.00     0.00263537 
    772.00     -0.02269921 
    773.00     -0.02026689 
    774.00     -0.01521827 
    775.00     0.00705795 
    776.00     0.00442582 
    777.00     0.00829534 
    778.00     0.01089706 
    779.00     0.03361954 
    780.00     0.02153010 
    781.00     0.00887057 
    782.00     -0.00811455 
    783.00     -0.01298180 
    784.00     -0.01057441 
    785.00     -0.01424400 
    786.00     -0.02405905 
    787.00     -0.02343545 
    788.00     -0.01274884 
    789.00     0.00537438 
    790.00     -0.00160060 
    791.00     0.00733943 
    792.00     0.03190234 
    793.00     0.02895770 
    794.00     0.02213318 
    795.00     0.00426431 
    796.00     -0.00916007 
    797.00     -0.01503359 
    798.00     -0.02482365 
    799.00     -0.03689829 
    800.00     -0.03041591 
    801.00     -0.00526484 
    802.00     0.00537432 
    803.00     0.01109954 
    804.00     0.03399081 
    805.00     0.02723278 
    806.00     0.03299293 
    807.00     0.03782461 
    808.00     0.03055535 
    809.00     0.01305885 
    810.00     0.01045075 
    811.00     0.01268721 
    812.00     -0.02001745 
    813.00     -0.04081604 
    814.00     -0.04362832 
    815.00     -0.01612297 
    816.00     -0.02676928 
    817.00     -0.03992834 
    818.00     -0.01176852 
    819.00     0.02272647 
    820.00     0.04231275 
    821.00     0.03137213 
    822.00     0.03522548 
    823.00     0.04087567 
    824.00     0.02133173 
    825.00     -0.00223313 
    826.00     -0.02766025 
    827.00     -0.04073237 
    828.00     -0.03006714 
    829.00     -0.03954781 
    830.00     -0.03104435 
    831.00     -0.00969905 
    832.00     0.01245451 
    833.00     0.02373145 
    834.00     0.03093760 
    835.00     0.00730890 
    836.00     0.00741523 
    837.00     -0.00822194 
    838.00     -0.02010648 
    839.00     -0.02878121 
    840.00     -0.02515624 
    841.00     0.00902929 
    842.00     0.01501223 
    843.00     0.02586677 
    844.00     0.01369541 
    845.00     0.00609871 
    846.00     0.00897506 
    847.00     -0.01362961 
    848.00     -0.03566490 
    849.00     -0.03739499 
    850.00     -0.01644184 
    851.00     0.00060621 
    852.00     0.01576325 
    853.00     0.01655122 
    854.00     0.03275594 
    855.00     0.03656816 
    856.00     0.04473771 
    857.00     0.00483195 
    858.00     -0.02406318 
    859.00     -0.02315192 
    860.00     -0.05223097 
    861.00     -0.04343191 
    862.00     -0.04395058 
    863.00     -0.02070950 
    864.00     0.00452561 
    865.00     0.01420903 
    866.00     0.01374535 
    867.00     0.01484589 
    868.00     0.00961690 
    869.00     -0.00008076 
    870.00     -0.00834067 
    871.00     -0.00737521 
    872.00     -0.00507405 
    873.00     -0.00528300 
    874.00     -0.00706046 
    875.00     0.01180499 
    876.00     0.02368478 
    877.00     0.00961377 
    878.00     0.01219956 
    879.00     0.00025812 
    880.00     0.00479800 
    881.00     0.00264771 
    882.00     -0.02510003 
    883.00     -0.02738395 
    884.00     -0.03178131 
    885.00     -0.00894459 
    886.00     -0.01574302 
    887.00     0.00549120 
    888.00     0.01061434 
    889.00     0.02544958 
    890.00     0.02980600 
    891.00     0.01682671 
    892.00     0.01288831 
    893.00     -0.01054624 
    894.00     -0.02855860 
    895.00     -0.02279318 
    896.00     -0.02825756 
    897.00     -0.00466300 
    898.00     -0.00994068 
    899.00     -0.00602347 
    900.00     0.00508294 
    901.00     0.00341059 
    902.00     -0.01374460 
    903.00     -0.01859716 
    904.00     -0.02556282 
    905.00     0.00010697 
    906.00     0.00574276 
    907.00     0.02377180 
    908.00     0.02393943 
    909.00     0.01430562 
    910.00     0.00204853 
    911.00     -0.01013721 
    912.00     -0.02312232 
    913.00     -0.04287553 
    914.00     -0.03272275 
    915.00     -0.02098973 
    916.00     0.00113741 
    917.00     0.01522626 
    918.00     0.02902133 
    919.00     0.04212657 
    920.00     0.04310068 
    921.00     0.02475084 
    922.00     0.00402185 
    923.00     -0.01599606 
    924.00     -0.01791127 
    925.00     -0.02739863 
    926.00     -0.03655522 
    927.00     -0.02349116 
    928.00     0.00407261 
    929.00     0.01838535 
    930.00     0.01991038 
    931.00     0.00111071 
    932.00     -0.00363321 
    933.00     0.01241930 
    934.00     -0.02109947 
    935.00     -0.04515094 
    936.00     -0.02794326 
    937.00     -0.01176380 
    938.00     -0.01316561 
    939.00     0.00285742 
    940.00     0.02972170 
    941.00     0.04278477 
    942.00     0.04129552 
    943.00     0.03121848 
    944.00     0.02222951 
    945.00     0.00533300 
    946.00     -0.02306047 
    947.00     -0.01771051 
    948.00     -0.01173226 
    949.00     -0.02689024 
    950.00     -0.00529115 
    951.00     0.00448149 
    952.00     0.00864786 
    953.00     0.00619790 
    954.00     0.01047697 
    955.00     0.03285441 
    956.00     0.03892404 
    957.00     0.01283787 
    958.00     0.00093074 
    959.00     0.01318798 
    960.00     0.01807811 
    961.00     -0.01420267 
    962.00     -0.01340632 
    963.00     0.00354006 
    964.00     0.01159722 
    965.00     0.00721035 
    966.00     0.01135255 
    967.00     0.00680853 
    968.00     -0.00027000 
    969.00     -0.00889392 
    970.00     -0.02870637 
    971.00     -0.03716673 
    972.00     -0.02844612 
    973.00     -0.01341298 
    974.00     -0.00023601 
    975.00     0.00218120 
    976.00     0.02632856 
    977.00     0.05119361 
    978.00     0.05863210 
    979.00     0.04267659 
    980.00     0.02052132 
    981.00     -0.00563446 
    982.00     -0.02221920 
    983.00     -0.04055765 
    984.00     -0.04787258 
    985.00     -0.03407671 
    986.00     -0.02397060 
    987.00     -0.00124377 
    988.00     0.02787190 
    989.00     0.03435617 
    990.00     0.06316197 
    991.00     0.05529354 
    992.00     0.03803845 
    993.00     0.02310129 
    994.00     -0.00019040 
    995.00     -0.02873040 
    996.00     -0.04734837 
    997.00     -0.05181551 
    998.00     -0.02869575 
    999.00     -0.01036133 
   1000.00     0.00460972 
   1001.00     0.02262398 
   1002.00     0.03581229 
   1003.00     0.03521805 
   1004.00     0.02100533 
   1005.00     0.02300101 
   1006.00     0.00533999 
   1007.00     0.00008781 
   1008.00     -0.00684199 
   1009.00     -0.03231065 
   1010.00     -0.03595297 
   1011.00     -0.02050313 
   1012.00     0.00717833 
   1013.00     0.01636621 
   1014.00     0.02566835 
   1015.00     0.03559481 
   1016.00     0.02542887 
   1017.00     0.02773824 
   1018.00     -0.01151867 
   1019.00     -0.04082806 
   1020.00     -0.03521606 
   1021.00     -0.03478581 
   1022.00     -0.04479035 
   1023.00     -0.02080366 
   1024.00     -0.00503606 
   1025.00     0.03274505 
   1026.00     0.04330054 
   1027.00     0.02274942 
   1028.00     0.02042418 
   1029.00     0.01960354 
   1030.00     -0.00406884 
   1031.00     -0.00832231 
   1032.00     -0.02144734 
   1033.00     -0.00975269 
   1034.00     0.00023904 
   1035.00     -0.02011893 
   1036.00     -0.01021412 
   1037.00     -0.00530583 
   1038.00     0.00241007 
   1039.00     -0.01784914 
   1040.00     -0.00361211 
   1041.00     0.03010310 
   1042.00     0.05988524 
   1043.00     0.04810017 
   1044.00     0.05213475 
   1045.00     0.06050538 
   1046.00     0.01921793 
   1047.00     -0.01275770 
   1048.00     -0.05215995 
   1049.00     -0.06126517 
   1050.00     -0.06176642 
   1051.00     -0.05589568 
   1052.00     -0.04530939 
   1053.00     -0.02747639 
   1054.00     0.00840618 
   1055.00     0.05074826 
   1056.00     0.06172263 
   1057.00     0.05175018 
   1058.00     0.04202601 
   1059.00     0.03279289 
   1060.00     0.00823996 
   1061.00     -0.02207501 
   1062.00     -0.05930978 
   1063.00     -0.05351887 
   1064.00     -0.04880190 
   1065.00     -0.02162927 
   1066.00     0.00214316 
   1067.00     0.01050544 
   1068.00     0.02314785 
   1069.00     0.03386001 
   1070.00     0.02246380 
   1071.00     0.01735020 
   1072.00     0.00235863 
   1073.00     -0.01612128 
   1074.00     -0.00445997 
   1075.00     0.00177969 
   1076.00     -0.00772615 
   1077.00     -0.02091790 
   1078.00     -0.01970678 
   1079.00     0.01450196 
   1080.00     0.00605368 
   1081.00     0.00487635 
   1082.00     0.01260790 
   1083.00     0.02258570 
   1084.00     0.01689290 
   1085.00     0.00744330 
   1086.00     0.00385990 
   1087.00     0.02010830 
   1088.00     0.01755696 
   1089.00     -0.00575719 
   1090.00     0.01012569 
   1091.00     0.00246731 
   1092.00     -0.01320315 
   1093.00     -0.02342289 
   1094.00     -0.01587561 
   1095.00     -0.02405594 
   1096.00     -0.02243684 
   1097.00     -0.02364901 
   1098.00     0.01448963 
   1099.00     0.01292178 
   1100.00     0.02821153 
   1101.00     0.04078480 
   1102.00     0.03342713 
   1103.00     0.01888670 
   1104.00     -0.02425840 
   1105.00     -0.02667682 
   1106.00     -0.02896360 
   1107.00     -0.05199667 
   1108.00     -0.06180021 
   1109.00     -0.02066101 
   1110.00     0.01164282 
   1111.00     0.01243747 
   1112.00     0.02055733 
   1113.00     0.04314787 
   1114.00     0.04919283 
   1115.00     0.02740391 
   1116.00     0.00684024 
   1117.00     -0.00098607 
   1118.00     -0.01360084 
   1119.00     -0.02389803 
   1120.00     -0.02808914 
   1121.00     -0.03389189 
   1122.00     -0.01749510 
   1123.00     -0.02029127 
   1124.00     -0.01207291 
   1125.00     0.01001816 
   1126.00     0.00498927 
   1127.00     0.00091681 
   1128.00     0.00539092 
   1129.00     0.00024327 
   1130.00     -0.00509190 
   1131.00     -0.01043174 
   1132.00     -0.00143986 
   1133.00     0.00457031 
   1134.00     -0.00437620 
   1135.00     -0.01543155 
   1136.00     -0.01036407 
   1137.00     -0.00909920 
   1138.00     -0.01023907 
   1139.00     -0.00223197 
   1140.00     -0.00832693 
   1141.00     0.02413093 
   1142.00     0.03005487 
   1143.00     0.02067898 
   1144.00     0.00971136 
   1145.00     0.00623177 
   1146.00     -0.02351160 
   1147.00     -0.02961814 
   1148.00     -0.04754929 
   1149.00     -0.04509357 
   1150.00     -0.05287707 
   1151.00     -0.02386016 
   1152.00     0.01912909 
   1153.00     0.03776034 
   1154.00     0.03310197 
   1155.00     0.05888847 
   1156.00     0.06288039 
   1157.00     0.03552457 
   1158.00     0.00463367 
   1159.00     -0.03810557 
   1160.00     -0.06374329 
   1161.00     -0.06280908 
   1162.00     -0.07987931 
   1163.00     -0.05811400 
   1164.00     -0.01420468 
   1165.00     0.02412507 
   1166.00     0.04538066 
   1167.00     0.05545174 
   1168.00     0.07515388 
   1169.00     0.07490180 
   1170.00     0.00699212 
   1171.00     -0.05241130 
   1172.00     -0.05916354 
   1173.00     -0.05918190 
   1174.00     -0.08249969 
   1175.00     -0.07482952 
   1176.00     0.00205185 
   1177.00     0.04804254 
   1178.00     0.05392976 
   1179.00     0.06742307 
   1180.00     0.08699907 
   1181.00     0.07087584 
   1182.00     0.02983709 
   1183.00     -0.02225230 
   1184.00     -0.06800352 
   1185.00     -0.07208838 
   1186.00     -0.07236204 
   1187.00     -0.07400777 
   1188.00     -0.04907151 
   1189.00     -0.01455377 
   1190.00     0.02335539 
   1191.00     0.06784356 
   1192.00     0.06357852 
   1193.00     0.05592027 
   1194.00     0.02434884 
   1195.00     0.02746662 
   1196.00     0.00952089 
   1197.00     -0.02997666 
   1198.00     -0.03652820 
   1199.00     -0.02844102 
   1200.00     -0.02482675 
   1201.00     -0.01623301 
   1202.00     0.00622134 
   1203.00     0.01709958 
   1204.00     0.01679787 
   1205.00     0.00237497 
   1206.00     0.00717732 
   1207.00     -0.00118223 
   1208.00     -0.00526344 
   1209.00     -0.01088948 
   1210.00     -0.02995026 
   1211.00     -0.02852848 
   1212.00     -0.00596903 
   1213.00     0.00540053 
   1214.00     0.01590032 
   1215.00     0.03190688 
   1216.00     0.03847095 
   1217.00     0.04480650 
   1218.00     0.02869232 
   1219.00     -0.00729430 
   1220.00     -0.02474530 
   1221.00     -0.04563508 
   1222.00     -0.05838522 
   1223.00     -0.06867293 
   1224.00     -0.04817995 
   1225.00     -0.00785033 
   1226.00     0.01950370 
   1227.00     0.03848558 
   1228.00     0.04302509 
   1229.00     0.07151083 
   1230.00     0.05137443 
   1231.00     0.00466874 
   1232.00     -0.02195452 
   1233.00     -0.02979564 
   1234.00     -0.04459564 
   1235.00     -0.03655429 
   1236.00     -0.04493466 
   1237.00     -0.02665019 
   1238.00     -0.00076702 
   1239.00     0.02765132 
   1240.00     0.04004980 
   1241.00     0.04546267 
   1242.00     0.04471776 
   1243.00     0.01317948 
   1244.00     -0.00426090 
   1245.00     -0.02678717 
   1246.00     -0.03625769 
   1247.00     -0.05554758 
   1248.00     -0.05353807 
   1249.00     -0.02521781 
   1250.00     -0.00739379 
   1251.00     0.02170165 
   1252.00     0.03080268 
   1253.00     0.04014184 
   1254.00     0.03888554 
   1255.00     0.01924917 
   1256.00     -0.00441500 
   1257.00     -0.02659208 
   1258.00     -0.04195949 
   1259.00     -0.05758224 
   1260.00     -0.04674036 
   1261.00     -0.02155416 
   1262.00     -0.01486776 
   1263.00     0.01203522 
   1264.00     0.03568782 
   1265.00     0.05237475 
   1266.00     0.04615766 
   1267.00     0.00444703 
   1268.00     0.00079464 
   1269.00     0.01315983 
   1270.00     -0.03282958 
   1271.00     -0.07124250 
   1272.00     -0.04782084 
   1273.00     -0.01578816 
   1274.00     -0.01597504 
   1275.00     -0.01276660 
   1276.00     -0.00593903 
   1277.00     0.02136783 
   1278.00     0.02823047 
   1279.00     0.03288168 
   1280.00     0.02555681 
   1281.00     0.02913878 
   1282.00     0.00322128 
   1283.00     -0.00730006 
   1284.00     0.00408930 
   1285.00     -0.00794235 
   1286.00     -0.01713271 
   1287.00     -0.00617525 
   1288.00     0.01619796 
   1289.00     0.00762293 
   1290.00     -0.00411543 
   1291.00     0.00818591 
   1292.00     0.00451043 
   1293.00     -0.00944825 
   1294.00     -0.01966649 
   1295.00     -0.01900986 
   1296.00     -0.01571734 
   1297.00     0.00435972 
   1298.00     0.01095073 
   1299.00     0.02774937 
   1300.00     0.02972291 
   1301.00     0.01540858 
   1302.00     0.00212768 
   1303.00     -0.01267047 
   1304.00     -0.02795676 
   1305.00     -0.03171526 
   1306.00     -0.01951287 
   1307.00     -0.02422764 
   1308.00     0.01489121 
   1309.00     0.03918995 
   1310.00     0.05519312 
   1311.00     0.07278423 
   1312.00     0.05749966 
   1313.00     0.05099708 
   1314.00     0.00987163 
   1315.00     -0.02972855 
   1316.00     -0.06308015 
   1317.00     -0.08937299 
   1318.00     -0.09149831 
   1319.00     -0.07310012 
   1320.00     -0.04505626 
   1321.00     -0.00068163 
   1322.00     0.05758816 
   1323.00     0.07772250 
   1324.00     0.10049618 
   1325.00     0.08198682 
   1326.00     0.06603986 
   1327.00     0.02969173 
   1328.00     -0.04532010 
   1329.00     -0.09407150 
   1330.00     -0.10164735 
   1331.00     -0.11736323 
   1332.00     -0.08881717 
   1333.00     -0.05322093 
   1334.00     0.01987942 
   1335.00     0.06644852 
   1336.00     0.09711026 
   1337.00     0.09256762 
   1338.00     0.07127987 
   1339.00     0.03292385 
   1340.00     -0.01280872 
   1341.00     -0.05174896 
   1342.00     -0.08933649 
   1343.00     -0.09457535 
   1344.00     -0.10335290 
   1345.00     -0.06854800 
   1346.00     -0.02334350 
   1347.00     0.01263001 
   1348.00     0.03570240 
   1349.00     0.06282772 
   1350.00     0.08768970 
   1351.00     0.09207708 
   1352.00     0.04933446 
   1353.00     0.00920492 
   1354.00     -0.00741641 
   1355.00     -0.03622010 
   1356.00     -0.06564125 
   1357.00     -0.06073501 
   1358.00     -0.05298660 
   1359.00     -0.03854232 
   1360.00     -0.01079439 
   1361.00     0.01479542 
   1362.00     0.03719896 
   1363.00     0.03237489 
   1364.00     0.03304611 
   1365.00     0.02914571 
   1366.00     0.01862942 
   1367.00     -0.01344705 
   1368.00     -0.03371206 
   1369.00     -0.05757072 
   1370.00     -0.04315794 
   1371.00     -0.03972527 
   1372.00     -0.00996522 
   1373.00     -0.00615028 
   1374.00     0.03025332 
   1375.00     0.03674396 
   1376.00     0.03676403 
   1377.00     0.03384396 
   1378.00     0.02885876 
   1379.00     0.02147403 
   1380.00     -0.00262299 
   1381.00     -0.01303752 
   1382.00     -0.04732354 
   1383.00     -0.04104045 
   1384.00     -0.05413686 
   1385.00     -0.03666493 
   1386.00     -0.01522282 
   1387.00     0.00629062 
   1388.00     0.04006261 
   1389.00     0.06031428 
   1390.00     0.06760930 
   1391.00     0.03481976 
   1392.00     0.02144821 
   1393.00     -0.00465349 
   1394.00     -0.01390991 
   1395.00     -0.03895738 
   1396.00     -0.04167620 
   1397.00     -0.04027119 
   1398.00     -0.02634398 
   1399.00     0.00922909 
   1400.00     0.03316072 
   1401.00     0.05150271 
   1402.00     0.06406287 
   1403.00     0.05791887 
   1404.00     0.04231082 
   1405.00     0.00768818 
   1406.00     -0.04078219 
   1407.00     -0.05942103 
   1408.00     -0.08743899 
   1409.00     -0.09224364 
   1410.00     -0.09335022 
   1411.00     -0.05779662 
   1412.00     -0.01069655 
   1413.00     0.02875094 
   1414.00     0.07397418 
   1415.00     0.07185076 
   1416.00     0.09149698 
   1417.00     0.06974550 
   1418.00     0.04479214 
   1419.00     0.00208723 
   1420.00     -0.02046342 
   1421.00     -0.03555770 
   1422.00     -0.06091353 
   1423.00     -0.05981962 
   1424.00     -0.05008042 
   1425.00     -0.02467258 
   1426.00     0.00803790 
   1427.00     0.03191046 
   1428.00     0.04517883 
   1429.00     0.07794249 
   1430.00     0.06222158 
   1431.00     0.05239450 
   1432.00     0.02928206 
   1433.00     0.00271846 
   1434.00     -0.03299437 
   1435.00     -0.05415720 
   1436.00     -0.04136262 
   1437.00     -0.03395791 
   1438.00     -0.02262450 
   1439.00     -0.01377619 
   1440.00     0.04558023 
   1441.00     0.05443255 
   1442.00     0.04663554 
   1443.00     0.04517419 
   1444.00     0.01204879 
   1445.00     -0.01346618 
   1446.00     -0.06673960 
   1447.00     -0.06095377 
   1448.00     -0.07317849 
   1449.00     -0.04647798 
   1450.00     -0.00668127 
   1451.00     0.01391258 
   1452.00     0.03751400 
   1453.00     0.06959269 
   1454.00     0.08388098 
   1455.00     0.04321459 
   1456.00     0.01043426 
   1457.00     -0.00716632 
   1458.00     -0.03153951 
   1459.00     -0.06869201 
   1460.00     -0.05735829 
   1461.00     -0.03392318 
   1462.00     -0.02132699 
   1463.00     -0.02306866 
   1464.00     -0.01108378 
   1465.00     0.00703521 
   1466.00     0.01369613 
   1467.00     0.01599781 
   1468.00     0.01870039 
   1469.00     0.03142623 
   1470.00     0.03892360 
   1471.00     -0.00523634 
   1472.00     -0.01022957 
   1473.00     0.00381471 
   1474.00     -0.02441141 
   1475.00     -0.05525296 
   1476.00     -0.04357135 
   1477.00     -0.00958501 
   1478.00     0.00432557 
   1479.00     0.00380986 
   1480.00     0.01642055 
   1481.00     0.03572470 
   1482.00     0.01454166 
   1483.00     -0.01339625 
   1484.00     -0.01110750 
   1485.00     -0.00741991 
   1486.00     -0.01664058 
   1487.00     -0.02634965 
   1488.00     -0.00586521 
   1489.00     0.04737430 
   1490.00     0.04925393 
   1491.00     0.02603603 
   1492.00     0.01953391 
   1493.00     0.03194729 
   1494.00     0.00136189 
   1495.00     -0.05076303 
   1496.00     -0.07157329 
   1497.00     -0.06650691 
   1498.00     -0.04636612 
   1499.00     -0.02718674 
   1500.00     0.01477935 
   1501.00     0.05670068 
   1502.00     0.08685967 
   1503.00     0.10646607 
   1504.00     0.10576902 
   1505.00     0.07798189 
   1506.00     0.02613105 
   1507.00     -0.03001879 
   1508.00     -0.08621070 
   1509.00     -0.12086606 
   1510.00     -0.13334453 
   1511.00     -0.09656475 
   1512.00     -0.05794753 
   1513.00     0.04173945 
   1514.00     0.09250715 
   1515.00     0.16026573 
   1516.00     0.16634639 
   1517.00     0.13628234 
   1518.00     0.07997447 
   1519.00     0.00537177 
   1520.00     -0.07978044 
   1521.00     -0.14871186 
   1522.00     -0.14004816 
   1523.00     -0.11249891 
   1524.00     -0.08084343 
   1525.00     -0.03922782 
   1526.00     0.04912052 
   1527.00     0.10727494 
   1528.00     0.11618928 
   1529.00     0.10694689 
   1530.00     0.08091583 
   1531.00     0.02262694 
   1532.00     -0.05919274 
   1533.00     -0.08603459 
   1534.00     -0.11679309 
   1535.00     -0.10249719 
   1536.00     -0.05530048 
   1537.00     0.00091908 
   1538.00     0.05257218 
   1539.00     0.05830296 
   1540.00     0.09263443 
   1541.00     0.09140317 
   1542.00     0.04227789 
   1543.00     -0.00662158 
   1544.00     -0.04984441 
   1545.00     -0.05160045 
   1546.00     -0.06475361 
   1547.00     -0.07136372 
   1548.00     -0.03116014 
   1549.00     -0.00991430 
   1550.00     0.03166012 
   1551.00     0.06878503 
   1552.00     0.04672945 
   1553.00     0.05689929 
   1554.00     0.01113795 
   1555.00     -0.01108356 
   1556.00     -0.01916909 
   1557.00     -0.04508933 
   1558.00     -0.05122869 
   1559.00     -0.04736142 
   1560.00     -0.00836670 
   1561.00     0.00733629 
   1562.00     0.02354142 
   1563.00     0.03100582 
   1564.00     0.05073946 
   1565.00     0.05473434 
   1566.00     0.04603313 
   1567.00     0.00620207 
   1568.00     -0.02062580 
   1569.00     -0.05271206 
   1570.00     -0.06566595 
   1571.00     -0.06642434 
   1572.00     -0.08436015 
   1573.00     -0.05510362 
   1574.00     -0.03582965 
   1575.00     0.02274902 
   1576.00     0.05996569 
   1577.00     0.06209629 
   1578.00     0.02557866 
   1579.00     0.03000333 
   1580.00     -0.00814494 
   1581.00     -0.02937907 
   1582.00     -0.04777613 
   1583.00     -0.06248970 
   1584.00     -0.03833530 
   1585.00     -0.00984134 
   1586.00     0.00056762 
   1587.00     0.05078344 
   1588.00     0.06988161 
   1589.00     0.04498268 
   1590.00     0.04614613 
   1591.00     -0.01902122 
   1592.00     -0.03223824 
   1593.00     -0.05176052 
   1594.00     -0.02596788 
   1595.00     -0.03072874 
   1596.00     0.00083857 
   1597.00     0.03641294 
   1598.00     0.06335179 
   1599.00     0.05845771 
   1600.00     0.02607467 
   1601.00     0.00412270 
   1602.00     -0.02744211 
   1603.00     -0.04878626 
   1604.00     -0.06365415 
   1605.00     -0.06559128 
   1606.00     -0.03213560 
   1607.00     0.01613599 
   1608.00     0.04459438 
   1609.00     0.07414111 
   1610.00     0.06496816 
   1611.00     0.05463038 
   1612.00     0.01798301 
   1613.00     -0.02817893 
   1614.00     -0.08707312 
   1615.00     -0.08783484 
   1616.00     -0.08204786 
   1617.00     -0.03524118 
   1618.00     -0.00642495 
   1619.00     0.03245299 
   1620.00     0.09459700 
   1621.00     0.10829467 
   1622.00     0.08923814 
   1623.00     0.06639447 
   1624.00     -0.00920264 
   1625.00     -0.02457877 
   1626.00     -0.04670934 
   1627.00     -0.09400745 
   1628.00     -0.07506047 
   1629.00     -0.03692015 
   1630.00     0.02206594 
   1631.00     0.07299529 
   1632.00     0.09737247 
   1633.00     0.12423057 
   1634.00     0.12651356 
   1635.00     0.03689867 
   1636.00     -0.04100079 
   1637.00     -0.10163057 
   1638.00     -0.09384339 
   1639.00     -0.11039982 
   1640.00     -0.11513548 
   1641.00     -0.05756477 
   1642.00     0.02562099 
   1643.00     0.09609631 
   1644.00     0.12043767 
   1645.00     0.10686979 
   1646.00     0.10680243 
   1647.00     0.06305727 
   1648.00     -0.00971457 
   1649.00     -0.06936379 
   1650.00     -0.11138855 
   1651.00     -0.08901977 
   1652.00     -0.07221537 
   1653.00     -0.02206142 
   1654.00     0.00703252 
   1655.00     0.04063498 
   1656.00     0.09014571 
   1657.00     0.08422250 
   1658.00     0.04532598 
   1659.00     -0.01441589 
   1660.00     -0.04240720 
   1661.00     -0.05911269 
   1662.00     -0.06651074 
   1663.00     -0.07948191 
   1664.00     -0.05849402 
   1665.00     0.00074516 
   1666.00     0.05545938 
   1667.00     0.05883137 
   1668.00     0.09637954 
   1669.00     0.10353518 
   1670.00     0.07861327 
   1671.00     0.02005586 
   1672.00     -0.04587578 
   1673.00     -0.06080910 
   1674.00     -0.07500756 
   1675.00     -0.08413630 
   1676.00     -0.07921456 
   1677.00     -0.02845756 
   1678.00     -0.00439377 
   1679.00     0.05406890 
   1680.00     0.05511937 
   1681.00     0.06219139 
   1682.00     0.05750880 
   1683.00     0.00592107 
   1684.00     -0.00971054 
   1685.00     -0.03343757 
   1686.00     -0.06148717 
   1687.00     -0.06186248 
   1688.00     -0.07798091 
   1689.00     -0.04431403 
   1690.00     0.00491974 
   1691.00     0.01816346 
   1692.00     0.03799395 
   1693.00     0.06060527 
   1694.00     0.04371669 
   1695.00     0.02472115 
   1696.00     -0.02502023 
   1697.00     -0.04852009 
   1698.00     -0.05396600 
   1699.00     -0.07823107 
   1700.00     -0.06151133 
   1701.00     -0.02949856 
   1702.00     0.02831082 
   1703.00     0.09269213 
   1704.00     0.10248107 
   1705.00     0.08693869 
   1706.00     0.04257767 
   1707.00     0.00583299 
   1708.00     -0.05777746 
   1709.00     -0.10582856 
   1710.00     -0.10949175 
   1711.00     -0.04280611 
   1712.00     0.00207170 
   1713.00     0.06222655 
   1714.00     0.10719666 
   1715.00     0.12444914 
   1716.00     0.08998755 
   1717.00     0.02089723 
   1718.00     -0.02704190 
   1719.00     -0.07408070 
   1720.00     -0.11160775 
   1721.00     -0.14840055 
   1722.00     -0.10323101 
   1723.00     -0.04694442 
   1724.00     0.02581877 
   1725.00     0.10339350 
   1726.00     0.14374426 
   1727.00     0.18362683 
   1728.00     0.13288249 
   1729.00     0.06779096 
   1730.00     -0.01686120 
   1731.00     -0.11828263 
   1732.00     -0.20290162 
   1733.00     -0.18664032 
   1734.00     -0.15735140 
   1735.00     -0.06904295 
   1736.00     0.02130841 
   1737.00     0.09412383 
   1738.00     0.19630842 
   1739.00     0.20642334 
   1740.00     0.15700884 
   1741.00     0.08907601 
   1742.00     -0.00019992 
   1743.00     -0.06872236 
   1744.00     -0.13832101 
   1745.00     -0.19623047 
   1746.00     -0.15970434 
   1747.00     -0.08657338 
   1748.00     0.01343855 
   1749.00     0.10871466 
   1750.00     0.14554650 
   1751.00     0.16929503 
   1752.00     0.14954665 
   1753.00     0.09828001 
   1754.00     -0.00144129 
   1755.00     -0.06466902 
   1756.00     -0.12561582 
   1757.00     -0.14679226 
   1758.00     -0.14201404 
   1759.00     -0.09768841 
   1760.00     -0.04831610 
   1761.00     0.01149832 
   1762.00     0.07814998 
   1763.00     0.11212834 
   1764.00     0.12239789 
   1765.00     0.12381356 
   1766.00     0.08775506 
   1767.00     0.03862277 
   1768.00     -0.00947334 
   1769.00     -0.05055048 
   1770.00     -0.07615335 
   1771.00     -0.09745830 
   1772.00     -0.08693028 
   1773.00     -0.08140717 
   1774.00     -0.03617913 
   1775.00     -0.00160676 
   1776.00     0.02337405 
   1777.00     0.04656883 
   1778.00     0.06793663 
   1779.00     0.07665890 
   1780.00     0.05941188 
   1781.00     0.02028522 
   1782.00     -0.00384738 
   1783.00     -0.01078346 
   1784.00     -0.01365340 
   1785.00     -0.00927398 
   1786.00     -0.01540652 
   1787.00     0.01554168 
   1788.00     0.01413705 
   1789.00     0.00069571 
   1790.00     0.00510680 
   1791.00     -0.01887170 
   1792.00     -0.00841637 
   1793.00     -0.02375820 
   1794.00     0.00691390 
   1795.00     0.03981651 
   1796.00     0.02613620 
   1797.00     0.03523462 
   1798.00     -0.00685257 
   1799.00     -0.05456690 
   1800.00     -0.06013387 
   1801.00     -0.09420424 
   1802.00     -0.08031716 
   1803.00     -0.06804361 
   1804.00     -0.00947244 
   1805.00     0.03363878 
   1806.00     0.07054424 
   1807.00     0.11113711 
   1808.00     0.13786666 
   1809.00     0.12502035 
   1810.00     0.04174918 
   1811.00     -0.01937553 
   1812.00     -0.06870941 
   1813.00     -0.11664364 
   1814.00     -0.16621815 
   1815.00     -0.16248097 
   1816.00     -0.11434783 
   1817.00     -0.04651291 
   1818.00     0.04621036 
   1819.00     0.14962693 
   1820.00     0.18701966 
   1821.00     0.19967692 
   1822.00     0.15705560 
   1823.00     0.05352413 
   1824.00     -0.03076333 
   1825.00     -0.13285193 
   1826.00     -0.16801892 
   1827.00     -0.19251986 
   1828.00     -0.15596546 
   1829.00     -0.09447614 
   1830.00     0.01565630 
   1831.00     0.11331537 
   1832.00     0.15921900 
   1833.00     0.18092418 
   1834.00     0.16994648 
   1835.00     0.10690016 
   1836.00     -0.01944377 
   1837.00     -0.13205487 
   1838.00     -0.18428059 
   1839.00     -0.19398530 
   1840.00     -0.20604531 
   1841.00     -0.11265623 
   1842.00     0.01617989 
   1843.00     0.14579593 
   1844.00     0.21220902 
   1845.00     0.22817121 
   1846.00     0.18840037 
   1847.00     0.08044887 
   1848.00     -0.03285878 
   1849.00     -0.13269801 
   1850.00     -0.23468249 
   1851.00     -0.23958628 
   1852.00     -0.19969589 
   1853.00     -0.07736475 
   1854.00     0.06960820 
   1855.00     0.18755952 
   1856.00     0.23434228 
   1857.00     0.23818035 
   1858.00     0.19206367 
   1859.00     0.07496265 
   1860.00     -0.08437646 
   1861.00     -0.20575117 
   1862.00     -0.24800420 
   1863.00     -0.22923791 
   1864.00     -0.17345777 
   1865.00     -0.05255696 
   1866.00     0.10815956 
   1867.00     0.21926484 
   1868.00     0.24868642 
   1869.00     0.20847188 
   1870.00     0.13896210 
   1871.00     0.01457941 
   1872.00     -0.12457407 
   1873.00     -0.19549909 
   1874.00     -0.22219163 
   1875.00     -0.18296984 
   1876.00     -0.08181380 
   1877.00     0.01944853 
   1878.00     0.11096512 
   1879.00     0.13088688 
   1880.00     0.15283613 
   1881.00     0.12370743 
   1882.00     0.05151918 
   1883.00     -0.01475529 
   1884.00     -0.07022999 
   1885.00     -0.09335119 
   1886.00     -0.10341375 
   1887.00     -0.06506289 
   1888.00     -0.01244411 
   1889.00     0.02227904 
   1890.00     0.03848050 
   1891.00     0.09603196 
   1892.00     0.09355306 
   1893.00     0.07307227 
   1894.00     0.02744984 
   1895.00     -0.03721862 
   1896.00     -0.09337349 
   1897.00     -0.10401001 
   1898.00     -0.09542814 
   1899.00     -0.09924981 
   1900.00     -0.05472878 
   1901.00     0.00534270 
   1902.00     0.06796660 
   1903.00     0.10886001 
   1904.00     0.12581909 
   1905.00     0.11619345 
   1906.00     0.06940797 
   1907.00     0.01881479 
   1908.00     -0.02950793 
   1909.00     -0.10985933 
   1910.00     -0.16594166 
   1911.00     -0.16531788 
   1912.00     -0.10756550 
   1913.00     -0.05086136 
   1914.00     0.04155673 
   1915.00     0.14557174 
   1916.00     0.22680566 
   1917.00     0.18012591 
   1918.00     0.09563492 
   1919.00     0.01386645 
   1920.00     -0.05142810 
   1921.00     -0.15174185 
   1922.00     -0.20325296 
   1923.00     -0.17644510 
   1924.00     -0.08664140 
   1925.00     -0.00053304 
   1926.00     0.08586190 
   1927.00     0.14734197 
   1928.00     0.16479425 
   1929.00     0.09188664 
   1930.00     0.00236490 
   1931.00     -0.05724060 
   1932.00     -0.11112995 
   1933.00     -0.10622532 
   1934.00     -0.06593223 
   1935.00     0.01877038 
   1936.00     0.08932887 
   1937.00     0.08887667 
   1938.00     0.06151915 
   1939.00     0.01337762 
   1940.00     -0.02221720 
   1941.00     -0.03940699 
   1942.00     -0.05264141 
   1943.00     -0.08716384 
   1944.00     -0.07374017 
   1945.00     -0.00437089 
   1946.00     0.05957088 
   1947.00     0.10765108 
   1948.00     0.11615669 
   1949.00     0.07320034 
   1950.00     -0.01047689 
   1951.00     -0.04743342 
   1952.00     -0.07425705 
   1953.00     -0.08822042 
   1954.00     -0.04706034 
   1955.00     0.02827828 
   1956.00     0.07791045 
   1957.00     0.08626938 
   1958.00     0.05113618 
   1959.00     -0.00781753 
   1960.00     -0.09576032 
   1961.00     -0.10688591 
   1962.00     -0.06747405 
   1963.00     -0.00636874 
   1964.00     0.09171049 
   1965.00     0.16028935 
   1966.00     0.17720984 
   1967.00     0.07723960 
   1968.00     -0.03345585 
   1969.00     -0.10785536 
   1970.00     -0.16499345 
   1971.00     -0.18628086 
   1972.00     -0.19125427 
   1973.00     -0.06317634 
   1974.00     0.08966775 
   1975.00     0.15650152 
   1976.00     0.19412829 
   1977.00     0.21973638 
   1978.00     0.14705215 
   1979.00     -0.00641939 
   1980.00     -0.16634531 
   1981.00     -0.22556794 
   1982.00     -0.24970500 
   1983.00     -0.07719582 
   1984.00     0.10374442 
   1985.00     0.20677976 
   1986.00     0.24906562 
   1987.00     0.20276608 
   1988.00     0.04950298 
   1989.00     -0.23005810 
   1990.00     -0.31791002 
   1991.00     -0.30141672 
   1992.00     -0.27749902 
   1993.00     0.02745898 
   1994.00     0.46025908 
   1995.00     0.47803459 
   1996.00     0.08247872 
   1997.00     -0.19381821 
   1998.00     -0.58600950 
   1999.00     -0.87134904 
   2000.00     0.00000000 
