[mol0]
0
1
2
3
6
9
10
11
12
13
14
15
7
8
4
5
16
[mol1]
17
18
19
20
23
26
27
28
29
30
31
32
24
25
21
22
33
[mol2]
34
35
36
37
40
43
44
45
46
47
48
49
41
42
38
39
50
[mol3]
51
52
53
54
57
60
61
62
63
64
65
66
58
59
55
56
67
[mol4]
68
69
70
71
74
77
78
79
80
81
82
83
75
76
72
73
84
[mol5]
85
86
87
88
91
94
95
96
97
98
99
100
92
93
89
90
101
[mol6]
102
103
104
105
108
111
112
113
114
115
116
117
109
110
106
107
118
[mol7]
119
120
121
122
125
128
129
130
131
132
133
134
126
127
123
124
135
[mol8]
136
137
138
139
142
145
146
147
148
149
150
151
143
144
140
141
152
[mol9]
153
154
155
156
159
162
163
164
165
166
167
168
160
161
157
158
169
