#  iFrame          Time(ps)     <Ree^2>/<Rg^2>  std<Ree^2>/<Rg^2>
#================================================================
         0          0.000         0.71         0.00 
         1         10.000         0.22         0.00 
         2         20.000         0.49         0.00 
         3         30.000         3.47         0.00 
         4         40.000         5.93         0.00 
         5         50.000        12.70         0.00 
         6         60.000         6.06         0.00 
         7         70.000         2.34         0.00 
         8         80.000         0.92         0.00 
         9         90.000         1.05         0.00 
        10        100.000         2.68         0.00 
        11        110.000         4.03         0.00 
        12        120.000         5.57         0.00 
        13        130.000         9.13         0.00 
        14        140.000         9.19         0.00 
        15        150.000        11.14         0.00 
        16        160.000         9.27         0.00 
        17        170.000         8.50         0.00 
        18        180.000         6.27         0.00 
        19        190.000         8.48         0.00 
        20        200.000         6.46         0.00 
        21        210.000         7.47         0.00 
        22        220.000         4.90         0.00 
        23        230.000         7.28         0.00 
        24        240.000        10.35         0.00 
        25        250.000        11.00         0.00 
        26        260.000        10.28         0.00 
        27        270.000         5.57         0.00 
        28        280.000         2.76         0.00 
        29        290.000         5.67         0.00 
        30        300.000         6.90         0.00 
        31        310.000         7.30         0.00 
        32        320.000         8.18         0.00 
        33        330.000         7.36         0.00 
        34        340.000        10.55         0.00 
        35        350.000        12.04         0.00 
        36        360.000        12.69         0.00 
        37        370.000        10.37         0.00 
        38        380.000         9.91         0.00 
        39        390.000         8.74         0.00 
        40        400.000        10.31         0.00 
        41        410.000        10.19         0.00 
        42        420.000         8.94         0.00 
        43        430.000         4.34         0.00 
        44        440.000         2.45         0.00 
        45        450.000         3.31         0.00 
        46        460.000         4.04         0.00 
        47        470.000         2.99         0.00 
        48        480.000         1.89         0.00 
        49        490.000         3.93         0.00 
        50        500.000         1.46         0.00 
        51        510.000         0.26         0.00 
        52        520.000         0.01         0.00 
        53        530.000         0.24         0.00 
        54        540.000         0.03         0.00 
        55        550.000         0.04         0.00 
        56        560.000         0.01         0.00 
        57        570.000         0.10         0.00 
        58        580.000         1.10         0.00 
        59        590.000         1.42         0.00 
        60        600.000         3.19         0.00 
        61        610.000         3.02         0.00 
        62        620.000         3.39         0.00 
        63        630.000         4.24         0.00 
        64        640.000         8.63         0.00 
        65        650.000         9.58         0.00 
        66        660.000        11.59         0.00 
        67        670.000        10.03         0.00 
        68        680.000         7.51         0.00 
        69        690.000         6.95         0.00 
        70        700.000         4.66         0.00 
        71        710.000         5.72         0.00 
        72        720.000         4.55         0.00 
        73        730.000         5.42         0.00 
        74        740.000         7.38         0.00 
        75        750.000         9.81         0.00 
        76        760.000         7.41         0.00 
        77        770.000         5.91         0.00 
        78        780.000         4.52         0.00 
        79        790.000         4.20         0.00 
        80        800.000         6.66         0.00 
        81        810.000         4.22         0.00 
        82        820.000         6.78         0.00 
        83        830.000        11.39         0.00 
        84        840.000         8.48         0.00 
        85        850.000         7.26         0.00 
        86        860.000         6.18         0.00 
        87        870.000         5.20         0.00 
        88        880.000         5.18         0.00 
        89        890.000         7.88         0.00 
        90        900.000         7.19         0.00 
        91        910.000         7.84         0.00 
        92        920.000         5.95         0.00 
        93        930.000         5.87         0.00 
        94        940.000         6.26         0.00 
        95        950.000         6.56         0.00 
        96        960.000         7.93         0.00 
        97        970.000         5.39         0.00 
        98        980.000         4.49         0.00 
        99        990.000         8.54         0.00 
       100       1000.000         8.08         0.00 
       101       1010.000         4.62         0.00 
       102       1020.000         5.00         0.00 
       103       1030.000         4.86         0.00 
       104       1040.000         2.87         0.00 
       105       1050.000         1.50         0.00 
       106       1060.000         0.67         0.00 
       107       1070.000         1.68         0.00 
       108       1080.000         4.16         0.00 
       109       1090.000         7.11         0.00 
       110       1100.000         9.41         0.00 
       111       1110.000        11.31         0.00 
       112       1120.000        12.15         0.00 
       113       1130.000         9.99         0.00 
       114       1140.000         8.48         0.00 
       115       1150.000         7.52         0.00 
       116       1160.000         4.97         0.00 
       117       1170.000         4.39         0.00 
       118       1180.000         2.70         0.00 
       119       1190.000         1.37         0.00 
       120       1200.000         0.64         0.00 
       121       1210.000         1.76         0.00 
       122       1220.000         7.61         0.00 
       123       1230.000         5.05         0.00 
       124       1240.000         2.02         0.00 
       125       1250.000         3.14         0.00 
       126       1260.000         4.75         0.00 
       127       1270.000         3.12         0.00 
       128       1280.000         3.83         0.00 
       129       1290.000         3.71         0.00 
       130       1300.000         5.13         0.00 
       131       1310.000         7.33         0.00 
       132       1320.000         8.70         0.00 
       133       1330.000         9.25         0.00 
       134       1340.000         7.27         0.00 
       135       1350.000         6.37         0.00 
       136       1360.000         5.53         0.00 
       137       1370.000         7.98         0.00 
       138       1380.000         7.44         0.00 
       139       1390.000         6.27         0.00 
       140       1400.000         1.77         0.00 
       141       1410.000         3.11         0.00 
       142       1420.000         4.16         0.00 
       143       1430.000         2.60         0.00 
       144       1440.000         4.00         0.00 
       145       1450.000         6.82         0.00 
       146       1460.000         6.41         0.00 
       147       1470.000         7.65         0.00 
       148       1480.000         5.15         0.00 
       149       1490.000         6.88         0.00 
       150       1500.000         9.14         0.00 
       151       1510.000         6.74         0.00 
       152       1520.000         5.93         0.00 
       153       1530.000         6.60         0.00 
       154       1540.000         6.40         0.00 
       155       1550.000         5.98         0.00 
       156       1560.000         6.78         0.00 
       157       1570.000         5.53         0.00 
       158       1580.000         4.13         0.00 
       159       1590.000         4.52         0.00 
       160       1600.000         6.54         0.00 
       161       1610.000         6.53         0.00 
       162       1620.000         6.93         0.00 
       163       1630.000         4.06         0.00 
       164       1640.000         1.75         0.00 
       165       1650.000         2.81         0.00 
       166       1660.000         3.82         0.00 
       167       1670.000         3.51         0.00 
       168       1680.000         4.06         0.00 
       169       1690.000         4.53         0.00 
       170       1700.000         7.70         0.00 
       171       1710.000        10.00         0.00 
       172       1720.000         7.80         0.00 
       173       1730.000         6.00         0.00 
       174       1740.000         5.24         0.00 
       175       1750.000         4.90         0.00 
       176       1760.000         5.06         0.00 
       177       1770.000         6.09         0.00 
       178       1780.000         2.60         0.00 
       179       1790.000         4.42         0.00 
       180       1800.000         8.74         0.00 
       181       1810.000        10.17         0.00 
       182       1820.000        13.82         0.00 
       183       1830.000         9.85         0.00 
       184       1840.000         8.45         0.00 
       185       1850.000         3.69         0.00 
       186       1860.000         4.23         0.00 
       187       1870.000         2.22         0.00 
       188       1880.000         2.49         0.00 
       189       1890.000         4.41         0.00 
       190       1900.000         3.26         0.00 
       191       1910.000         4.68         0.00 
       192       1920.000         6.22         0.00 
       193       1930.000         7.98         0.00 
       194       1940.000        10.71         0.00 
       195       1950.000         9.51         0.00 
       196       1960.000        10.43         0.00 
       197       1970.000         9.83         0.00 
       198       1980.000         7.74         0.00 
       199       1990.000         2.96         0.00 
       200       2000.000         4.60         0.00 
       201       2010.000         4.47         0.00 
       202       2020.000         4.54         0.00 
       203       2030.000         5.73         0.00 
       204       2040.000         8.44         0.00 
       205       2050.000        10.50         0.00 
       206       2060.000         9.05         0.00 
       207       2070.000         8.62         0.00 
       208       2080.000         5.76         0.00 
       209       2090.000         4.72         0.00 
       210       2100.000         3.52         0.00 
       211       2110.000         5.69         0.00 
       212       2120.000         5.28         0.00 
       213       2130.000         7.34         0.00 
       214       2140.000         7.69         0.00 
       215       2150.000         7.87         0.00 
       216       2160.000         9.21         0.00 
       217       2170.000         2.08         0.00 
       218       2180.000         0.63         0.00 
       219       2190.000         1.06         0.00 
       220       2200.000         1.22         0.00 
       221       2210.000         2.71         0.00 
       222       2220.000         7.59         0.00 
       223       2230.000         5.95         0.00 
       224       2240.000         6.75         0.00 
       225       2250.000         5.15         0.00 
       226       2260.000         5.28         0.00 
       227       2270.000         5.17         0.00 
       228       2280.000         2.95         0.00 
       229       2290.000         2.27         0.00 
       230       2300.000         6.63         0.00 
       231       2310.000         9.81         0.00 
       232       2320.000         6.13         0.00 
       233       2330.000        10.28         0.00 
       234       2340.000         6.56         0.00 
       235       2350.000         6.10         0.00 
       236       2360.000         7.99         0.00 
       237       2370.000         8.03         0.00 
       238       2380.000         7.35         0.00 
       239       2390.000         7.05         0.00 
       240       2400.000         5.45         0.00 
       241       2410.000         5.24         0.00 
       242       2420.000         4.62         0.00 
       243       2430.000         3.94         0.00 
       244       2440.000         5.71         0.00 
       245       2450.000         8.43         0.00 
       246       2460.000         8.68         0.00 
       247       2470.000         9.35         0.00 
       248       2480.000         6.79         0.00 
       249       2490.000         4.96         0.00 
       250       2500.000         2.76         0.00 
       251       2510.000         0.84         0.00 
       252       2520.000         2.48         0.00 
       253       2530.000         8.35         0.00 
       254       2540.000        12.28         0.00 
       255       2550.000        10.59         0.00 
       256       2560.000         4.68         0.00 
       257       2570.000         3.68         0.00 
       258       2580.000         4.82         0.00 
       259       2590.000         3.63         0.00 
       260       2600.000         7.33         0.00 
       261       2610.000         7.74         0.00 
       262       2620.000         4.95         0.00 
       263       2630.000         2.98         0.00 
       264       2640.000         0.72         0.00 
       265       2650.000         0.83         0.00 
       266       2660.000         0.36         0.00 
       267       2670.000         0.20         0.00 
       268       2680.000         0.57         0.00 
       269       2690.000         1.71         0.00 
       270       2700.000         2.85         0.00 
       271       2710.000         2.82         0.00 
       272       2720.000         2.32         0.00 
       273       2730.000         1.64         0.00 
       274       2740.000         2.82         0.00 
       275       2750.000         7.09         0.00 
       276       2760.000         7.37         0.00 
       277       2770.000         4.99         0.00 
       278       2780.000         8.17         0.00 
       279       2790.000         8.60         0.00 
       280       2800.000         6.56         0.00 
       281       2810.000         8.97         0.00 
       282       2820.000         1.89         0.00 
       283       2830.000         3.19         0.00 
       284       2840.000         7.91         0.00 
       285       2850.000         3.47         0.00 
       286       2860.000         5.66         0.00 
       287       2870.000         8.34         0.00 
       288       2880.000         5.64         0.00 
       289       2890.000         5.33         0.00 
       290       2900.000         0.77         0.00 
       291       2910.000         0.57         0.00 
       292       2920.000         0.10         0.00 
       293       2930.000         0.02         0.00 
       294       2940.000         0.03         0.00 
       295       2950.000         0.02         0.00 
       296       2960.000         0.03         0.00 
       297       2970.000         0.15         0.00 
       298       2980.000         0.62         0.00 
       299       2990.000         2.98         0.00 
       300       3000.000         4.57         0.00 
       301       3010.000         6.41         0.00 
       302       3020.000        10.41         0.00 
       303       3030.000         5.33         0.00 
       304       3040.000         4.88         0.00 
       305       3050.000         2.58         0.00 
       306       3060.000         2.05         0.00 
       307       3070.000         2.44         0.00 
       308       3080.000         5.17         0.00 
       309       3090.000         5.47         0.00 
       310       3100.000         8.12         0.00 
       311       3110.000         9.17         0.00 
       312       3120.000         9.13         0.00 
       313       3130.000         6.14         0.00 
       314       3140.000         6.16         0.00 
       315       3150.000         3.68         0.00 
       316       3160.000         1.70         0.00 
       317       3170.000         0.55         0.00 
       318       3180.000         2.81         0.00 
       319       3190.000         8.19         0.00 
       320       3200.000        10.87         0.00 
       321       3210.000         9.74         0.00 
       322       3220.000        10.02         0.00 
       323       3230.000         9.68         0.00 
       324       3240.000         7.94         0.00 
       325       3250.000         4.72         0.00 
       326       3260.000         2.19         0.00 
       327       3270.000         6.45         0.00 
       328       3280.000         4.30         0.00 
       329       3290.000         5.66         0.00 
       330       3300.000         6.79         0.00 
       331       3310.000         6.18         0.00 
       332       3320.000         5.24         0.00 
       333       3330.000         2.96         0.00 
       334       3340.000         1.70         0.00 
       335       3350.000         1.69         0.00 
       336       3360.000         0.41         0.00 
       337       3370.000         3.75         0.00 
       338       3380.000         5.62         0.00 
       339       3390.000         2.45         0.00 
       340       3400.000         3.49         0.00 
       341       3410.000         4.59         0.00 
       342       3420.000         6.54         0.00 
       343       3430.000         5.95         0.00 
       344       3440.000         9.77         0.00 
       345       3450.000        10.03         0.00 
       346       3460.000         5.59         0.00 
       347       3470.000         6.76         0.00 
       348       3480.000         7.00         0.00 
       349       3490.000        11.94         0.00 
       350       3500.000         7.96         0.00 
       351       3510.000         3.40         0.00 
       352       3520.000         3.61         0.00 
       353       3530.000         2.89         0.00 
       354       3540.000         1.38         0.00 
       355       3550.000         1.06         0.00 
       356       3560.000         3.34         0.00 
       357       3570.000         2.42         0.00 
       358       3580.000         2.66         0.00 
       359       3590.000         9.90         0.00 
       360       3600.000         7.83         0.00 
       361       3610.000         5.15         0.00 
       362       3620.000         3.31         0.00 
       363       3630.000         5.92         0.00 
       364       3640.000         4.10         0.00 
       365       3650.000         9.39         0.00 
       366       3660.000        10.97         0.00 
       367       3670.000        10.64         0.00 
       368       3680.000        11.26         0.00 
       369       3690.000         8.04         0.00 
       370       3700.000         9.72         0.00 
       371       3710.000        11.14         0.00 
       372       3720.000         8.46         0.00 
       373       3730.000         8.14         0.00 
       374       3740.000         3.89         0.00 
       375       3750.000         4.02         0.00 
       376       3760.000         3.47         0.00 
       377       3770.000         5.20         0.00 
       378       3780.000         6.25         0.00 
       379       3790.000         6.37         0.00 
       380       3800.000         7.75         0.00 
       381       3810.000         6.16         0.00 
       382       3820.000         6.22         0.00 
       383       3830.000         4.20         0.00 
       384       3840.000         5.61         0.00 
       385       3850.000         2.29         0.00 
       386       3860.000         2.33         0.00 
       387       3870.000         4.73         0.00 
       388       3880.000         5.19         0.00 
       389       3890.000         7.78         0.00 
       390       3900.000         4.78         0.00 
       391       3910.000         1.91         0.00 
       392       3920.000         2.11         0.00 
       393       3930.000         6.17         0.00 
       394       3940.000        11.16         0.00 
       395       3950.000         7.03         0.00 
       396       3960.000         5.05         0.00 
       397       3970.000         3.15         0.00 
       398       3980.000         4.16         0.00 
       399       3990.000         4.68         0.00 
       400       4000.000         6.32         0.00 
       401       4010.000         4.80         0.00 
       402       4020.000         7.59         0.00 
       403       4030.000         5.84         0.00 
       404       4040.000         5.30         0.00 
       405       4050.000         2.63         0.00 
       406       4060.000         5.76         0.00 
       407       4070.000         3.98         0.00 
       408       4080.000         4.02         0.00 
       409       4090.000         3.43         0.00 
       410       4100.000         3.94         0.00 
       411       4110.000         4.01         0.00 
       412       4120.000         4.51         0.00 
       413       4130.000         5.67         0.00 
       414       4140.000         7.85         0.00 
       415       4150.000         4.64         0.00 
       416       4160.000         4.49         0.00 
       417       4170.000         4.70         0.00 
       418       4180.000         4.81         0.00 
       419       4190.000         5.92         0.00 
       420       4200.000         5.50         0.00 
       421       4210.000         7.06         0.00 
       422       4220.000         6.42         0.00 
       423       4230.000        11.95         0.00 
       424       4240.000        14.39         0.00 
       425       4250.000         7.58         0.00 
       426       4260.000         2.72         0.00 
       427       4270.000         1.18         0.00 
       428       4280.000         1.30         0.00 
       429       4290.000         4.99         0.00 
       430       4300.000         3.30         0.00 
       431       4310.000         5.23         0.00 
       432       4320.000         8.39         0.00 
       433       4330.000         7.65         0.00 
       434       4340.000         9.95         0.00 
       435       4350.000        10.34         0.00 
       436       4360.000         8.84         0.00 
       437       4370.000         4.92         0.00 
       438       4380.000         3.56         0.00 
       439       4390.000         4.98         0.00 
       440       4400.000         7.10         0.00 
       441       4410.000         9.02         0.00 
       442       4420.000         9.74         0.00 
       443       4430.000         9.28         0.00 
       444       4440.000        10.03         0.00 
       445       4450.000         9.29         0.00 
       446       4460.000         5.90         0.00 
       447       4470.000         2.88         0.00 
       448       4480.000         1.56         0.00 
       449       4490.000         3.90         0.00 
       450       4500.000         8.57         0.00 
       451       4510.000         1.68         0.00 
       452       4520.000         0.05         0.00 
       453       4530.000         0.14         0.00 
       454       4540.000         0.42         0.00 
       455       4550.000         0.05         0.00 
       456       4560.000         0.16         0.00 
       457       4570.000         0.03         0.00 
       458       4580.000         0.13         0.00 
       459       4590.000         0.07         0.00 
       460       4600.000         0.13         0.00 
       461       4610.000         0.03         0.00 
       462       4620.000         0.36         0.00 
       463       4630.000         4.54         0.00 
       464       4640.000         4.99         0.00 
       465       4650.000         3.97         0.00 
       466       4660.000         5.18         0.00 
       467       4670.000         6.72         0.00 
       468       4680.000         7.64         0.00 
       469       4690.000         7.81         0.00 
       470       4700.000         9.21         0.00 
       471       4710.000         7.60         0.00 
       472       4720.000         7.58         0.00 
       473       4730.000         4.28         0.00 
       474       4740.000         5.20         0.00 
       475       4750.000         4.38         0.00 
       476       4760.000         3.81         0.00 
       477       4770.000         4.14         0.00 
       478       4780.000         2.46         0.00 
       479       4790.000         2.38         0.00 
       480       4800.000         3.21         0.00 
       481       4810.000         2.96         0.00 
       482       4820.000         2.87         0.00 
       483       4830.000         3.10         0.00 
       484       4840.000         4.45         0.00 
       485       4850.000         5.74         0.00 
       486       4860.000         8.67         0.00 
       487       4870.000         6.86         0.00 
       488       4880.000         7.83         0.00 
       489       4890.000         6.40         0.00 
       490       4900.000         5.15         0.00 
       491       4910.000         5.10         0.00 
       492       4920.000         9.06         0.00 
       493       4930.000         5.45         0.00 
       494       4940.000         3.19         0.00 
       495       4950.000         0.40         0.00 
       496       4960.000         1.02         0.00 
       497       4970.000         3.54         0.00 
       498       4980.000         4.76         0.00 
       499       4990.000         4.49         0.00 
       500       5000.000         5.62         0.00 
       501       5010.000         3.04         0.00 
       502       5020.000         3.97         0.00 
       503       5030.000         7.53         0.00 
       504       5040.000        10.19         0.00 
       505       5050.000         7.96         0.00 
       506       5060.000         6.57         0.00 
       507       5070.000         6.34         0.00 
       508       5080.000         8.70         0.00 
       509       5090.000         8.83         0.00 
       510       5100.000         6.93         0.00 
       511       5110.000         9.97         0.00 
       512       5120.000        11.89         0.00 
       513       5130.000        10.32         0.00 
       514       5140.000         8.90         0.00 
       515       5150.000         5.82         0.00 
       516       5160.000         2.92         0.00 
       517       5170.000         1.71         0.00 
       518       5180.000         1.18         0.00 
       519       5190.000         1.73         0.00 
       520       5200.000         0.79         0.00 
       521       5210.000         0.08         0.00 
       522       5220.000         0.01         0.00 
       523       5230.000         0.07         0.00 
       524       5240.000         0.07         0.00 
       525       5250.000         0.03         0.00 
       526       5260.000         0.01         0.00 
       527       5270.000         0.07         0.00 
       528       5280.000         0.15         0.00 
       529       5290.000         0.09         0.00 
       530       5300.000         0.19         0.00 
       531       5310.000         0.03         0.00 
       532       5320.000         0.02         0.00 
       533       5330.000         0.11         0.00 
       534       5340.000         0.59         0.00 
       535       5350.000         2.62         0.00 
       536       5360.000         2.49         0.00 
       537       5370.000         1.44         0.00 
       538       5380.000         4.02         0.00 
       539       5390.000         6.82         0.00 
       540       5400.000         4.06         0.00 
       541       5410.000         1.88         0.00 
       542       5420.000         3.12         0.00 
       543       5430.000         4.21         0.00 
       544       5440.000        10.24         0.00 
       545       5450.000        10.82         0.00 
       546       5460.000         4.63         0.00 
       547       5470.000         3.59         0.00 
       548       5480.000         2.70         0.00 
       549       5490.000         4.04         0.00 
       550       5500.000         3.55         0.00 
       551       5510.000         0.63         0.00 
       552       5520.000         2.40         0.00 
       553       5530.000         6.23         0.00 
       554       5540.000         4.71         0.00 
       555       5550.000         5.87         0.00 
       556       5560.000         2.43         0.00 
       557       5570.000         1.03         0.00 
       558       5580.000         4.06         0.00 
       559       5590.000         7.75         0.00 
       560       5600.000        11.21         0.00 
       561       5610.000         4.38         0.00 
       562       5620.000         0.04         0.00 
       563       5630.000         0.70         0.00 
       564       5640.000         0.04         0.00 
       565       5650.000         0.06         0.00 
       566       5660.000         0.01         0.00 
       567       5670.000         0.08         0.00 
       568       5680.000         0.72         0.00 
       569       5690.000         1.62         0.00 
       570       5700.000         1.15         0.00 
       571       5710.000         0.22         0.00 
       572       5720.000         6.28         0.00 
       573       5730.000         3.28         0.00 
       574       5740.000         2.63         0.00 
       575       5750.000         0.24         0.00 
       576       5760.000         0.77         0.00 
       577       5770.000         1.30         0.00 
       578       5780.000         1.08         0.00 
       579       5790.000         2.43         0.00 
       580       5800.000         1.03         0.00 
       581       5810.000         0.20         0.00 
       582       5820.000         0.09         0.00 
       583       5830.000         0.11         0.00 
       584       5840.000         0.82         0.00 
       585       5850.000         4.10         0.00 
       586       5860.000         1.02         0.00 
       587       5870.000         0.36         0.00 
       588       5880.000         0.12         0.00 
       589       5890.000         0.06         0.00 
       590       5900.000         3.28         0.00 
       591       5910.000         1.10         0.00 
       592       5920.000         3.87         0.00 
       593       5930.000         2.46         0.00 
       594       5940.000         1.23         0.00 
       595       5950.000         2.59         0.00 
       596       5960.000         3.91         0.00 
       597       5970.000         1.29         0.00 
       598       5980.000         0.79         0.00 
       599       5990.000         1.78         0.00 
       600       6000.000         2.23         0.00 
       601       6010.000         2.48         0.00 
       602       6020.000         1.91         0.00 
       603       6030.000         1.45         0.00 
       604       6040.000         2.28         0.00 
       605       6050.000         3.35         0.00 
       606       6060.000         3.82         0.00 
       607       6070.000         3.24         0.00 
       608       6080.000         0.70         0.00 
       609       6090.000         0.07         0.00 
       610       6100.000         0.27         0.00 
       611       6110.000         0.34         0.00 
       612       6120.000         0.16         0.00 
       613       6130.000         0.02         0.00 
       614       6140.000         0.09         0.00 
       615       6150.000         0.06         0.00 
       616       6160.000         0.07         0.00 
       617       6170.000         0.00         0.00 
       618       6180.000         0.27         0.00 
       619       6190.000         0.02         0.00 
       620       6200.000         0.04         0.00 
       621       6210.000         0.00         0.00 
       622       6220.000         0.03         0.00 
       623       6230.000         0.03         0.00 
       624       6240.000         0.08         0.00 
       625       6250.000         0.12         0.00 
       626       6260.000         0.01         0.00 
       627       6270.000         0.05         0.00 
       628       6280.000         0.11         0.00 
       629       6290.000         0.04         0.00 
       630       6300.000         0.02         0.00 
       631       6310.000         0.02         0.00 
       632       6320.000         1.68         0.00 
       633       6330.000         1.18         0.00 
       634       6340.000         0.65         0.00 
       635       6350.000         1.67         0.00 
       636       6360.000         1.09         0.00 
       637       6370.000         5.57         0.00 
       638       6380.000         5.37         0.00 
       639       6390.000         6.24         0.00 
       640       6400.000         8.48         0.00 
       641       6410.000         8.39         0.00 
       642       6420.000         6.11         0.00 
       643       6430.000         2.87         0.00 
       644       6440.000         3.37         0.00 
       645       6450.000         1.06         0.00 
       646       6460.000         1.80         0.00 
       647       6470.000         1.55         0.00 
       648       6480.000         0.85         0.00 
       649       6490.000         2.55         0.00 
       650       6500.000         0.48         0.00 
       651       6510.000         0.94         0.00 
       652       6520.000         4.49         0.00 
       653       6530.000         4.90         0.00 
       654       6540.000         9.11         0.00 
       655       6550.000         3.89         0.00 
       656       6560.000         3.95         0.00 
       657       6570.000         7.14         0.00 
       658       6580.000         7.03         0.00 
       659       6590.000         5.08         0.00 
       660       6600.000         3.91         0.00 
       661       6610.000         3.79         0.00 
       662       6620.000         5.14         0.00 
       663       6630.000        10.64         0.00 
       664       6640.000         9.78         0.00 
       665       6650.000         7.99         0.00 
       666       6660.000         7.55         0.00 
       667       6670.000         4.54         0.00 
       668       6680.000         2.42         0.00 
       669       6690.000         0.10         0.00 
       670       6700.000         0.01         0.00 
       671       6710.000         0.03         0.00 
       672       6720.000         0.28         0.00 
       673       6730.000         0.57         0.00 
       674       6740.000         0.65         0.00 
       675       6750.000         0.25         0.00 
       676       6760.000         0.06         0.00 
       677       6770.000         0.02         0.00 
       678       6780.000         1.39         0.00 
       679       6790.000         3.00         0.00 
       680       6800.000        11.54         0.00 
       681       6810.000        12.44         0.00 
       682       6820.000        11.14         0.00 
       683       6830.000         7.36         0.00 
       684       6840.000        10.48         0.00 
       685       6850.000         6.80         0.00 
       686       6860.000         6.35         0.00 
       687       6870.000         4.16         0.00 
       688       6880.000         3.47         0.00 
       689       6890.000         7.96         0.00 
       690       6900.000         9.47         0.00 
       691       6910.000         8.43         0.00 
       692       6920.000         6.97         0.00 
       693       6930.000         3.53         0.00 
       694       6940.000         3.58         0.00 
       695       6950.000         7.32         0.00 
       696       6960.000         6.38         0.00 
       697       6970.000        12.86         0.00 
       698       6980.000        12.04         0.00 
       699       6990.000         9.00         0.00 
       700       7000.000         7.90         0.00 
       701       7010.000         2.08         0.00 
       702       7020.000         6.82         0.00 
       703       7030.000         2.72         0.00 
       704       7040.000         2.20         0.00 
       705       7050.000         5.24         0.00 
       706       7060.000         5.87         0.00 
       707       7070.000         7.37         0.00 
       708       7080.000         7.27         0.00 
       709       7090.000         8.53         0.00 
       710       7100.000         6.90         0.00 
       711       7110.000         5.83         0.00 
       712       7120.000         5.67         0.00 
       713       7130.000         4.60         0.00 
       714       7140.000         4.62         0.00 
       715       7150.000         8.83         0.00 
       716       7160.000         8.59         0.00 
       717       7170.000         9.33         0.00 
       718       7180.000         6.86         0.00 
       719       7190.000         8.74         0.00 
       720       7200.000         8.76         0.00 
       721       7210.000         8.92         0.00 
       722       7220.000         7.65         0.00 
       723       7230.000         6.99         0.00 
       724       7240.000         4.63         0.00 
       725       7250.000         6.88         0.00 
       726       7260.000         4.38         0.00 
       727       7270.000         3.59         0.00 
       728       7280.000         5.39         0.00 
       729       7290.000         5.16         0.00 
       730       7300.000         5.24         0.00 
       731       7310.000         3.12         0.00 
       732       7320.000         5.18         0.00 
       733       7330.000         5.71         0.00 
       734       7340.000         5.92         0.00 
       735       7350.000         5.85         0.00 
       736       7360.000         7.54         0.00 
       737       7370.000         8.45         0.00 
       738       7380.000        12.13         0.00 
       739       7390.000         9.52         0.00 
       740       7400.000        11.02         0.00 
       741       7410.000         3.12         0.00 
       742       7420.000         2.32         0.00 
       743       7430.000         0.19         0.00 
       744       7440.000         0.68         0.00 
       745       7450.000         1.09         0.00 
       746       7460.000         1.78         0.00 
       747       7470.000         0.06         0.00 
       748       7480.000         0.06         0.00 
       749       7490.000         0.07         0.00 
       750       7500.000         0.01         0.00 
       751       7510.000         0.04         0.00 
       752       7520.000         0.02         0.00 
       753       7530.000         0.06         0.00 
       754       7540.000         0.07         0.00 
       755       7550.000         0.18         0.00 
       756       7560.000         0.21         0.00 
       757       7570.000         0.04         0.00 
       758       7580.000         0.86         0.00 
       759       7590.000         3.48         0.00 
       760       7600.000         0.59         0.00 
       761       7610.000         2.25         0.00 
       762       7620.000         2.12         0.00 
       763       7630.000         1.71         0.00 
       764       7640.000         1.88         0.00 
       765       7650.000         1.28         0.00 
       766       7660.000         3.34         0.00 
       767       7670.000         4.74         0.00 
       768       7680.000         4.48         0.00 
       769       7690.000         1.96         0.00 
       770       7700.000         1.32         0.00 
       771       7710.000         0.87         0.00 
       772       7720.000         0.03         0.00 
       773       7730.000         0.05         0.00 
       774       7740.000         0.10         0.00 
       775       7750.000         0.09         0.00 
       776       7760.000         0.09         0.00 
       777       7770.000         0.25         0.00 
       778       7780.000         0.85         0.00 
       779       7790.000         0.09         0.00 
       780       7800.000         0.01         0.00 
       781       7810.000         0.17         0.00 
       782       7820.000         0.06         0.00 
       783       7830.000         0.12         0.00 
       784       7840.000         0.08         0.00 
       785       7850.000         0.12         0.00 
       786       7860.000         0.05         0.00 
       787       7870.000         0.04         0.00 
       788       7880.000         0.06         0.00 
       789       7890.000         0.04         0.00 
       790       7900.000         0.11         0.00 
       791       7910.000         2.91         0.00 
       792       7920.000         8.38         0.00 
       793       7930.000         5.63         0.00 
       794       7940.000         3.39         0.00 
       795       7950.000         6.01         0.00 
       796       7960.000         1.69         0.00 
       797       7970.000         2.20         0.00 
       798       7980.000         0.84         0.00 
       799       7990.000         1.82         0.00 
       800       8000.000         1.93         0.00 
       801       8010.000         3.66         0.00 
       802       8020.000         8.67         0.00 
       803       8030.000         5.18         0.00 
       804       8040.000         5.28         0.00 
       805       8050.000         8.32         0.00 
       806       8060.000         6.51         0.00 
       807       8070.000         6.99         0.00 
       808       8080.000         5.27         0.00 
       809       8090.000         3.73         0.00 
       810       8100.000         5.58         0.00 
       811       8110.000         8.71         0.00 
       812       8120.000         7.46         0.00 
       813       8130.000         3.40         0.00 
       814       8140.000         3.94         0.00 
       815       8150.000         4.78         0.00 
       816       8160.000         3.04         0.00 
       817       8170.000         3.64         0.00 
       818       8180.000         5.49         0.00 
       819       8190.000         4.36         0.00 
       820       8200.000         4.01         0.00 
       821       8210.000         1.18         0.00 
       822       8220.000         1.64         0.00 
       823       8230.000         0.09         0.00 
       824       8240.000         1.90         0.00 
       825       8250.000         6.58         0.00 
       826       8260.000         7.88         0.00 
       827       8270.000         4.61         0.00 
       828       8280.000         3.43         0.00 
       829       8290.000         3.04         0.00 
       830       8300.000         1.69         0.00 
       831       8310.000         5.28         0.00 
       832       8320.000         4.69         0.00 
       833       8330.000         7.70         0.00 
       834       8340.000         4.05         0.00 
       835       8350.000         2.29         0.00 
       836       8360.000         0.61         0.00 
       837       8370.000         2.81         0.00 
       838       8380.000         6.19         0.00 
       839       8390.000         6.50         0.00 
       840       8400.000         7.19         0.00 
       841       8410.000         2.43         0.00 
       842       8420.000         2.02         0.00 
       843       8430.000         0.42         0.00 
       844       8440.000         0.06         0.00 
       845       8450.000         0.04         0.00 
       846       8460.000         0.05         0.00 
       847       8470.000         0.06         0.00 
       848       8480.000         0.04         0.00 
       849       8490.000         0.01         0.00 
       850       8500.000         0.05         0.00 
       851       8510.000         0.04         0.00 
       852       8520.000         0.05         0.00 
       853       8530.000         0.13         0.00 
       854       8540.000         0.04         0.00 
       855       8550.000         0.02         0.00 
       856       8560.000         0.05         0.00 
       857       8570.000         0.11         0.00 
       858       8580.000         0.03         0.00 
       859       8590.000         0.03         0.00 
       860       8600.000         0.06         0.00 
       861       8610.000         0.03         0.00 
       862       8620.000         0.00         0.00 
       863       8630.000         1.53         0.00 
       864       8640.000         1.37         0.00 
       865       8650.000         2.23         0.00 
       866       8660.000         1.62         0.00 
       867       8670.000         0.04         0.00 
       868       8680.000         0.02         0.00 
       869       8690.000         0.05         0.00 
       870       8700.000         0.14         0.00 
       871       8710.000         0.04         0.00 
       872       8720.000         0.10         0.00 
       873       8730.000         0.12         0.00 
       874       8740.000         0.03         0.00 
       875       8750.000         0.04         0.00 
       876       8760.000         0.00         0.00 
       877       8770.000         0.05         0.00 
       878       8780.000         0.06         0.00 
       879       8790.000         0.04         0.00 
       880       8800.000         0.13         0.00 
       881       8810.000         0.12         0.00 
       882       8820.000         0.09         0.00 
       883       8830.000         0.07         0.00 
       884       8840.000         0.25         0.00 
       885       8850.000         0.24         0.00 
       886       8860.000         0.06         0.00 
       887       8870.000         0.04         0.00 
       888       8880.000         0.04         0.00 
       889       8890.000         0.05         0.00 
       890       8900.000         0.21         0.00 
       891       8910.000         0.03         0.00 
       892       8920.000         0.04         0.00 
       893       8930.000         0.04         0.00 
       894       8940.000         0.03         0.00 
       895       8950.000         0.28         0.00 
       896       8960.000         0.13         0.00 
       897       8970.000         0.04         0.00 
       898       8980.000         0.02         0.00 
       899       8990.000         0.06         0.00 
       900       9000.000         0.05         0.00 
       901       9010.000         0.12         0.00 
       902       9020.000         1.44         0.00 
       903       9030.000         3.53         0.00 
       904       9040.000         2.98         0.00 
       905       9050.000         3.34         0.00 
       906       9060.000         6.32         0.00 
       907       9070.000         5.17         0.00 
       908       9080.000         7.78         0.00 
       909       9090.000        10.11         0.00 
       910       9100.000         9.43         0.00 
       911       9110.000         6.57         0.00 
       912       9120.000         6.30         0.00 
       913       9130.000        12.37         0.00 
       914       9140.000        13.13         0.00 
       915       9150.000         7.91         0.00 
       916       9160.000         3.46         0.00 
       917       9170.000         0.92         0.00 
       918       9180.000         0.12         0.00 
       919       9190.000         3.63         0.00 
       920       9200.000         2.11         0.00 
       921       9210.000         7.46         0.00 
       922       9220.000         2.06         0.00 
       923       9230.000         0.49         0.00 
       924       9240.000         0.04         0.00 
       925       9250.000         0.01         0.00 
       926       9260.000         0.09         0.00 
       927       9270.000         0.04         0.00 
       928       9280.000         0.09         0.00 
       929       9290.000         0.03         0.00 
       930       9300.000         0.01         0.00 
       931       9310.000         0.08         0.00 
       932       9320.000         0.05         0.00 
       933       9330.000         0.18         0.00 
       934       9340.000         0.15         0.00 
       935       9350.000         0.04         0.00 
       936       9360.000         0.01         0.00 
       937       9370.000         0.14         0.00 
       938       9380.000         0.06         0.00 
       939       9390.000         0.06         0.00 
       940       9400.000         0.31         0.00 
       941       9410.000         0.45         0.00 
       942       9420.000         0.07         0.00 
       943       9430.000         0.05         0.00 
       944       9440.000         0.03         0.00 
       945       9450.000         0.05         0.00 
       946       9460.000         0.05         0.00 
       947       9470.000         0.05         0.00 
       948       9480.000         0.06         0.00 
       949       9490.000         0.06         0.00 
       950       9500.000         0.17         0.00 
       951       9510.000         1.24         0.00 
       952       9520.000         0.66         0.00 
       953       9530.000         0.05         0.00 
       954       9540.000         0.09         0.00 
       955       9550.000         0.15         0.00 
       956       9560.000         0.01         0.00 
       957       9570.000         0.01         0.00 
       958       9580.000         0.02         0.00 
       959       9590.000         0.06         0.00 
       960       9600.000         0.06         0.00 
       961       9610.000         0.14         0.00 
       962       9620.000         0.05         0.00 
       963       9630.000         0.38         0.00 
       964       9640.000         0.06         0.00 
       965       9650.000         0.05         0.00 
       966       9660.000         0.36         0.00 
       967       9670.000         0.08         0.00 
       968       9680.000         0.04         0.00 
       969       9690.000         0.06         0.00 
       970       9700.000         0.06         0.00 
       971       9710.000         0.07         0.00 
       972       9720.000         7.43         0.00 
       973       9730.000        13.52         0.00 
       974       9740.000         6.24         0.00 
       975       9750.000         0.96         0.00 
       976       9760.000         2.15         0.00 
       977       9770.000         1.72         0.00 
       978       9780.000         0.04         0.00 
       979       9790.000         0.11         0.00 
       980       9800.000         2.47         0.00 
       981       9810.000         4.19         0.00 
       982       9820.000         8.57         0.00 
       983       9830.000         7.91         0.00 
       984       9840.000        10.07         0.00 
       985       9850.000         5.23         0.00 
       986       9860.000         5.82         0.00 
       987       9870.000         4.74         0.00 
       988       9880.000         7.06         0.00 
       989       9890.000         5.37         0.00 
       990       9900.000         2.20         0.00 
       991       9910.000         1.47         0.00 
       992       9920.000         3.92         0.00 
       993       9930.000         5.87         0.00 
       994       9940.000         4.26         0.00 
       995       9950.000         4.86         0.00 
       996       9960.000         1.94         0.00 
       997       9970.000         1.09         0.00 
       998       9980.000         1.94         0.00 
       999       9990.000         1.24         0.00 
      1000      10000.000         0.29         0.00 
