#  iFrame          Time(ps)     <Rg^2>(A^2)     stdRg^2(A^2)     <Rg^2>/M(molnm2/kg)
#===================================================================================
         0          0.000       579.69         0.00        0.672
         1         10.000       572.89         0.00        0.664
         2         20.000       576.19         0.00        0.668
         3         30.000       564.22         0.00        0.654
         4         40.000       662.51         0.00        0.768
         5         50.000       820.78         0.00        0.952
         6         60.000      1089.12         0.00        1.263
         7         70.000      1288.29         0.00        1.493
         8         80.000      1569.78         0.00        1.820
         9         90.000      1744.58         0.00        2.022
        10        100.000      1650.74         0.00        1.914
        11        110.000      1530.70         0.00        1.775
        12        120.000      1443.82         0.00        1.674
        13        130.000      1275.60         0.00        1.479
        14        140.000      1129.11         0.00        1.309
        15        150.000      1066.43         0.00        1.236
        16        160.000       966.73         0.00        1.121
        17        170.000       829.44         0.00        0.962
        18        180.000       752.87         0.00        0.873
        19        190.000       643.52         0.00        0.746
        20        200.000       631.51         0.00        0.732
        21        210.000       716.96         0.00        0.831
        22        220.000       741.18         0.00        0.859
        23        230.000       846.40         0.00        0.981
        24        240.000       916.66         0.00        1.063
        25        250.000       995.86         0.00        1.154
        26        260.000      1184.50         0.00        1.373
        27        270.000      1470.00         0.00        1.704
        28        280.000      1742.30         0.00        2.020
        29        290.000      1825.64         0.00        2.116
        30        300.000      1818.04         0.00        2.108
        31        310.000      1790.82         0.00        2.076
        32        320.000      1775.10         0.00        2.058
        33        330.000      1802.40         0.00        2.089
        34        340.000      1812.12         0.00        2.101
        35        350.000      1838.29         0.00        2.131
        36        360.000      1735.02         0.00        2.011
        37        370.000      1606.19         0.00        1.862
        38        380.000      1544.63         0.00        1.791
        39        390.000      1462.54         0.00        1.695
        40        400.000      1269.82         0.00        1.472
        41        410.000      1043.30         0.00        1.209
        42        420.000       902.19         0.00        1.046
        43        430.000       857.26         0.00        0.994
        44        440.000       967.62         0.00        1.122
        45        450.000      1016.46         0.00        1.178
        46        460.000      1050.98         0.00        1.218
        47        470.000       891.71         0.00        1.034
        48        480.000       802.67         0.00        0.931
        49        490.000       830.58         0.00        0.963
        50        500.000       932.25         0.00        1.081
        51        510.000      1047.89         0.00        1.215
        52        520.000      1051.82         0.00        1.219
        53        530.000       877.10         0.00        1.017
        54        540.000       811.04         0.00        0.940
        55        550.000       781.30         0.00        0.906
        56        560.000       730.73         0.00        0.847
        57        570.000       636.38         0.00        0.738
        58        580.000       642.59         0.00        0.745
        59        590.000       698.92         0.00        0.810
        60        600.000       810.63         0.00        0.940
        61        610.000       933.41         0.00        1.082
        62        620.000      1062.68         0.00        1.232
        63        630.000      1283.39         0.00        1.488
        64        640.000      1501.49         0.00        1.741
        65        650.000      1809.32         0.00        2.098
        66        660.000      2196.51         0.00        2.546
        67        670.000      2493.97         0.00        2.891
        68        680.000      2577.41         0.00        2.988
        69        690.000      2628.68         0.00        3.047
        70        700.000      2546.38         0.00        2.952
        71        710.000      2408.76         0.00        2.792
        72        720.000      2163.31         0.00        2.508
        73        730.000      1910.40         0.00        2.215
        74        740.000      1645.81         0.00        1.908
        75        750.000      1379.91         0.00        1.600
        76        760.000      1095.89         0.00        1.270
        77        770.000       875.55         0.00        1.015
        78        780.000       746.16         0.00        0.865
        79        790.000       611.99         0.00        0.709
        80        800.000       571.78         0.00        0.663
        81        810.000       621.80         0.00        0.721
        82        820.000       738.59         0.00        0.856
        83        830.000       953.43         0.00        1.105
        84        840.000      1203.08         0.00        1.395
        85        850.000      1500.32         0.00        1.739
        86        860.000      1741.00         0.00        2.018
        87        870.000      1973.98         0.00        2.288
        88        880.000      2207.35         0.00        2.559
        89        890.000      2370.51         0.00        2.748
        90        900.000      2474.20         0.00        2.868
        91        910.000      2510.86         0.00        2.911
        92        920.000      2526.81         0.00        2.929
        93        930.000      2405.34         0.00        2.788
        94        940.000      2125.82         0.00        2.464
        95        950.000      1858.61         0.00        2.155
        96        960.000      1629.27         0.00        1.889
        97        970.000      1366.07         0.00        1.584
        98        980.000      1137.33         0.00        1.318
        99        990.000       964.55         0.00        1.118
       100       1000.000       914.50         0.00        1.060
       101       1010.000       849.88         0.00        0.985
       102       1020.000       758.49         0.00        0.879
       103       1030.000       837.99         0.00        0.971
       104       1040.000       953.43         0.00        1.105
       105       1050.000      1168.50         0.00        1.355
       106       1060.000      1294.41         0.00        1.501
       107       1070.000      1420.00         0.00        1.646
       108       1080.000      1580.36         0.00        1.832
       109       1090.000      1763.02         0.00        2.044
       110       1100.000      1945.03         0.00        2.255
       111       1110.000      2026.88         0.00        2.350
       112       1120.000      2065.48         0.00        2.394
       113       1130.000      1982.36         0.00        2.298
       114       1140.000      1757.32         0.00        2.037
       115       1150.000      1547.09         0.00        1.794
       116       1160.000      1315.58         0.00        1.525
       117       1170.000      1160.78         0.00        1.346
       118       1180.000      1017.58         0.00        1.180
       119       1190.000       930.74         0.00        1.079
       120       1200.000       807.78         0.00        0.936
       121       1210.000       704.46         0.00        0.817
       122       1220.000       604.90         0.00        0.701
       123       1230.000       578.71         0.00        0.671
       124       1240.000       653.48         0.00        0.758
       125       1250.000       802.38         0.00        0.930
       126       1260.000       900.72         0.00        1.044
       127       1270.000      1110.14         0.00        1.287
       128       1280.000      1292.18         0.00        1.498
       129       1290.000      1422.57         0.00        1.649
       130       1300.000      1566.43         0.00        1.816
       131       1310.000      1680.91         0.00        1.949
       132       1320.000      1713.71         0.00        1.987
       133       1330.000      1568.81         0.00        1.819
       134       1340.000      1412.98         0.00        1.638
       135       1350.000      1268.33         0.00        1.470
       136       1360.000      1126.71         0.00        1.306
       137       1370.000       945.17         0.00        1.096
       138       1380.000       827.32         0.00        0.959
       139       1390.000       690.33         0.00        0.800
       140       1400.000       611.53         0.00        0.709
       141       1410.000       557.55         0.00        0.646
       142       1420.000       641.70         0.00        0.744
       143       1430.000       781.94         0.00        0.906
       144       1440.000       899.71         0.00        1.043
       145       1450.000      1041.07         0.00        1.207
       146       1460.000      1275.92         0.00        1.479
       147       1470.000      1540.69         0.00        1.786
       148       1480.000      1806.33         0.00        2.094
       149       1490.000      2118.13         0.00        2.456
       150       1500.000      2258.52         0.00        2.618
       151       1510.000      2353.01         0.00        2.728
       152       1520.000      2326.98         0.00        2.698
       153       1530.000      2262.96         0.00        2.623
       154       1540.000      2115.37         0.00        2.452
       155       1550.000      2013.34         0.00        2.334
       156       1560.000      1917.93         0.00        2.223
       157       1570.000      1778.37         0.00        2.062
       158       1580.000      1680.39         0.00        1.948
       159       1590.000      1539.18         0.00        1.784
       160       1600.000      1345.42         0.00        1.560
       161       1610.000      1112.45         0.00        1.290
       162       1620.000       872.74         0.00        1.012
       163       1630.000       708.73         0.00        0.822
       164       1640.000       580.13         0.00        0.673
       165       1650.000       540.27         0.00        0.626
       166       1660.000       569.73         0.00        0.660
       167       1670.000       725.33         0.00        0.841
       168       1680.000       865.33         0.00        1.003
       169       1690.000      1033.57         0.00        1.198
       170       1700.000      1250.51         0.00        1.450
       171       1710.000      1497.73         0.00        1.736
       172       1720.000      1699.02         0.00        1.970
       173       1730.000      1792.27         0.00        2.078
       174       1740.000      1916.19         0.00        2.221
       175       1750.000      1977.16         0.00        2.292
       176       1760.000      1954.81         0.00        2.266
       177       1770.000      1809.87         0.00        2.098
       178       1780.000      1615.10         0.00        1.872
       179       1790.000      1373.88         0.00        1.593
       180       1800.000      1165.88         0.00        1.352
       181       1810.000      1015.64         0.00        1.177
       182       1820.000       888.20         0.00        1.030
       183       1830.000       747.17         0.00        0.866
       184       1840.000       624.03         0.00        0.723
       185       1850.000       547.58         0.00        0.635
       186       1860.000       572.15         0.00        0.663
       187       1870.000       650.09         0.00        0.754
       188       1880.000       649.59         0.00        0.753
       189       1890.000       695.20         0.00        0.806
       190       1900.000       819.72         0.00        0.950
       191       1910.000       952.76         0.00        1.105
       192       1920.000      1133.86         0.00        1.314
       193       1930.000      1223.79         0.00        1.419
       194       1940.000      1229.33         0.00        1.425
       195       1950.000      1198.44         0.00        1.389
       196       1960.000      1214.46         0.00        1.408
       197       1970.000      1242.86         0.00        1.441
       198       1980.000      1126.67         0.00        1.306
       199       1990.000      1048.76         0.00        1.216
       200       2000.000      1050.10         0.00        1.217
       201       2010.000      1052.17         0.00        1.220
       202       2020.000      1006.38         0.00        1.167
       203       2030.000       998.93         0.00        1.158
       204       2040.000       995.91         0.00        1.155
       205       2050.000      1026.08         0.00        1.190
       206       2060.000       970.12         0.00        1.125
       207       2070.000       898.53         0.00        1.042
       208       2080.000       856.57         0.00        0.993
       209       2090.000       829.14         0.00        0.961
       210       2100.000       875.23         0.00        1.015
       211       2110.000       933.47         0.00        1.082
       212       2120.000      1009.34         0.00        1.170
       213       2130.000      1120.35         0.00        1.299
       214       2140.000      1200.11         0.00        1.391
       215       2150.000      1120.68         0.00        1.299
       216       2160.000      1043.06         0.00        1.209
       217       2170.000      1019.45         0.00        1.182
       218       2180.000       997.76         0.00        1.157
       219       2190.000       954.83         0.00        1.107
       220       2200.000       881.69         0.00        1.022
       221       2210.000       766.71         0.00        0.889
       222       2220.000       689.31         0.00        0.799
       223       2230.000       641.78         0.00        0.744
       224       2240.000       635.55         0.00        0.737
       225       2250.000       688.21         0.00        0.798
       226       2260.000       831.87         0.00        0.964
       227       2270.000       900.69         0.00        1.044
       228       2280.000       936.36         0.00        1.085
       229       2290.000       869.95         0.00        1.009
       230       2300.000       789.94         0.00        0.916
       231       2310.000       733.53         0.00        0.850
       232       2320.000       665.81         0.00        0.772
       233       2330.000       672.99         0.00        0.780
       234       2340.000       751.74         0.00        0.871
       235       2350.000       858.27         0.00        0.995
       236       2360.000      1034.45         0.00        1.199
       237       2370.000      1057.86         0.00        1.226
       238       2380.000      1039.79         0.00        1.205
       239       2390.000       941.21         0.00        1.091
       240       2400.000       884.89         0.00        1.026
       241       2410.000       884.67         0.00        1.026
       242       2420.000       960.24         0.00        1.113
       243       2430.000       994.43         0.00        1.153
       244       2440.000       934.87         0.00        1.084
       245       2450.000       874.47         0.00        1.014
       246       2460.000       848.09         0.00        0.983
       247       2470.000       886.56         0.00        1.028
       248       2480.000       914.95         0.00        1.061
       249       2490.000       964.29         0.00        1.118
       250       2500.000      1002.26         0.00        1.162
       251       2510.000       970.37         0.00        1.125
       252       2520.000       851.15         0.00        0.987
       253       2530.000       681.53         0.00        0.790
       254       2540.000       607.52         0.00        0.704
       255       2550.000       556.11         0.00        0.645
       256       2560.000       585.37         0.00        0.679
       257       2570.000       571.23         0.00        0.662
       258       2580.000       636.92         0.00        0.738
       259       2590.000       775.28         0.00        0.899
       260       2600.000       901.77         0.00        1.045
       261       2610.000       932.39         0.00        1.081
       262       2620.000       904.67         0.00        1.049
       263       2630.000       849.44         0.00        0.985
       264       2640.000       712.78         0.00        0.826
       265       2650.000       619.98         0.00        0.719
       266       2660.000       547.66         0.00        0.635
       267       2670.000       468.82         0.00        0.543
       268       2680.000       398.46         0.00        0.462
       269       2690.000       409.29         0.00        0.474
       270       2700.000       433.14         0.00        0.502
       271       2710.000       491.20         0.00        0.569
       272       2720.000       567.18         0.00        0.658
       273       2730.000       688.01         0.00        0.798
       274       2740.000       831.76         0.00        0.964
       275       2750.000       939.16         0.00        1.089
       276       2760.000       877.27         0.00        1.017
       277       2770.000       890.38         0.00        1.032
       278       2780.000       913.57         0.00        1.059
       279       2790.000       896.65         0.00        1.039
       280       2800.000       743.77         0.00        0.862
       281       2810.000       718.41         0.00        0.833
       282       2820.000       788.48         0.00        0.914
       283       2830.000       729.27         0.00        0.845
       284       2840.000       578.86         0.00        0.671
       285       2850.000       520.00         0.00        0.603
       286       2860.000       412.16         0.00        0.478
       287       2870.000       409.75         0.00        0.475
       288       2880.000       361.71         0.00        0.419
       289       2890.000       331.68         0.00        0.385
       290       2900.000       362.94         0.00        0.421
       291       2910.000       422.14         0.00        0.489
       292       2920.000       585.28         0.00        0.679
       293       2930.000       824.23         0.00        0.956
       294       2940.000      1006.94         0.00        1.167
       295       2950.000      1122.90         0.00        1.302
       296       2960.000      1011.90         0.00        1.173
       297       2970.000       836.69         0.00        0.970
       298       2980.000       687.58         0.00        0.797
       299       2990.000       544.31         0.00        0.631
       300       3000.000       496.93         0.00        0.576
       301       3010.000       550.42         0.00        0.638
       302       3020.000       626.10         0.00        0.726
       303       3030.000       654.11         0.00        0.758
       304       3040.000       668.32         0.00        0.775
       305       3050.000       628.31         0.00        0.728
       306       3060.000       644.69         0.00        0.747
       307       3070.000       731.29         0.00        0.848
       308       3080.000       744.73         0.00        0.863
       309       3090.000       755.37         0.00        0.876
       310       3100.000       744.08         0.00        0.863
       311       3110.000       793.06         0.00        0.919
       312       3120.000       900.02         0.00        1.043
       313       3130.000      1055.79         0.00        1.224
       314       3140.000      1164.34         0.00        1.350
       315       3150.000      1120.17         0.00        1.299
       316       3160.000       920.02         0.00        1.067
       317       3170.000       742.28         0.00        0.861
       318       3180.000       635.39         0.00        0.737
       319       3190.000       668.59         0.00        0.775
       320       3200.000       769.72         0.00        0.892
       321       3210.000       904.29         0.00        1.048
       322       3220.000       993.52         0.00        1.152
       323       3230.000       970.84         0.00        1.125
       324       3240.000       891.81         0.00        1.034
       325       3250.000       846.45         0.00        0.981
       326       3260.000       796.07         0.00        0.923
       327       3270.000       719.57         0.00        0.834
       328       3280.000       664.86         0.00        0.771
       329       3290.000       570.38         0.00        0.661
       330       3300.000       587.90         0.00        0.682
       331       3310.000       575.67         0.00        0.667
       332       3320.000       474.19         0.00        0.550
       333       3330.000       472.60         0.00        0.548
       334       3340.000       503.51         0.00        0.584
       335       3350.000       502.59         0.00        0.583
       336       3360.000       565.00         0.00        0.655
       337       3370.000       636.57         0.00        0.738
       338       3380.000       721.07         0.00        0.836
       339       3390.000       863.55         0.00        1.001
       340       3400.000       980.58         0.00        1.137
       341       3410.000      1075.10         0.00        1.246
       342       3420.000      1157.89         0.00        1.342
       343       3430.000      1221.75         0.00        1.416
       344       3440.000      1265.66         0.00        1.467
       345       3450.000      1238.65         0.00        1.436
       346       3460.000      1187.43         0.00        1.377
       347       3470.000      1141.53         0.00        1.323
       348       3480.000      1064.50         0.00        1.234
       349       3490.000       978.41         0.00        1.134
       350       3500.000       886.71         0.00        1.028
       351       3510.000       733.71         0.00        0.851
       352       3520.000       653.29         0.00        0.757
       353       3530.000       593.13         0.00        0.688
       354       3540.000       486.61         0.00        0.564
       355       3550.000       394.85         0.00        0.458
       356       3560.000       357.19         0.00        0.414
       357       3570.000       348.01         0.00        0.403
       358       3580.000       332.76         0.00        0.386
       359       3590.000       379.42         0.00        0.440
       360       3600.000       512.89         0.00        0.595
       361       3610.000       541.75         0.00        0.628
       362       3620.000       567.43         0.00        0.658
       363       3630.000       667.05         0.00        0.773
       364       3640.000       661.42         0.00        0.767
       365       3650.000       705.40         0.00        0.818
       366       3660.000       732.58         0.00        0.849
       367       3670.000       760.60         0.00        0.882
       368       3680.000       711.53         0.00        0.825
       369       3690.000       695.54         0.00        0.806
       370       3700.000       624.76         0.00        0.724
       371       3710.000       543.77         0.00        0.630
       372       3720.000       519.96         0.00        0.603
       373       3730.000       547.12         0.00        0.634
       374       3740.000       596.74         0.00        0.692
       375       3750.000       661.47         0.00        0.767
       376       3760.000       657.16         0.00        0.762
       377       3770.000       715.84         0.00        0.830
       378       3780.000       776.19         0.00        0.900
       379       3790.000       792.00         0.00        0.918
       380       3800.000       748.31         0.00        0.868
       381       3810.000       709.81         0.00        0.823
       382       3820.000       673.93         0.00        0.781
       383       3830.000       668.83         0.00        0.775
       384       3840.000       711.63         0.00        0.825
       385       3850.000       703.59         0.00        0.816
       386       3860.000       675.42         0.00        0.783
       387       3870.000       610.20         0.00        0.707
       388       3880.000       558.55         0.00        0.648
       389       3890.000       603.11         0.00        0.699
       390       3900.000       656.84         0.00        0.761
       391       3910.000       711.30         0.00        0.825
       392       3920.000       762.04         0.00        0.883
       393       3930.000       753.00         0.00        0.873
       394       3940.000       808.51         0.00        0.937
       395       3950.000       795.55         0.00        0.922
       396       3960.000       809.91         0.00        0.939
       397       3970.000       751.04         0.00        0.871
       398       3980.000       798.67         0.00        0.926
       399       3990.000       799.95         0.00        0.927
       400       4000.000       761.48         0.00        0.883
       401       4010.000       689.16         0.00        0.799
       402       4020.000       648.07         0.00        0.751
       403       4030.000       609.34         0.00        0.706
       404       4040.000       615.63         0.00        0.714
       405       4050.000       563.02         0.00        0.653
       406       4060.000       503.27         0.00        0.583
       407       4070.000       470.88         0.00        0.546
       408       4080.000       434.00         0.00        0.503
       409       4090.000       507.19         0.00        0.588
       410       4100.000       637.49         0.00        0.739
       411       4110.000       727.62         0.00        0.844
       412       4120.000       841.66         0.00        0.976
       413       4130.000       942.55         0.00        1.093
       414       4140.000      1126.16         0.00        1.306
       415       4150.000      1250.15         0.00        1.449
       416       4160.000      1319.19         0.00        1.529
       417       4170.000      1353.81         0.00        1.569
       418       4180.000      1311.36         0.00        1.520
       419       4190.000      1234.76         0.00        1.431
       420       4200.000      1179.56         0.00        1.367
       421       4210.000      1046.09         0.00        1.213
       422       4220.000       856.08         0.00        0.992
       423       4230.000       649.35         0.00        0.753
       424       4240.000       531.39         0.00        0.616
       425       4250.000       473.79         0.00        0.549
       426       4260.000       429.83         0.00        0.498
       427       4270.000       356.43         0.00        0.413
       428       4280.000       359.97         0.00        0.417
       429       4290.000       465.16         0.00        0.539
       430       4300.000       655.88         0.00        0.760
       431       4310.000       786.57         0.00        0.912
       432       4320.000       922.25         0.00        1.069
       433       4330.000       982.23         0.00        1.139
       434       4340.000      1093.15         0.00        1.267
       435       4350.000      1246.60         0.00        1.445
       436       4360.000      1266.16         0.00        1.468
       437       4370.000      1251.29         0.00        1.451
       438       4380.000      1291.93         0.00        1.498
       439       4390.000      1275.88         0.00        1.479
       440       4400.000      1181.31         0.00        1.369
       441       4410.000      1083.54         0.00        1.256
       442       4420.000       996.23         0.00        1.155
       443       4430.000       871.83         0.00        1.011
       444       4440.000       710.68         0.00        0.824
       445       4450.000       510.11         0.00        0.591
       446       4460.000       401.13         0.00        0.465
       447       4470.000       284.29         0.00        0.330
       448       4480.000       291.62         0.00        0.338
       449       4490.000       300.55         0.00        0.348
       450       4500.000       311.34         0.00        0.361
       451       4510.000       372.23         0.00        0.432
       452       4520.000       446.09         0.00        0.517
       453       4530.000       426.61         0.00        0.495
       454       4540.000       406.56         0.00        0.471
       455       4550.000       407.92         0.00        0.473
       456       4560.000       480.43         0.00        0.557
       457       4570.000       473.27         0.00        0.549
       458       4580.000       390.41         0.00        0.453
       459       4590.000       315.72         0.00        0.366
       460       4600.000       325.14         0.00        0.377
       461       4610.000       509.56         0.00        0.591
       462       4620.000       706.40         0.00        0.819
       463       4630.000       883.37         0.00        1.024
       464       4640.000       967.39         0.00        1.121
       465       4650.000       989.33         0.00        1.147
       466       4660.000       989.77         0.00        1.147
       467       4670.000      1021.59         0.00        1.184
       468       4680.000       991.08         0.00        1.149
       469       4690.000      1098.84         0.00        1.274
       470       4700.000      1222.31         0.00        1.417
       471       4710.000      1268.54         0.00        1.471
       472       4720.000      1315.26         0.00        1.525
       473       4730.000      1216.99         0.00        1.411
       474       4740.000      1049.67         0.00        1.217
       475       4750.000       836.89         0.00        0.970
       476       4760.000       653.30         0.00        0.757
       477       4770.000       494.34         0.00        0.573
       478       4780.000       383.67         0.00        0.445
       479       4790.000       357.70         0.00        0.415
       480       4800.000       340.09         0.00        0.394
       481       4810.000       397.99         0.00        0.461
       482       4820.000       559.96         0.00        0.649
       483       4830.000       689.41         0.00        0.799
       484       4840.000       771.11         0.00        0.894
       485       4850.000       815.30         0.00        0.945
       486       4860.000       908.92         0.00        1.054
       487       4870.000      1029.77         0.00        1.194
       488       4880.000      1195.16         0.00        1.386
       489       4890.000      1215.76         0.00        1.409
       490       4900.000      1138.20         0.00        1.319
       491       4910.000      1071.74         0.00        1.242
       492       4920.000       990.23         0.00        1.148
       493       4930.000       924.01         0.00        1.071
       494       4940.000       873.03         0.00        1.012
       495       4950.000       758.50         0.00        0.879
       496       4960.000       639.43         0.00        0.741
       497       4970.000       575.90         0.00        0.668
       498       4980.000       593.12         0.00        0.688
       499       4990.000       535.53         0.00        0.621
       500       5000.000       521.53         0.00        0.605
       501       5010.000       619.82         0.00        0.719
       502       5020.000       742.32         0.00        0.861
       503       5030.000      1013.80         0.00        1.175
       504       5040.000      1287.05         0.00        1.492
       505       5050.000      1565.23         0.00        1.815
       506       5060.000      1745.98         0.00        2.024
       507       5070.000      1785.59         0.00        2.070
       508       5080.000      1810.48         0.00        2.099
       509       5090.000      1726.02         0.00        2.001
       510       5100.000      1574.54         0.00        1.825
       511       5110.000      1369.92         0.00        1.588
       512       5120.000      1181.64         0.00        1.370
       513       5130.000       986.22         0.00        1.143
       514       5140.000       798.75         0.00        0.926
       515       5150.000       671.52         0.00        0.778
       516       5160.000       522.80         0.00        0.606
       517       5170.000       332.80         0.00        0.386
       518       5180.000       240.90         0.00        0.279
       519       5190.000       268.30         0.00        0.311
       520       5200.000       306.10         0.00        0.355
       521       5210.000       356.88         0.00        0.414
       522       5220.000       423.87         0.00        0.491
       523       5230.000       412.65         0.00        0.478
       524       5240.000       357.17         0.00        0.414
       525       5250.000       281.86         0.00        0.327
       526       5260.000       281.25         0.00        0.326
       527       5270.000       286.70         0.00        0.332
       528       5280.000       190.32         0.00        0.221
       529       5290.000       158.37         0.00        0.184
       530       5300.000       220.77         0.00        0.256
       531       5310.000       279.77         0.00        0.324
       532       5320.000       335.55         0.00        0.389
       533       5330.000       340.52         0.00        0.395
       534       5340.000       309.44         0.00        0.359
       535       5350.000       263.77         0.00        0.306
       536       5360.000       258.52         0.00        0.300
       537       5370.000       263.16         0.00        0.305
       538       5380.000       302.88         0.00        0.351
       539       5390.000       299.80         0.00        0.348
       540       5400.000       259.61         0.00        0.301
       541       5410.000       264.27         0.00        0.306
       542       5420.000       348.92         0.00        0.404
       543       5430.000       377.31         0.00        0.437
       544       5440.000       461.74         0.00        0.535
       545       5450.000       519.63         0.00        0.602
       546       5460.000       483.39         0.00        0.560
       547       5470.000       398.31         0.00        0.462
       548       5480.000       385.61         0.00        0.447
       549       5490.000       426.57         0.00        0.495
       550       5500.000       451.51         0.00        0.523
       551       5510.000       355.82         0.00        0.412
       552       5520.000       340.16         0.00        0.394
       553       5530.000       315.14         0.00        0.365
       554       5540.000       297.66         0.00        0.345
       555       5550.000       210.44         0.00        0.244
       556       5560.000       191.29         0.00        0.222
       557       5570.000       196.52         0.00        0.228
       558       5580.000       202.27         0.00        0.234
       559       5590.000       256.49         0.00        0.297
       560       5600.000       267.88         0.00        0.311
       561       5610.000       290.84         0.00        0.337
       562       5620.000       323.10         0.00        0.375
       563       5630.000       410.58         0.00        0.476
       564       5640.000       482.54         0.00        0.559
       565       5650.000       472.85         0.00        0.548
       566       5660.000       470.15         0.00        0.545
       567       5670.000       392.06         0.00        0.455
       568       5680.000       421.01         0.00        0.488
       569       5690.000       370.01         0.00        0.429
       570       5700.000       312.53         0.00        0.362
       571       5710.000       278.70         0.00        0.323
       572       5720.000       291.50         0.00        0.338
       573       5730.000       383.13         0.00        0.444
       574       5740.000       471.15         0.00        0.546
       575       5750.000       461.55         0.00        0.535
       576       5760.000       401.40         0.00        0.465
       577       5770.000       311.46         0.00        0.361
       578       5780.000       260.48         0.00        0.302
       579       5790.000       260.69         0.00        0.302
       580       5800.000       289.50         0.00        0.336
       581       5810.000       311.29         0.00        0.361
       582       5820.000       375.11         0.00        0.435
       583       5830.000       384.23         0.00        0.445
       584       5840.000       418.63         0.00        0.485
       585       5850.000       452.41         0.00        0.524
       586       5860.000       477.82         0.00        0.554
       587       5870.000       424.14         0.00        0.492
       588       5880.000       372.80         0.00        0.432
       589       5890.000       311.65         0.00        0.361
       590       5900.000       243.74         0.00        0.283
       591       5910.000       212.30         0.00        0.246
       592       5920.000       248.35         0.00        0.288
       593       5930.000       298.55         0.00        0.346
       594       5940.000       347.85         0.00        0.403
       595       5950.000       393.11         0.00        0.456
       596       5960.000       443.25         0.00        0.514
       597       5970.000       530.09         0.00        0.615
       598       5980.000       618.76         0.00        0.717
       599       5990.000       693.58         0.00        0.804
       600       6000.000       659.38         0.00        0.764
       601       6010.000       621.28         0.00        0.720
       602       6020.000       621.46         0.00        0.720
       603       6030.000       562.84         0.00        0.652
       604       6040.000       497.52         0.00        0.577
       605       6050.000       475.36         0.00        0.551
       606       6060.000       492.70         0.00        0.571
       607       6070.000       533.12         0.00        0.618
       608       6080.000       612.79         0.00        0.710
       609       6090.000       639.30         0.00        0.741
       610       6100.000       759.46         0.00        0.880
       611       6110.000       800.91         0.00        0.928
       612       6120.000       849.78         0.00        0.985
       613       6130.000       722.96         0.00        0.838
       614       6140.000       565.80         0.00        0.656
       615       6150.000       425.69         0.00        0.493
       616       6160.000       481.75         0.00        0.558
       617       6170.000       717.13         0.00        0.831
       618       6180.000       997.59         0.00        1.156
       619       6190.000      1123.00         0.00        1.302
       620       6200.000      1189.38         0.00        1.379
       621       6210.000      1194.36         0.00        1.385
       622       6220.000      1094.75         0.00        1.269
       623       6230.000       885.70         0.00        1.027
       624       6240.000       713.40         0.00        0.827
       625       6250.000       631.07         0.00        0.732
       626       6260.000       551.10         0.00        0.639
       627       6270.000       558.49         0.00        0.647
       628       6280.000       632.96         0.00        0.734
       629       6290.000       744.82         0.00        0.863
       630       6300.000       911.14         0.00        1.056
       631       6310.000      1042.94         0.00        1.209
       632       6320.000      1040.73         0.00        1.206
       633       6330.000      1014.96         0.00        1.177
       634       6340.000      1004.82         0.00        1.165
       635       6350.000       871.64         0.00        1.010
       636       6360.000       720.80         0.00        0.836
       637       6370.000       744.07         0.00        0.863
       638       6380.000       922.47         0.00        1.069
       639       6390.000       981.19         0.00        1.137
       640       6400.000      1036.26         0.00        1.201
       641       6410.000       953.13         0.00        1.105
       642       6420.000       810.39         0.00        0.939
       643       6430.000       640.93         0.00        0.743
       644       6440.000       516.08         0.00        0.598
       645       6450.000       450.83         0.00        0.523
       646       6460.000       474.38         0.00        0.550
       647       6470.000       513.19         0.00        0.595
       648       6480.000       500.26         0.00        0.580
       649       6490.000       420.56         0.00        0.488
       650       6500.000       440.21         0.00        0.510
       651       6510.000       452.19         0.00        0.524
       652       6520.000       508.52         0.00        0.590
       653       6530.000       616.28         0.00        0.714
       654       6540.000       688.54         0.00        0.798
       655       6550.000       677.97         0.00        0.786
       656       6560.000       720.98         0.00        0.836
       657       6570.000       786.81         0.00        0.912
       658       6580.000       937.19         0.00        1.086
       659       6590.000      1052.13         0.00        1.220
       660       6600.000      1068.68         0.00        1.239
       661       6610.000      1038.87         0.00        1.204
       662       6620.000       920.13         0.00        1.067
       663       6630.000       757.03         0.00        0.878
       664       6640.000       659.95         0.00        0.765
       665       6650.000       600.16         0.00        0.696
       666       6660.000       567.76         0.00        0.658
       667       6670.000       497.27         0.00        0.576
       668       6680.000       437.42         0.00        0.507
       669       6690.000       369.08         0.00        0.428
       670       6700.000       332.19         0.00        0.385
       671       6710.000       321.23         0.00        0.372
       672       6720.000       412.22         0.00        0.478
       673       6730.000       460.77         0.00        0.534
       674       6740.000       465.20         0.00        0.539
       675       6750.000       386.63         0.00        0.448
       676       6760.000       312.94         0.00        0.363
       677       6770.000       350.56         0.00        0.406
       678       6780.000       455.04         0.00        0.528
       679       6790.000       585.77         0.00        0.679
       680       6800.000       594.24         0.00        0.689
       681       6810.000       673.74         0.00        0.781
       682       6820.000       858.93         0.00        0.996
       683       6830.000      1052.94         0.00        1.221
       684       6840.000      1197.69         0.00        1.388
       685       6850.000      1227.34         0.00        1.423
       686       6860.000      1290.22         0.00        1.496
       687       6870.000      1415.86         0.00        1.641
       688       6880.000      1492.71         0.00        1.730
       689       6890.000      1589.88         0.00        1.843
       690       6900.000      1699.65         0.00        1.970
       691       6910.000      1603.08         0.00        1.858
       692       6920.000      1541.20         0.00        1.787
       693       6930.000      1524.51         0.00        1.767
       694       6940.000      1511.71         0.00        1.752
       695       6950.000      1327.00         0.00        1.538
       696       6960.000      1112.13         0.00        1.289
       697       6970.000       973.33         0.00        1.128
       698       6980.000       871.55         0.00        1.010
       699       6990.000       742.92         0.00        0.861
       700       7000.000       602.46         0.00        0.698
       701       7010.000       372.65         0.00        0.432
       702       7020.000       199.32         0.00        0.231
       703       7030.000       192.54         0.00        0.223
       704       7040.000       309.58         0.00        0.359
       705       7050.000       487.30         0.00        0.565
       706       7060.000       666.35         0.00        0.772
       707       7070.000       823.16         0.00        0.954
       708       7080.000       938.18         0.00        1.088
       709       7090.000      1063.12         0.00        1.232
       710       7100.000      1144.81         0.00        1.327
       711       7110.000      1257.21         0.00        1.457
       712       7120.000      1429.39         0.00        1.657
       713       7130.000      1504.10         0.00        1.744
       714       7140.000      1504.05         0.00        1.744
       715       7150.000      1458.13         0.00        1.690
       716       7160.000      1462.77         0.00        1.696
       717       7170.000      1323.54         0.00        1.534
       718       7180.000      1167.59         0.00        1.354
       719       7190.000       896.29         0.00        1.039
       720       7200.000       634.19         0.00        0.735
       721       7210.000       409.41         0.00        0.475
       722       7220.000       261.38         0.00        0.303
       723       7230.000       305.23         0.00        0.354
       724       7240.000       420.11         0.00        0.487
       725       7250.000       633.27         0.00        0.734
       726       7260.000       915.11         0.00        1.061
       727       7270.000      1227.87         0.00        1.423
       728       7280.000      1488.84         0.00        1.726
       729       7290.000      1619.70         0.00        1.878
       730       7300.000      1645.76         0.00        1.908
       731       7310.000      1686.74         0.00        1.955
       732       7320.000      1574.74         0.00        1.826
       733       7330.000      1519.67         0.00        1.762
       734       7340.000      1453.44         0.00        1.685
       735       7350.000      1396.36         0.00        1.619
       736       7360.000      1276.65         0.00        1.480
       737       7370.000      1280.41         0.00        1.484
       738       7380.000      1264.07         0.00        1.465
       739       7390.000      1137.16         0.00        1.318
       740       7400.000       933.99         0.00        1.083
       741       7410.000       779.42         0.00        0.904
       742       7420.000       593.99         0.00        0.689
       743       7430.000       442.26         0.00        0.513
       744       7440.000       407.84         0.00        0.473
       745       7450.000       355.36         0.00        0.412
       746       7460.000       376.68         0.00        0.437
       747       7470.000       377.26         0.00        0.437
       748       7480.000       410.73         0.00        0.476
       749       7490.000       552.21         0.00        0.640
       750       7500.000       649.81         0.00        0.753
       751       7510.000       725.21         0.00        0.841
       752       7520.000       665.18         0.00        0.771
       753       7530.000       581.13         0.00        0.674
       754       7540.000       440.44         0.00        0.511
       755       7550.000       321.56         0.00        0.373
       756       7560.000       298.96         0.00        0.347
       757       7570.000       350.18         0.00        0.406
       758       7580.000       394.40         0.00        0.457
       759       7590.000       420.98         0.00        0.488
       760       7600.000       457.95         0.00        0.531
       761       7610.000       470.18         0.00        0.545
       762       7620.000       497.11         0.00        0.576
       763       7630.000       555.60         0.00        0.644
       764       7640.000       567.46         0.00        0.658
       765       7650.000       569.35         0.00        0.660
       766       7660.000       545.73         0.00        0.633
       767       7670.000       444.08         0.00        0.515
       768       7680.000       389.77         0.00        0.452
       769       7690.000       311.89         0.00        0.362
       770       7700.000       294.28         0.00        0.341
       771       7710.000       266.72         0.00        0.309
       772       7720.000       281.98         0.00        0.327
       773       7730.000       322.29         0.00        0.374
       774       7740.000       346.08         0.00        0.401
       775       7750.000       331.91         0.00        0.385
       776       7760.000       398.23         0.00        0.462
       777       7770.000       401.44         0.00        0.465
       778       7780.000       352.51         0.00        0.409
       779       7790.000       267.08         0.00        0.310
       780       7800.000       225.46         0.00        0.261
       781       7810.000       245.09         0.00        0.284
       782       7820.000       281.30         0.00        0.326
       783       7830.000       289.25         0.00        0.335
       784       7840.000       348.01         0.00        0.403
       785       7850.000       483.30         0.00        0.560
       786       7860.000       551.41         0.00        0.639
       787       7870.000       560.91         0.00        0.650
       788       7880.000       539.71         0.00        0.626
       789       7890.000       468.26         0.00        0.543
       790       7900.000       395.24         0.00        0.458
       791       7910.000       350.56         0.00        0.406
       792       7920.000       369.78         0.00        0.429
       793       7930.000       398.37         0.00        0.462
       794       7940.000       399.52         0.00        0.463
       795       7950.000       429.39         0.00        0.498
       796       7960.000       499.67         0.00        0.579
       797       7970.000       584.44         0.00        0.678
       798       7980.000       574.06         0.00        0.665
       799       7990.000       619.42         0.00        0.718
       800       8000.000       582.31         0.00        0.675
       801       8010.000       442.75         0.00        0.513
       802       8020.000       369.75         0.00        0.429
       803       8030.000       386.33         0.00        0.448
       804       8040.000       622.23         0.00        0.721
       805       8050.000       831.98         0.00        0.964
       806       8060.000      1022.49         0.00        1.185
       807       8070.000      1213.62         0.00        1.407
       808       8080.000      1322.65         0.00        1.533
       809       8090.000      1327.70         0.00        1.539
       810       8100.000      1278.45         0.00        1.482
       811       8110.000      1188.97         0.00        1.378
       812       8120.000      1044.21         0.00        1.211
       813       8130.000       979.53         0.00        1.136
       814       8140.000       981.24         0.00        1.138
       815       8150.000       926.82         0.00        1.074
       816       8160.000       880.90         0.00        1.021
       817       8170.000       880.40         0.00        1.021
       818       8180.000       833.31         0.00        0.966
       819       8190.000       812.93         0.00        0.942
       820       8200.000       743.09         0.00        0.861
       821       8210.000       556.04         0.00        0.645
       822       8220.000       483.37         0.00        0.560
       823       8230.000       410.30         0.00        0.476
       824       8240.000       381.07         0.00        0.442
       825       8250.000       423.60         0.00        0.491
       826       8260.000       545.38         0.00        0.632
       827       8270.000       620.83         0.00        0.720
       828       8280.000       651.93         0.00        0.756
       829       8290.000       636.98         0.00        0.738
       830       8300.000       626.40         0.00        0.726
       831       8310.000       626.52         0.00        0.726
       832       8320.000       615.80         0.00        0.714
       833       8330.000       667.89         0.00        0.774
       834       8340.000       760.17         0.00        0.881
       835       8350.000       705.34         0.00        0.818
       836       8360.000       546.79         0.00        0.634
       837       8370.000       514.34         0.00        0.596
       838       8380.000       535.07         0.00        0.620
       839       8390.000       488.21         0.00        0.566
       840       8400.000       321.93         0.00        0.373
       841       8410.000       347.80         0.00        0.403
       842       8420.000       402.33         0.00        0.466
       843       8430.000       382.04         0.00        0.443
       844       8440.000       426.67         0.00        0.495
       845       8450.000       460.88         0.00        0.534
       846       8460.000       475.81         0.00        0.552
       847       8470.000       487.53         0.00        0.565
       848       8480.000       499.68         0.00        0.579
       849       8490.000       567.23         0.00        0.658
       850       8500.000       633.88         0.00        0.735
       851       8510.000       619.37         0.00        0.718
       852       8520.000       621.97         0.00        0.721
       853       8530.000       552.56         0.00        0.641
       854       8540.000       438.80         0.00        0.509
       855       8550.000       360.99         0.00        0.418
       856       8560.000       353.08         0.00        0.409
       857       8570.000       313.49         0.00        0.363
       858       8580.000       241.87         0.00        0.280
       859       8590.000       309.06         0.00        0.358
       860       8600.000       458.29         0.00        0.531
       861       8610.000       576.76         0.00        0.669
       862       8620.000       641.11         0.00        0.743
       863       8630.000       701.43         0.00        0.813
       864       8640.000       733.39         0.00        0.850
       865       8650.000       716.36         0.00        0.830
       866       8660.000       633.29         0.00        0.734
       867       8670.000       520.97         0.00        0.604
       868       8680.000       449.65         0.00        0.521
       869       8690.000       365.65         0.00        0.424
       870       8700.000       274.21         0.00        0.318
       871       8710.000       277.56         0.00        0.322
       872       8720.000       340.33         0.00        0.395
       873       8730.000       399.46         0.00        0.463
       874       8740.000       490.53         0.00        0.569
       875       8750.000       449.50         0.00        0.521
       876       8760.000       413.45         0.00        0.479
       877       8770.000       423.56         0.00        0.491
       878       8780.000       354.82         0.00        0.411
       879       8790.000       293.11         0.00        0.340
       880       8800.000       261.13         0.00        0.303
       881       8810.000       253.45         0.00        0.294
       882       8820.000       275.32         0.00        0.319
       883       8830.000       222.30         0.00        0.258
       884       8840.000       267.63         0.00        0.310
       885       8850.000       248.33         0.00        0.288
       886       8860.000       303.01         0.00        0.351
       887       8870.000       412.97         0.00        0.479
       888       8880.000       449.95         0.00        0.522
       889       8890.000       440.85         0.00        0.511
       890       8900.000       494.71         0.00        0.574
       891       8910.000       431.89         0.00        0.501
       892       8920.000       397.30         0.00        0.461
       893       8930.000       323.96         0.00        0.376
       894       8940.000       258.64         0.00        0.300
       895       8950.000       213.02         0.00        0.247
       896       8960.000       207.94         0.00        0.241
       897       8970.000       252.99         0.00        0.293
       898       8980.000       274.73         0.00        0.318
       899       8990.000       447.89         0.00        0.519
       900       9000.000       528.07         0.00        0.612
       901       9010.000       661.75         0.00        0.767
       902       9020.000       825.92         0.00        0.957
       903       9030.000       952.72         0.00        1.104
       904       9040.000       984.60         0.00        1.141
       905       9050.000       977.40         0.00        1.133
       906       9060.000       984.65         0.00        1.141
       907       9070.000      1016.85         0.00        1.179
       908       9080.000      1063.67         0.00        1.233
       909       9090.000      1020.21         0.00        1.183
       910       9100.000       989.10         0.00        1.147
       911       9110.000       902.87         0.00        1.047
       912       9120.000       769.59         0.00        0.892
       913       9130.000       595.35         0.00        0.690
       914       9140.000       512.91         0.00        0.595
       915       9150.000       480.16         0.00        0.557
       916       9160.000       449.68         0.00        0.521
       917       9170.000       432.78         0.00        0.502
       918       9180.000       408.51         0.00        0.474
       919       9190.000       294.60         0.00        0.342
       920       9200.000       275.68         0.00        0.320
       921       9210.000       352.61         0.00        0.409
       922       9220.000       436.96         0.00        0.507
       923       9230.000       498.85         0.00        0.578
       924       9240.000       505.82         0.00        0.586
       925       9250.000       440.73         0.00        0.511
       926       9260.000       415.33         0.00        0.481
       927       9270.000       356.39         0.00        0.413
       928       9280.000       377.45         0.00        0.438
       929       9290.000       337.72         0.00        0.392
       930       9300.000       301.77         0.00        0.350
       931       9310.000       284.62         0.00        0.330
       932       9320.000       341.50         0.00        0.396
       933       9330.000       471.42         0.00        0.547
       934       9340.000       604.93         0.00        0.701
       935       9350.000       653.66         0.00        0.758
       936       9360.000       639.59         0.00        0.741
       937       9370.000       597.25         0.00        0.692
       938       9380.000       520.94         0.00        0.604
       939       9390.000       399.49         0.00        0.463
       940       9400.000       312.45         0.00        0.362
       941       9410.000       298.10         0.00        0.346
       942       9420.000       323.81         0.00        0.375
       943       9430.000       350.86         0.00        0.407
       944       9440.000       474.98         0.00        0.551
       945       9450.000       618.09         0.00        0.717
       946       9460.000       685.94         0.00        0.795
       947       9470.000       634.38         0.00        0.735
       948       9480.000       478.94         0.00        0.555
       949       9490.000       395.30         0.00        0.458
       950       9500.000       356.56         0.00        0.413
       951       9510.000       338.42         0.00        0.392
       952       9520.000       342.38         0.00        0.397
       953       9530.000       375.03         0.00        0.435
       954       9540.000       385.55         0.00        0.447
       955       9550.000       420.71         0.00        0.488
       956       9560.000       539.41         0.00        0.625
       957       9570.000       628.21         0.00        0.728
       958       9580.000       591.52         0.00        0.686
       959       9590.000       509.35         0.00        0.590
       960       9600.000       404.40         0.00        0.469
       961       9610.000       300.62         0.00        0.349
       962       9620.000       288.89         0.00        0.335
       963       9630.000       231.75         0.00        0.269
       964       9640.000       252.65         0.00        0.293
       965       9650.000       306.14         0.00        0.355
       966       9660.000       412.29         0.00        0.478
       967       9670.000       591.79         0.00        0.686
       968       9680.000       658.31         0.00        0.763
       969       9690.000       588.14         0.00        0.682
       970       9700.000       483.88         0.00        0.561
       971       9710.000       364.51         0.00        0.423
       972       9720.000       309.20         0.00        0.358
       973       9730.000       342.87         0.00        0.397
       974       9740.000       361.60         0.00        0.419
       975       9750.000       450.77         0.00        0.523
       976       9760.000       488.03         0.00        0.566
       977       9770.000       489.17         0.00        0.567
       978       9780.000       457.05         0.00        0.530
       979       9790.000       531.65         0.00        0.616
       980       9800.000       637.33         0.00        0.739
       981       9810.000       674.87         0.00        0.782
       982       9820.000       745.76         0.00        0.865
       983       9830.000       828.45         0.00        0.960
       984       9840.000       902.42         0.00        1.046
       985       9850.000       947.75         0.00        1.099
       986       9860.000      1047.05         0.00        1.214
       987       9870.000      1108.40         0.00        1.285
       988       9880.000      1183.25         0.00        1.372
       989       9890.000      1211.75         0.00        1.405
       990       9900.000      1154.54         0.00        1.338
       991       9910.000      1036.94         0.00        1.202
       992       9920.000       809.40         0.00        0.938
       993       9930.000       636.40         0.00        0.738
       994       9940.000       490.80         0.00        0.569
       995       9950.000       375.90         0.00        0.436
       996       9960.000       298.89         0.00        0.346
       997       9970.000       297.80         0.00        0.345
       998       9980.000       319.24         0.00        0.370
       999       9990.000       364.99         0.00        0.423
      1000      10000.000       408.99         0.00        0.474
