#   Time(ps)     Ree^2(A^2)     stdRee^2(A^2)
#============================================
      0.00       172.07        54.27 
     20.00       172.18        54.19 
     40.00       173.75        55.28 
     60.00       220.88        76.58 
     80.00       233.98        80.89 
    100.00       231.46        79.71 
    120.00       229.12        78.84 
    140.00       226.59        77.08 
    160.00       221.96        71.22 
    180.00       208.19        82.22 
    200.00       205.61        98.55 
    220.00       211.21       110.83 
    240.00       226.21       142.27 
    260.00       262.02       201.23 
    280.00       271.11       200.65 
    300.00       264.86       190.83 
    320.00       259.03       179.89 
    340.00       242.50       137.29 
    360.00       219.15        86.59 
    380.00       213.40        55.94 
    400.00       210.10        51.05 
    420.00       175.21        63.93 
    440.00       139.58        68.80 
    460.00       123.13        61.61 
    480.00       112.24        59.52 
    500.00       107.00        68.83 
    520.00       101.19        82.08 
    540.00       102.15        85.10 
    560.00       105.59        86.92 
    580.00       106.38        88.76 
    600.00       112.26        80.53 
    620.00       123.06        73.06 
    640.00       132.99        61.00 
    660.00       158.17        48.63 
    680.00       172.73        13.39 
    700.00       183.19         6.05 
    720.00       194.90        19.81 
    740.00       203.20        34.24 
    760.00       225.21        50.65 
    780.00       242.02        65.47 
    800.00       247.84        79.20 
    820.00       248.93       104.68 
    840.00       239.56       113.34 
    860.00       232.69       119.21 
    880.00       230.08       136.63 
    900.00       234.05       160.62 
    920.00       227.00       167.97 
    940.00       212.16       170.46 
    960.00       201.35       174.87 
    980.00       196.08       164.77 
   1000.00       195.94       140.45 
   1020.00       193.59       112.87 
   1040.00       194.71        80.03 
   1060.00       179.78        55.63 
   1080.00       166.32        41.87 
   1100.00       156.31        39.16 
   1120.00       145.21        50.34 
   1140.00       148.29        75.16 
   1160.00       158.63        99.38 
   1180.00       173.58       109.52 
   1200.00       175.19       110.13 
   1220.00       171.96       107.31 
   1240.00       182.02       112.10 
   1260.00       206.78       114.51 
   1280.00       230.19        98.69 
   1300.00       251.63        90.34 
   1320.00       267.49        97.55 
   1340.00       277.52       110.81 
   1360.00       288.37       124.31 
   1380.00       299.05       121.89 
   1400.00       291.08       114.53 
   1420.00       279.61        95.20 
   1440.00       286.59        57.84 
   1460.00       274.26        37.19 
   1480.00       258.74        35.46 
   1500.00       244.53        32.41 
   1520.00       227.22        14.67 
   1540.00       222.75        28.17 
   1560.00       214.33        54.55 
   1580.00       205.40        69.22 
   1600.00       196.85        89.90 
   1620.00       190.78       119.21 
   1640.00       181.82       117.03 
   1660.00       188.49       126.59 
   1680.00       193.92       139.93 
   1700.00       196.07       151.31 
   1720.00       204.66       156.40 
   1740.00       213.05       168.25 
   1760.00       215.53       172.98 
   1780.00       216.06       177.42 
   1800.00       211.83       186.90 
   1820.00       198.39       177.24 
   1840.00       182.83       160.67 
   1860.00       189.63       160.64 
   1880.00       188.29       149.17 
   1900.00       177.64       134.61 
   1920.00       163.82       122.61 
   1940.00       153.75       109.03 
   1960.00       149.15       101.76 
   1980.00       148.45       107.92 
   2000.00       148.45       119.54 
   2020.00       144.49       124.41 
   2040.00       134.38       109.33 
   2060.00       119.37        86.44 
   2080.00       108.59        69.23 
   2100.00       105.51        59.14 
   2120.00       102.77        51.82 
   2140.00        89.86        51.51 
   2160.00        87.04        49.86 
   2180.00        87.91        52.07 
   2200.00        95.32        61.16 
   2220.00       102.48        74.21 
   2240.00       109.09        86.33 
   2260.00       119.51       100.09 
   2280.00       134.41       120.09 
   2300.00       144.07       134.15 
   2320.00       147.07       132.04 
   2340.00       138.16       126.53 
   2360.00       131.76       124.03 
   2380.00       120.12       109.92 
   2400.00       119.01       108.44 
   2420.00       112.40        99.90 
   2440.00        99.86        89.90 
   2460.00        92.44        81.08 
   2480.00        84.01        70.74 
   2500.00        82.60        69.81 
   2520.00        76.47        66.39 
   2540.00        78.96        72.15 
   2560.00        78.75        69.03 
   2580.00        75.24        59.77 
   2600.00        76.24        54.05 
   2620.00        81.15        50.44 
   2640.00        80.17        39.42 
   2660.00        88.25        34.60 
   2680.00        91.46        22.66 
   2700.00        97.27        23.22 
   2720.00       111.21        21.44 
   2740.00       130.13        33.13 
   2760.00       137.82        46.26 
   2780.00       145.77        47.63 
   2800.00       144.40        54.57 
   2820.00       150.91        68.20 
   2840.00       168.21        60.65 
   2860.00       177.58        67.22 
   2880.00       191.79        91.61 
   2900.00       202.11       106.05 
   2920.00       217.64        97.11 
   2940.00       236.90        87.21 
   2960.00       251.39        75.85 
   2980.00       241.79        77.35 
   3000.00       238.20        91.17 
   3020.00       237.62       110.31 
   3040.00       242.09        97.95 
   3060.00       252.45        80.29 
   3080.00       257.13        64.76 
   3100.00       256.11        58.35 
   3120.00       249.00        43.99 
   3140.00       248.29        43.38 
   3160.00       241.76        49.96 
   3180.00       230.46        49.77 
   3200.00       216.38        37.78 
   3220.00       202.18        36.88 
   3240.00       195.88        27.03 
   3260.00       198.67        18.19 
   3280.00       205.78        23.81 
   3300.00       206.71        20.61 
   3320.00       208.01        27.35 
   3340.00       198.64        31.50 
   3360.00       185.66        42.63 
   3380.00       168.29        49.30 
   3400.00       152.35        51.17 
   3420.00       142.77        48.62 
   3440.00       136.19        50.86 
   3460.00       128.14        62.65 
   3480.00       113.93        54.30 
   3500.00       107.95        63.30 
   3520.00        96.34        65.51 
   3540.00        98.56        72.30 
   3560.00        97.44        76.34 
   3580.00        98.13        74.21 
   3600.00       106.45        77.12 
   3620.00        98.48        77.91 
   3640.00        94.64        74.98 
   3660.00        95.50        70.48 
   3680.00        89.87        63.77 
   3700.00        88.11        65.39 
   3720.00        87.39        64.62 
   3740.00        96.04        60.10 
   3760.00        99.12        55.05 
   3780.00       105.87        58.63 
   3800.00       113.08        60.30 
   3820.00       109.03        52.84 
   3840.00       111.18        55.66 
   3860.00       114.39        53.66 
   3880.00       124.15        55.18 
   3900.00       137.51        66.07 
   3920.00       149.15        74.63 
   3940.00       151.67        69.24 
   3960.00       151.31        67.55 
   3980.00       156.14        66.95 
   4000.00       156.54        51.14 
   4020.00       153.79        44.14 
   4040.00       160.40        56.12 
   4060.00       157.38        49.63 
   4080.00       157.67        50.80 
   4100.00       154.18        45.97 
   4120.00       158.65        49.98 
   4140.00       155.25        54.02 
   4160.00       160.46        64.93 
   4180.00       162.82        79.98 
   4200.00       158.56        91.56 
   4220.00       149.59        88.86 
   4240.00       148.19        87.57 
   4260.00       146.60        88.55 
   4280.00       137.08        86.69 
   4300.00       129.47        86.31 
   4320.00       126.21        84.51 
   4340.00       120.32        79.28 
   4360.00       122.46        90.19 
   4380.00       125.70       100.35 
   4400.00       134.35       108.27 
   4420.00       134.44       107.20 
   4440.00       132.39        99.26 
   4460.00       132.47        91.38 
   4480.00       127.67        77.60 
   4500.00       114.13        61.17 
   4520.00       106.26        58.00 
   4540.00       103.98        63.33 
   4560.00       103.40        68.12 
   4580.00       112.06        82.22 
   4600.00       112.51        93.39 
   4620.00       111.07        91.46 
   4640.00       109.27        83.98 
   4660.00       107.70        79.88 
   4680.00       109.70        75.97 
   4700.00       113.79        68.22 
   4720.00       125.25        66.89 
   4740.00       132.86        76.58 
   4760.00       127.03        84.51 
   4780.00       123.14       100.02 
   4800.00       118.65       104.27 
   4820.00       115.10       101.02 
   4840.00       108.50        84.86 
   4860.00       104.20        87.03 
   4880.00       103.52        92.99 
   4900.00       100.50        93.40 
   4920.00        95.06        85.33 
   4940.00        95.79        82.27 
   4960.00       103.12        79.01 
   4980.00       108.88        83.67 
   5000.00       120.00        96.21 
   5020.00       127.19        91.31 
   5040.00       129.09        75.50 
   5060.00       130.73        73.33 
   5080.00       122.81        73.34 
   5100.00       103.82        61.27 
   5120.00       107.62        61.02 
   5140.00       111.25        58.01 
   5160.00       110.19        57.40 
   5180.00       120.78        72.45 
   5200.00       139.61       103.63 
   5220.00       150.72       121.09 
   5240.00       154.47       127.55 
   5260.00       143.90       126.75 
   5280.00       159.54       143.98 
   5300.00       177.40       159.20 
   5320.00       191.34       179.00 
   5340.00       198.86       175.07 
   5360.00       207.91       180.74 
   5380.00       211.02       156.04 
   5400.00       209.82       141.03 
   5420.00       200.66       131.55 
   5440.00       184.42        96.67 
   5460.00       188.50        75.51 
   5480.00       202.77        56.53 
   5500.00       201.29        53.01 
   5520.00       206.20        69.21 
   5540.00       213.80        76.27 
   5560.00       205.77        69.15 
   5580.00       205.47        76.09 
   5600.00       203.52        83.14 
   5620.00       191.55        82.41 
   5640.00       190.83        85.55 
   5660.00       191.28        93.31 
   5680.00       191.64        98.34 
   5700.00       183.60        93.07 
   5720.00       192.85       102.59 
   5740.00       193.44       116.92 
   5760.00       190.85       123.38 
   5780.00       184.20       121.36 
   5800.00       175.18       125.63 
   5820.00       166.01       124.27 
   5840.00       169.85       130.82 
   5860.00       170.76       138.26 
   5880.00       166.23       132.86 
   5900.00       175.65       129.15 
   5920.00       181.30       127.39 
   5940.00       185.00       135.04 
   5960.00       195.31       149.79 
   5980.00       197.58       154.82 
   6000.00       188.39       152.48 
