#   Time(ps)     Rg^2(A^2)     stdRg^2(A^2)
#==========================================
      0.00        29.68         1.41 
     20.00        29.68         1.40 
     40.00        29.79         1.36 
     60.00        32.88         2.33 
     80.00        33.37         3.09 
    100.00        32.98         2.78 
    120.00        32.67         2.52 
    140.00        32.29         2.17 
    160.00        31.29         1.03 
    180.00        28.95         2.39 
    200.00        27.83         2.58 
    220.00        28.37         3.64 
    240.00        29.12         5.46 
    260.00        31.46         9.98 
    280.00        31.63        13.33 
    300.00        30.86        13.47 
    320.00        29.94        12.38 
    340.00        28.25         7.89 
    360.00        26.18         4.20 
    380.00        25.15         2.60 
    400.00        24.79         1.76 
    420.00        23.91         1.63 
    440.00        23.33         2.04 
    460.00        22.46         2.71 
    480.00        22.07         3.11 
    500.00        22.15         3.85 
    520.00        22.12         3.58 
    540.00        22.30         3.64 
    560.00        22.47         4.60 
    580.00        21.87         5.21 
    600.00        21.76         4.91 
    620.00        22.18         5.64 
    640.00        22.96         5.14 
    660.00        23.47         4.65 
    680.00        23.79         3.77 
    700.00        24.12         1.69 
    720.00        25.33         1.43 
    740.00        25.99         0.59 
    760.00        26.81         2.35 
    780.00        27.39         4.78 
    800.00        28.09         6.14 
    820.00        28.78         7.70 
    840.00        29.05         7.88 
    860.00        28.99         8.71 
    880.00        29.18         9.26 
    900.00        28.66         8.95 
    920.00        28.65         8.69 
    940.00        28.07         8.88 
    960.00        28.28         8.36 
    980.00        28.27         6.76 
   1000.00        28.62         5.34 
   1020.00        28.41         4.05 
   1040.00        28.79         2.34 
   1060.00        29.27         3.07 
   1080.00        29.35         2.46 
   1100.00        28.91         2.44 
   1120.00        28.27         3.31 
   1140.00        28.77         3.96 
   1160.00        28.88         4.61 
   1180.00        29.36         5.64 
   1200.00        29.08         5.60 
   1220.00        28.83         4.58 
   1240.00        28.73         4.90 
   1260.00        28.59         4.57 
   1280.00        28.72         4.46 
   1300.00        29.54         4.56 
   1320.00        30.27         5.74 
   1340.00        30.87         6.75 
   1360.00        31.52         7.09 
   1380.00        31.63         6.46 
   1400.00        31.92         6.31 
   1420.00        31.55         5.45 
   1440.00        31.13         4.04 
   1460.00        29.68         2.64 
   1480.00        28.55         2.16 
   1500.00        27.50         1.18 
   1520.00        27.24         0.14 
   1540.00        26.90         0.79 
   1560.00        26.58         1.36 
   1580.00        26.67         1.81 
   1600.00        26.40         2.86 
   1620.00        26.72         4.02 
   1640.00        26.68         5.13 
   1660.00        26.04         5.30 
   1680.00        25.92         5.67 
   1700.00        25.98         6.38 
   1720.00        26.17         8.10 
   1740.00        26.51         9.06 
   1760.00        26.94         8.99 
   1780.00        27.12         9.74 
   1800.00        27.39        10.53 
   1820.00        26.88        10.31 
   1840.00        26.73        10.69 
   1860.00        26.70        10.11 
   1880.00        25.81         9.54 
   1900.00        24.65         8.82 
   1920.00        24.15         9.00 
   1940.00        23.73         8.70 
   1960.00        23.12         9.23 
   1980.00        22.79         9.73 
   2000.00        23.10         9.00 
   2020.00        24.21         9.58 
   2040.00        24.30         9.47 
   2060.00        24.28         8.43 
   2080.00        23.83         7.25 
   2100.00        23.92         7.04 
   2120.00        24.38         6.10 
   2140.00        24.66         5.45 
   2160.00        24.88         4.64 
   2180.00        25.37         3.88 
   2200.00        25.57         5.45 
   2220.00        25.63         5.79 
   2240.00        26.37         6.35 
   2260.00        25.91         5.72 
   2280.00        24.93         5.47 
   2300.00        24.31         5.66 
   2320.00        23.91         6.23 
   2340.00        23.14         6.63 
   2360.00        23.12         6.54 
   2380.00        22.24         5.84 
   2400.00        21.51         5.87 
   2420.00        21.50         5.18 
   2440.00        21.75         4.67 
   2460.00        21.67         4.90 
   2480.00        21.43         4.17 
   2500.00        21.57         3.27 
   2520.00        21.23         2.82 
   2540.00        21.36         2.66 
   2560.00        21.21         2.21 
   2580.00        21.26         1.88 
   2600.00        21.39         2.16 
   2620.00        21.87         1.98 
   2640.00        22.05         1.64 
   2660.00        22.59         2.02 
   2680.00        23.10         2.67 
   2700.00        23.12         3.19 
   2720.00        23.94         4.11 
   2740.00        25.06         4.74 
   2760.00        26.32         5.32 
   2780.00        27.40         6.07 
   2800.00        27.67         5.65 
   2820.00        27.79         5.24 
   2840.00        27.52         4.78 
   2860.00        28.60         5.06 
   2880.00        29.51         5.19 
   2900.00        29.00         4.89 
   2920.00        28.98         4.48 
   2940.00        29.30         4.55 
   2960.00        29.61         3.79 
   2980.00        29.57         3.44 
   3000.00        29.57         3.83 
   3020.00        29.82         2.95 
   3040.00        30.06         2.52 
   3060.00        29.98         2.38 
   3080.00        30.20         2.42 
   3100.00        30.06         2.58 
   3120.00        29.61         3.35 
   3140.00        29.28         4.05 
   3160.00        28.68         4.10 
   3180.00        27.17         3.56 
   3200.00        26.31         3.45 
   3220.00        25.39         2.89 
   3240.00        24.93         3.01 
   3260.00        25.66         3.20 
   3280.00        26.67         3.17 
   3300.00        26.69         2.58 
   3320.00        27.18         3.70 
   3340.00        27.31         4.03 
   3360.00        26.92         4.30 
   3380.00        26.52         4.24 
   3400.00        25.75         4.09 
   3420.00        25.00         3.85 
   3440.00        24.57         4.27 
   3460.00        24.55         4.98 
   3480.00        24.09         4.59 
   3500.00        23.48         3.90 
   3520.00        23.08         3.54 
   3540.00        22.25         3.18 
   3560.00        21.28         2.70 
   3580.00        21.28         2.52 
   3600.00        21.21         2.78 
   3620.00        21.04         2.53 
   3640.00        21.32         1.82 
   3660.00        20.82         1.73 
   3680.00        20.10         1.97 
   3700.00        20.36         2.15 
   3720.00        20.76         1.77 
   3740.00        20.70         1.82 
   3760.00        21.54         2.59 
   3780.00        23.06         2.59 
   3800.00        23.95         2.65 
   3820.00        23.81         2.39 
   3840.00        23.41         2.46 
   3860.00        24.02         1.64 
   3880.00        24.94         2.03 
   3900.00        26.20         2.42 
   3920.00        27.47         3.56 
   3940.00        26.88         4.59 
   3960.00        26.97         5.06 
   3980.00        27.28         5.35 
   4000.00        25.91         5.02 
   4020.00        24.90         4.42 
   4040.00        24.54         3.88 
   4060.00        24.55         3.28 
   4080.00        24.55         3.41 
   4100.00        24.67         3.31 
   4120.00        24.56         3.16 
   4140.00        24.73         3.20 
   4160.00        24.52         2.76 
   4180.00        23.55         3.07 
   4200.00        22.59         3.23 
   4220.00        21.68         3.33 
   4240.00        21.49         3.11 
   4260.00        21.02         3.95 
   4280.00        20.58         5.08 
   4300.00        20.94         5.18 
   4320.00        21.05         5.04 
   4340.00        21.04         4.61 
   4360.00        20.70         4.68 
   4380.00        21.04         4.41 
   4400.00        20.82         4.67 
   4420.00        21.20         4.41 
   4440.00        21.32         4.13 
   4460.00        21.79         4.34 
   4480.00        22.58         3.29 
   4500.00        23.32         2.83 
   4520.00        23.79         2.32 
   4540.00        23.74         2.65 
   4560.00        23.92         2.47 
   4580.00        23.08         2.94 
   4600.00        22.79         3.06 
   4620.00        22.93         3.69 
   4640.00        22.97         4.30 
   4660.00        21.96         4.62 
   4680.00        21.94         4.73 
   4700.00        22.57         4.51 
   4720.00        23.15         3.75 
   4740.00        23.10         3.87 
   4760.00        22.74         4.16 
   4780.00        22.44         4.26 
   4800.00        22.64         4.23 
   4820.00        22.85         4.21 
   4840.00        23.13         4.57 
   4860.00        23.16         4.28 
   4880.00        23.67         4.03 
   4900.00        23.38         3.80 
   4920.00        23.71         4.29 
   4940.00        24.68         4.61 
   4960.00        24.47         4.17 
   4980.00        24.27         4.69 
   5000.00        24.98         4.26 
   5020.00        24.94         3.93 
   5040.00        25.28         2.96 
   5060.00        24.58         2.20 
   5080.00        24.51         0.92 
   5100.00        24.11         1.69 
   5120.00        24.81         2.81 
   5140.00        24.39         3.80 
   5160.00        25.07         4.54 
   5180.00        25.40         4.89 
   5200.00        25.89         5.04 
   5220.00        25.84         5.49 
   5240.00        25.80         6.49 
   5260.00        26.39         8.31 
   5280.00        27.24         8.43 
   5300.00        27.75         8.76 
   5320.00        28.60        10.10 
   5340.00        28.59        10.00 
   5360.00        29.03        10.30 
   5380.00        29.52        10.40 
   5400.00        29.31         9.78 
   5420.00        28.83         9.30 
   5440.00        28.80         8.25 
   5460.00        28.06         7.43 
   5480.00        28.43         6.61 
   5500.00        28.35         6.04 
   5520.00        28.30         4.81 
   5540.00        28.11         3.79 
   5560.00        27.54         2.80 
   5580.00        26.96         2.64 
   5600.00        26.43         2.22 
   5620.00        26.29         2.33 
   5640.00        26.45         1.92 
   5660.00        26.21         2.06 
   5680.00        26.60         2.31 
   5700.00        27.20         2.53 
   5720.00        29.19         4.38 
   5740.00        29.30         6.51 
   5760.00        28.73         7.33 
   5780.00        28.34         7.01 
   5800.00        27.59         6.52 
   5820.00        26.76         6.05 
   5840.00        24.95         5.68 
   5860.00        25.13         5.68 
   5880.00        25.08         5.99 
   5900.00        25.78         6.49 
   5920.00        25.72         7.09 
   5940.00        26.51         7.32 
   5960.00        26.98         7.74 
   5980.00        27.47         7.83 
   6000.00        29.36         8.11 
