# # of beads(n)  # of segments(m)      <Ree2>/m          <Ree2>/n       Ree(ilength)         Count
# -------------  ----------------      --------          --------       ------------         -----
       2             1              0.2372952524E+01  0.1186476262E+01   0.2372952524E+01   7485000
       3             2              0.3325130987E+01  0.2216753992E+01   0.6650261975E+01   7470000
       4             3              0.4566976422E+01  0.3425232316E+01   0.1370092927E+02   7455000
       5             4              0.5643408004E+01  0.4514726403E+01   0.2257363202E+02   7440000
       6             5              0.6666333064E+01  0.5555277553E+01   0.3333166532E+02   7425000
       7             6              0.7590155325E+01  0.6505847421E+01   0.4554093195E+02   7410000
       8             7              0.8443717460E+01  0.7388252777E+01   0.5910602222E+02   7395000
       9             8              0.9222956477E+01  0.8198183535E+01   0.7378365182E+02   7380000
      10             9              0.9939592659E+01  0.8945633393E+01   0.8945633393E+02   7365000
      11            10              0.1059684633E+02  0.9633496666E+01   0.1059684633E+03   7350000
      12            11              0.1120152686E+02  0.1026806629E+02   0.1232167954E+03   7335000
      13            12              0.1175769988E+02  0.1085326143E+02   0.1410923986E+03   7320000
      14            13              0.1227029205E+02  0.1139384262E+02   0.1595137967E+03   7305000
      15            14              0.1274291732E+02  0.1189338950E+02   0.1784008424E+03   7290000
      16            15              0.1317953345E+02  0.1235581261E+02   0.1976930018E+03   7275000
      17            16              0.1358319219E+02  0.1278418088E+02   0.2173310750E+03   7260000
      18            17              0.1395697764E+02  0.1318159000E+02   0.2372686199E+03   7245000
      19            18              0.1430352075E+02  0.1355070386E+02   0.2574633734E+03   7230000
      20            19              0.1462524567E+02  0.1389398339E+02   0.2778796677E+03   7215000
      21            20              0.1492426741E+02  0.1421358801E+02   0.2984853482E+03   7200000
      22            21              0.1520270723E+02  0.1451167508E+02   0.3192568517E+03   7185000
      23            22              0.1546218604E+02  0.1478991708E+02   0.3401680929E+03   7170000
      24            23              0.1570441830E+02  0.1505006754E+02   0.3612016210E+03   7155000
      25            24              0.1593080297E+02  0.1529357085E+02   0.3823392713E+03   7140000
      26            25              0.1614265535E+02  0.1552178399E+02   0.4035663839E+03   7125000
      27            26              0.1634119598E+02  0.1573596650E+02   0.4248710955E+03   7110000
      28            27              0.1652747172E+02  0.1593720487E+02   0.4462417364E+03   7095000
      29            28              0.1670241592E+02  0.1612647054E+02   0.4676676457E+03   7080000
      30            29              0.1686692030E+02  0.1630468963E+02   0.4891406888E+03   7065000
      31            30              0.1702177495E+02  0.1647268544E+02   0.5106532485E+03   7050000
      32            31              0.1716771037E+02  0.1663121942E+02   0.5321990215E+03   7035000
      33            32              0.1730535890E+02  0.1678095408E+02   0.5537714848E+03   7020000
      34            33              0.1743533816E+02  0.1692253410E+02   0.5753661594E+03   7005000
      35            34              0.1755819479E+02  0.1705653208E+02   0.5969786228E+03   6990000
      36            35              0.1767441908E+02  0.1718346300E+02   0.6186046679E+03   6975000
      37            36              0.1778453826E+02  0.1730387506E+02   0.6402433773E+03   6960000
      38            37              0.1788896131E+02  0.1741819917E+02   0.6618915683E+03   6945000
      39            38              0.1798805984E+02  0.1752682753E+02   0.6835462737E+03   6930000
      40            39              0.1808223435E+02  0.1763017849E+02   0.7052071395E+03   6915000
      41            40              0.1817178284E+02  0.1772856863E+02   0.7268713138E+03   6900000
      42            41              0.1825708403E+02  0.1782239155E+02   0.7485404451E+03   6885000
      43            42              0.1833836345E+02  0.1791188988E+02   0.7702112650E+03   6870000
      44            43              0.1841587597E+02  0.1799733334E+02   0.7918826669E+03   6855000
      45            44              0.1848989302E+02  0.1807900651E+02   0.8135552927E+03   6840000
      46            45              0.1856064772E+02  0.1815715538E+02   0.8352291476E+03   6825000
      47            46              0.1862835804E+02  0.1823201000E+02   0.8569044698E+03   6810000
      48            47              0.1869313193E+02  0.1830369168E+02   0.8785772006E+03   6795000
      49            48              0.1875521404E+02  0.1837245457E+02   0.9002502739E+03   6780000
      50            49              0.1881472748E+02  0.1843843293E+02   0.9219216467E+03   6765000
      51            50              0.1887185414E+02  0.1850181778E+02   0.9435927069E+03   6750000
      52            51              0.1892668134E+02  0.1856270670E+02   0.9652607484E+03   6735000
      53            52              0.1897934945E+02  0.1862124852E+02   0.9869261715E+03   6720000
      54            53              0.1902995690E+02  0.1867755029E+02   0.1008587716E+04   6705000
      55            54              0.1907862184E+02  0.1873173780E+02   0.1030245579E+04   6690000
      56            55              0.1912542776E+02  0.1878390226E+02   0.1051898527E+04   6675000
      57            56              0.1917049464E+02  0.1883417018E+02   0.1073547700E+04   6660000
      58            57              0.1921387994E+02  0.1888260615E+02   0.1095191157E+04   6645000
      59            58              0.1925570314E+02  0.1892933529E+02   0.1116830782E+04   6630000
      60            59              0.1929604327E+02  0.1897444255E+02   0.1138466553E+04   6615000
      61            60              0.1933494319E+02  0.1901797691E+02   0.1160096591E+04   6600000
      62            61              0.1937249011E+02  0.1906003059E+02   0.1181721897E+04   6585000
      63            62              0.1940874521E+02  0.1910066989E+02   0.1203342203E+04   6570000
      64            63              0.1944375586E+02  0.1913994717E+02   0.1224956619E+04   6555000
      65            64              0.1947758539E+02  0.1917793023E+02   0.1246565465E+04   6540000
      66            65              0.1951030034E+02  0.1921468972E+02   0.1268169522E+04   6525000
      67            66              0.1954196606E+02  0.1925029493E+02   0.1289769760E+04   6510000
      68            67              0.1957259666E+02  0.1928476436E+02   0.1311363976E+04   6495000
      69            68              0.1960228116E+02  0.1931819013E+02   0.1332955119E+04   6480000
      70            69              0.1963102965E+02  0.1935058637E+02   0.1354541046E+04   6465000
      71            70              0.1965890275E+02  0.1938201679E+02   0.1376123192E+04   6450000
      72            71              0.1968592245E+02  0.1941250686E+02   0.1397700494E+04   6435000
      73            72              0.1971216200E+02  0.1944213238E+02   0.1419275664E+04   6420000
      74            73              0.1973763795E+02  0.1947091311E+02   0.1440847570E+04   6405000
      75            74              0.1976242626E+02  0.1949892725E+02   0.1462419543E+04   6390000
      76            75              0.1978653357E+02  0.1952618445E+02   0.1483990018E+04   6375000
      77            76              0.1981001641E+02  0.1955274347E+02   0.1505561247E+04   6360000
      78            77              0.1983286582E+02  0.1957859831E+02   0.1527130668E+04   6345000
      79            78              0.1985513712E+02  0.1960380627E+02   0.1548700695E+04   6330000
      80            79              0.1987680804E+02  0.1962834794E+02   0.1570267835E+04   6315000
      81            80              0.1989789343E+02  0.1965224043E+02   0.1591831474E+04   6300000
      82            81              0.1991844766E+02  0.1967553976E+02   0.1613394260E+04   6285000
      83            82              0.1993844906E+02  0.1969822678E+02   0.1634952823E+04   6270000
      84            83              0.1995793481E+02  0.1972034035E+02   0.1656508589E+04   6255000
      85            84              0.1997688278E+02  0.1974186063E+02   0.1678058153E+04   6240000
      86            85              0.1999534941E+02  0.1976284535E+02   0.1699604700E+04   6225000
      87            86              0.2001330496E+02  0.1978326698E+02   0.1721144227E+04   6210000
      88            87              0.2003081362E+02  0.1980319074E+02   0.1742680785E+04   6195000
      89            88              0.2004787071E+02  0.1982261373E+02   0.1764212622E+04   6180000
      90            89              0.2006448574E+02  0.1984154701E+02   0.1785739231E+04   6165000
      91            90              0.2008066381E+02  0.1985999717E+02   0.1807259743E+04   6150000
      92            91              0.2009640644E+02  0.1987796723E+02   0.1828772986E+04   6135000
      93            92              0.2011172831E+02  0.1989547316E+02   0.1850279004E+04   6120000
      94            93              0.2012663073E+02  0.1991251763E+02   0.1871776658E+04   6105000
      95            94              0.2014115854E+02  0.1992914634E+02   0.1893268902E+04   6090000
      96            95              0.2015529596E+02  0.1994534497E+02   0.1914753117E+04   6075000
      97            96              0.2016905100E+02  0.1996112264E+02   0.1936228896E+04   6060000
      98            97              0.2018245059E+02  0.1997650722E+02   0.1957697708E+04   6045000
      99            98              0.2019548754E+02  0.1999149272E+02   0.1979157779E+04   6030000
     100            99              0.2020818014E+02  0.2000609834E+02   0.2000609834E+04   6015000
     101           100              0.2022053635E+02  0.2002033302E+02   0.2022053635E+04   6000000
     102           101              0.2023255014E+02  0.2003419180E+02   0.2043487564E+04   5985000
     103           102              0.2024425428E+02  0.2004770812E+02   0.2064913936E+04   5970000
     104           103              0.2025562881E+02  0.2006086315E+02   0.2086329767E+04   5955000
     105           104              0.2026670725E+02  0.2007369099E+02   0.2107737554E+04   5940000
     106           105              0.2027749130E+02  0.2008619422E+02   0.2129136587E+04   5925000
     107           106              0.2028803177E+02  0.2009842400E+02   0.2150531368E+04   5910000
     108           107              0.2029832185E+02  0.2011037443E+02   0.2171920438E+04   5895000
     109           108              0.2030838199E+02  0.2012206656E+02   0.2193305255E+04   5880000
     110           109              0.2031824134E+02  0.2013353005E+02   0.2214688306E+04   5865000
     111           110              0.2032789476E+02  0.2014476057E+02   0.2236068423E+04   5850000
     112           111              0.2033733316E+02  0.2015574983E+02   0.2257443981E+04   5835000
     113           112              0.2034656747E+02  0.2016650935E+02   0.2278815557E+04   5820000
     114           113              0.2035558766E+02  0.2017702987E+02   0.2300181406E+04   5805000
     115           114              0.2036439192E+02  0.2018731025E+02   0.2321540678E+04   5790000
     116           115              0.2037301507E+02  0.2019738563E+02   0.2342896733E+04   5775000
     117           116              0.2038145601E+02  0.2020725553E+02   0.2364248897E+04   5760000
     118           117              0.2038969534E+02  0.2021690131E+02   0.2385594355E+04   5745000
     119           118              0.2039774630E+02  0.2022633667E+02   0.2406934063E+04   5730000
     120           119              0.2040562259E+02  0.2023557573E+02   0.2428269088E+04   5715000
     121           120              0.2041332242E+02  0.2024461727E+02   0.2449598690E+04   5700000
     122           121              0.2042084173E+02  0.2025345779E+02   0.2470921850E+04   5685000
     123           122              0.2042819154E+02  0.2026210868E+02   0.2492239368E+04   5670000
     124           123              0.2043541973E+02  0.2027061796E+02   0.2513556627E+04   5655000
     125           124              0.2044248525E+02  0.2027894537E+02   0.2534868171E+04   5640000
     126           125              0.2044943131E+02  0.2028713424E+02   0.2556178914E+04   5625000
     127           126              0.2045624722E+02  0.2029517441E+02   0.2577487150E+04   5610000
     128           127              0.2046294723E+02  0.2030308046E+02   0.2598794299E+04   5595000
     129           128              0.2046951540E+02  0.2031083698E+02   0.2620097971E+04   5580000
     130           129              0.2047596437E+02  0.2031845695E+02   0.2641399403E+04   5565000
     131           130              0.2048227017E+02  0.2032591697E+02   0.2662695122E+04   5550000
     132           131              0.2048847997E+02  0.2033326421E+02   0.2683990876E+04   5535000
     133           132              0.2049457195E+02  0.2034047743E+02   0.2705283498E+04   5520000
     134           133              0.2050057711E+02  0.2034758773E+02   0.2726576755E+04   5505000
     135           134              0.2050650846E+02  0.2035460839E+02   0.2747872133E+04   5490000
     136           135              0.2051234579E+02  0.2036151972E+02   0.2769166681E+04   5475000
     137           136              0.2051811503E+02  0.2036834776E+02   0.2790463644E+04   5460000
     138           137              0.2052378228E+02  0.2037505922E+02   0.2811758172E+04   5445000
     139           138              0.2052937530E+02  0.2038168195E+02   0.2833053791E+04   5430000
     140           139              0.2053487302E+02  0.2038819536E+02   0.2854347350E+04   5415000
     141           140              0.2054029656E+02  0.2039462070E+02   0.2875641519E+04   5400000
     142           141              0.2054562155E+02  0.2040093407E+02   0.2896932638E+04   5385000
     143           142              0.2055088519E+02  0.2040717271E+02   0.2918225697E+04   5370000
     144           143              0.2055606983E+02  0.2041331935E+02   0.2939517986E+04   5355000
     145           144              0.2056119333E+02  0.2041939199E+02   0.2960811839E+04   5340000
     146           145              0.2056623628E+02  0.2042537165E+02   0.2982104260E+04   5325000
     147           146              0.2057119395E+02  0.2043125386E+02   0.3003394317E+04   5310000
     148           147              0.2057606698E+02  0.2043703950E+02   0.3024681847E+04   5295000
     149           148              0.2058088043E+02  0.2044275371E+02   0.3045970303E+04   5280000
     150           149              0.2058561336E+02  0.2044837594E+02   0.3067256391E+04   5265000
     151           150              0.2059028427E+02  0.2045392477E+02   0.3088542640E+04   5250000
     152           151              0.2059486241E+02  0.2045936989E+02   0.3109824224E+04   5235000
     153           152              0.2059936517E+02  0.2046472880E+02   0.3131103507E+04   5220000
     154           153              0.2060376031E+02  0.2046996966E+02   0.3152375327E+04   5205000
     155           154              0.2060808466E+02  0.2047512928E+02   0.3173645038E+04   5190000
     156           155              0.2061233325E+02  0.2048020291E+02   0.3194911654E+04   5175000
     157           156              0.2061650345E+02  0.2048518814E+02   0.3216174538E+04   5160000
     158           157              0.2062061296E+02  0.2049010275E+02   0.3237436234E+04   5145000
     159           158              0.2062462133E+02  0.2049490673E+02   0.3258690171E+04   5130000
     160           159              0.2062858767E+02  0.2049965899E+02   0.3279945439E+04   5115000
     161           160              0.2063246107E+02  0.2050430914E+02   0.3301193771E+04   5100000
     162           161              0.2063629700E+02  0.2050891245E+02   0.3322443817E+04   5085000
     163           162              0.2064009891E+02  0.2051347254E+02   0.3343696024E+04   5070000
     164           163              0.2064381896E+02  0.2051794202E+02   0.3364942491E+04   5055000
     165           164              0.2064749344E+02  0.2052235711E+02   0.3386188923E+04   5040000
     166           165              0.2065109259E+02  0.2052668841E+02   0.3407430277E+04   5025000
     167           166              0.2065465443E+02  0.2053097386E+02   0.3428672635E+04   5010000
     168           167              0.2065813037E+02  0.2053516531E+02   0.3449907772E+04   4995000
     169           168              0.2066152272E+02  0.2053926519E+02   0.3471135817E+04   4980000
     170           169              0.2066484486E+02  0.2054328695E+02   0.3492358782E+04   4965000
     171           170              0.2066809298E+02  0.2054722694E+02   0.3513575806E+04   4950000
     172           171              0.2067127354E+02  0.2055109172E+02   0.3534787775E+04   4935000
     173           172              0.2067440436E+02  0.2055489913E+02   0.3555997549E+04   4920000
     174           173              0.2067747514E+02  0.2055863907E+02   0.3577203199E+04   4905000
     175           174              0.2068051380E+02  0.2056233943E+02   0.3598409401E+04   4890000
     176           175              0.2068351226E+02  0.2056599231E+02   0.3619614646E+04   4875000
     177           176              0.2068644880E+02  0.2056957621E+02   0.3640814988E+04   4860000
     178           177              0.2068930112E+02  0.2057306909E+02   0.3662006298E+04   4845000
     179           178              0.2069211155E+02  0.2057651316E+02   0.3683195856E+04   4830000
     180           179              0.2069484414E+02  0.2057987278E+02   0.3704377101E+04   4815000
     181           180              0.2069751325E+02  0.2058316235E+02   0.3725552385E+04   4800000
     182           181              0.2070012941E+02  0.2058639243E+02   0.3746723423E+04   4785000
     183           182              0.2070268396E+02  0.2058955454E+02   0.3767888481E+04   4770000
     184           183              0.2070521825E+02  0.2059268989E+02   0.3789054940E+04   4755000
     185           184              0.2070772078E+02  0.2059578715E+02   0.3810220623E+04   4740000
     186           185              0.2071019723E+02  0.2059885209E+02   0.3831386488E+04   4725000
     187           186              0.2071269965E+02  0.2060193655E+02   0.3852562135E+04   4710000
     188           187              0.2071519480E+02  0.2060500760E+02   0.3873741428E+04   4695000
     189           188              0.2071769935E+02  0.2060808189E+02   0.3894927477E+04   4680000
     190           189              0.2072020858E+02  0.2061115485E+02   0.3916119421E+04   4665000
     191           190              0.2072270824E+02  0.2061421238E+02   0.3937314565E+04   4650000
     192           191              0.2072525344E+02  0.2061730941E+02   0.3958523406E+04   4635000
     193           192              0.2072778661E+02  0.2062038875E+02   0.3979735029E+04   4620000
     194           193              0.2073033849E+02  0.2062348107E+02   0.4000955328E+04   4605000
     195           194              0.2073286466E+02  0.2062654228E+02   0.4022175745E+04   4590000
     196           195              0.2073540562E+02  0.2062961274E+02   0.4043404097E+04   4575000
     197           196              0.2073794329E+02  0.2063267455E+02   0.4064636886E+04   4560000
     198           197              0.2074049284E+02  0.2063574288E+02   0.4085877090E+04   4545000
     199           198              0.2074307238E+02  0.2063883583E+02   0.4107128331E+04   4530000
     200           199              0.2074566932E+02  0.2064194098E+02   0.4128388195E+04   4515000
     201           200              0.2074828361E+02  0.2064505832E+02   0.4149656723E+04   4500000
     202           201              0.2075090346E+02  0.2064817622E+02   0.4170931596E+04   4485000
     203           202              0.2075352288E+02  0.2065128878E+02   0.4192211621E+04   4470000
     204           203              0.2075615803E+02  0.2065441215E+02   0.4213500079E+04   4455000
     205           204              0.2075880321E+02  0.2065754076E+02   0.4234795855E+04   4440000
     206           205              0.2076144443E+02  0.2066066072E+02   0.4256096108E+04   4425000
     207           206              0.2076411100E+02  0.2066380128E+02   0.4277406866E+04   4410000
     208           207              0.2076678820E+02  0.2066694787E+02   0.4298725158E+04   4395000
     209           208              0.2076949303E+02  0.2067011747E+02   0.4320054550E+04   4380000
     210           209              0.2077219226E+02  0.2067327706E+02   0.4341388182E+04   4365000
     211           210              0.2077488885E+02  0.2067642966E+02   0.4362726658E+04   4350000
     212           211              0.2077756794E+02  0.2067956054E+02   0.4384066836E+04   4335000
     213           212              0.2078024661E+02  0.2068268677E+02   0.4405412282E+04   4320000
     214           213              0.2078292123E+02  0.2068580477E+02   0.4426762221E+04   4305000
     215           214              0.2078560405E+02  0.2068892682E+02   0.4448119266E+04   4290000
     216           215              0.2078830133E+02  0.2069205920E+02   0.4469484787E+04   4275000
     217           216              0.2079100462E+02  0.2069519354E+02   0.4490856999E+04   4260000
     218           217              0.2079371648E+02  0.2069833246E+02   0.4512236476E+04   4245000
     219           218              0.2079641588E+02  0.2070145507E+02   0.4533618661E+04   4230000
     220           219              0.2079911487E+02  0.2070457344E+02   0.4555006157E+04   4215000
     221           220              0.2080180256E+02  0.2070767676E+02   0.4576396563E+04   4200000
     222           221              0.2080448325E+02  0.2071076937E+02   0.4597790799E+04   4185000
     223           222              0.2080714885E+02  0.2071384325E+02   0.4619187046E+04   4170000
     224           223              0.2080980428E+02  0.2071690337E+02   0.4640586354E+04   4155000
     225           224              0.2081247175E+02  0.2071997188E+02   0.4661993673E+04   4140000
     226           225              0.2081516805E+02  0.2072306554E+02   0.4683412811E+04   4125000
     227           226              0.2081788294E+02  0.2072617420E+02   0.4704841545E+04   4110000
     228           227              0.2082062757E+02  0.2072930903E+02   0.4726282458E+04   4095000
     229           228              0.2082340449E+02  0.2073247259E+02   0.4747736223E+04   4080000
     230           229              0.2082621240E+02  0.2073566365E+02   0.4769202640E+04   4065000
     231           230              0.2082905979E+02  0.2073889070E+02   0.4790683751E+04   4050000
     232           231              0.2083189359E+02  0.2074210094E+02   0.4812167418E+04   4035000
     233           232              0.2083472351E+02  0.2074530409E+02   0.4833655854E+04   4020000
     234           233              0.2083756016E+02  0.2074851075E+02   0.4855151516E+04   4005000
     235           234              0.2084038736E+02  0.2075170486E+02   0.4876650643E+04   3990000
     236           235              0.2084318802E+02  0.2075486942E+02   0.4898149184E+04   3975000
     237           236              0.2084598128E+02  0.2075802356E+02   0.4919651583E+04   3960000
     238           237              0.2084874816E+02  0.2076114838E+02   0.4941153315E+04   3945000
     239           238              0.2085151187E+02  0.2076426705E+02   0.4962659826E+04   3930000
     240           239              0.2085427102E+02  0.2076737822E+02   0.4984170773E+04   3915000
     241           240              0.2085702075E+02  0.2077047710E+02   0.5005684980E+04   3900000
     242           241              0.2085975850E+02  0.2077356115E+02   0.5027201797E+04   3885000
     243           242              0.2086253580E+02  0.2077668174E+02   0.5048733663E+04   3870000
     244           243              0.2086533771E+02  0.2077982403E+02   0.5070277062E+04   3855000
     245           244              0.2086816935E+02  0.2078299315E+02   0.5091833321E+04   3840000
     246           245              0.2087102496E+02  0.2078618340E+02   0.5113401115E+04   3825000
     247           246              0.2087389330E+02  0.2078938361E+02   0.5134977751E+04   3810000
     248           247              0.2087676979E+02  0.2079258927E+02   0.5156562139E+04   3795000
     249           248              0.2087965983E+02  0.2079580577E+02   0.5178155637E+04   3780000
     250           249              0.2088253125E+02  0.2079900113E+02   0.5199750282E+04   3765000
     251           250              0.2088540179E+02  0.2080219302E+02   0.5221350448E+04   3750000
     252           251              0.2088827847E+02  0.2080538847E+02   0.5242957895E+04   3735000
     253           252              0.2089114644E+02  0.2080857274E+02   0.5264568903E+04   3720000
     254           253              0.2089401046E+02  0.2081175058E+02   0.5286184647E+04   3705000
     255           254              0.2089685360E+02  0.2081490515E+02   0.5307800814E+04   3690000
     256           255              0.2089969239E+02  0.2081805296E+02   0.5329421558E+04   3675000
     257           256              0.2090246293E+02  0.2082113039E+02   0.5351030511E+04   3660000
     258           257              0.2090522149E+02  0.2082419350E+02   0.5372641923E+04   3645000
     259           258              0.2090791055E+02  0.2082718503E+02   0.5394240923E+04   3630000
     260           259              0.2091054684E+02  0.2083012166E+02   0.5415831632E+04   3615000
     261           260              0.2091312284E+02  0.2083299594E+02   0.5437411940E+04   3600000
     262           261              0.2091565273E+02  0.2083582200E+02   0.5458985364E+04   3585000
     263           262              0.2091810583E+02  0.2083856931E+02   0.5480543729E+04   3570000
     264           263              0.2092048185E+02  0.2084123760E+02   0.5502086727E+04   3555000
     265           264              0.2092278233E+02  0.2084382843E+02   0.5523614535E+04   3540000
     266           265              0.2092502112E+02  0.2084635563E+02   0.5545130597E+04   3525000
     267           266              0.2092723175E+02  0.2084885261E+02   0.5566643647E+04   3510000
     268           267              0.2092942627E+02  0.2085133139E+02   0.5588156813E+04   3495000
     269           268              0.2093156000E+02  0.2085374751E+02   0.5609658081E+04   3480000
     270           269              0.2093366923E+02  0.2085613712E+02   0.5631157023E+04   3465000
     271           270              0.2093574685E+02  0.2085849317E+02   0.5652651649E+04   3450000
     272           271              0.2093782316E+02  0.2086084586E+02   0.5674150075E+04   3435000
     273           272              0.2093988466E+02  0.2086318178E+02   0.5695648627E+04   3420000
     274           273              0.2094196279E+02  0.2086553227E+02   0.5717155841E+04   3405000
     275           274              0.2094403798E+02  0.2086787784E+02   0.5738666407E+04   3390000
     276           275              0.2094608730E+02  0.2087019568E+02   0.5760174007E+04   3375000
     277           276              0.2094815952E+02  0.2087253439E+02   0.5781692027E+04   3360000
     278           277              0.2095019766E+02  0.2087483724E+02   0.5803204752E+04   3345000
     279           278              0.2095227914E+02  0.2087718137E+02   0.5824733602E+04   3330000
     280           279              0.2095431668E+02  0.2087947983E+02   0.5846254353E+04   3315000
     281           280              0.2095634400E+02  0.2088176626E+02   0.5867776320E+04   3300000
     282           281              0.2095837786E+02  0.2088405737E+02   0.5889304178E+04   3285000
     283           282              0.2096038658E+02  0.2088632161E+02   0.5910829015E+04   3270000
     284           283              0.2096241529E+02  0.2088860397E+02   0.5932363528E+04   3255000
     285           284              0.2096443421E+02  0.2089087479E+02   0.5953899316E+04   3240000
     286           285              0.2096643959E+02  0.2089313036E+02   0.5975435282E+04   3225000
     287           286              0.2096847642E+02  0.2089541552E+02   0.5996984256E+04   3210000
     288           287              0.2097048536E+02  0.2089767118E+02   0.6018529298E+04   3195000
     289           288              0.2097249538E+02  0.2089992619E+02   0.6040078669E+04   3180000
     290           289              0.2097451800E+02  0.2090219207E+02   0.6061635701E+04   3165000
     291           290              0.2097651383E+02  0.2090442959E+02   0.6083189012E+04   3150000
     292           291              0.2097849977E+02  0.2090665560E+02   0.6104743434E+04   3135000
     293           292              0.2098046206E+02  0.2090885639E+02   0.6126294922E+04   3120000
     294           293              0.2098241051E+02  0.2091104177E+02   0.6147846281E+04   3105000
     295           294              0.2098434349E+02  0.2091321013E+02   0.6169396987E+04   3090000
     296           295              0.2098623797E+02  0.2091533852E+02   0.6190940201E+04   3075000
     297           296              0.2098812281E+02  0.2091745573E+02   0.6212484353E+04   3060000
     298           297              0.2098995483E+02  0.2091951874E+02   0.6234016586E+04   3045000
     299           298              0.2099175627E+02  0.2092154972E+02   0.6255543368E+04   3030000
     300           299              0.2099350897E+02  0.2092353061E+02   0.6277059183E+04   3015000
     301           300              0.2099523083E+02  0.2092547924E+02   0.6298569250E+04   3000000
     302           301              0.2099691319E+02  0.2092738699E+02   0.6320070870E+04   2985000
     303           302              0.2099856487E+02  0.2092926267E+02   0.6341566590E+04   2970000
     304           303              0.2100015642E+02  0.2093107696E+02   0.6363047395E+04   2955000
     305           304              0.2100169191E+02  0.2093283390E+02   0.6384514341E+04   2940000
     306           305              0.2100317904E+02  0.2093454120E+02   0.6405969606E+04   2925000
     307           306              0.2100463739E+02  0.2093621838E+02   0.6427419042E+04   2910000
     308           307              0.2100609276E+02  0.2093789116E+02   0.6448870477E+04   2895000
     309           308              0.2100755818E+02  0.2093957255E+02   0.6470327919E+04   2880000
     310           309              0.2100908191E+02  0.2094131068E+02   0.6491806310E+04   2865000
     311           310              0.2101062276E+02  0.2094306449E+02   0.6513293055E+04   2850000
     312           311              0.2101221789E+02  0.2094487104E+02   0.6534799764E+04   2835000
     313           312              0.2101382539E+02  0.2094668857E+02   0.6556313523E+04   2820000
     314           313              0.2101550218E+02  0.2094857383E+02   0.6577852182E+04   2805000
     315           314              0.2101721499E+02  0.2095049368E+02   0.6599405508E+04   2790000
     316           315              0.2101895328E+02  0.2095243761E+02   0.6620970284E+04   2775000
     317           316              0.2102068873E+02  0.2095437741E+02   0.6642537639E+04   2760000
     318           317              0.2102246580E+02  0.2095635741E+02   0.6664121657E+04   2745000
     319           318              0.2102423614E+02  0.2095832945E+02   0.6685707094E+04   2730000
     320           319              0.2102600005E+02  0.2096029380E+02   0.6707294015E+04   2715000
     321           320              0.2102778544E+02  0.2096227832E+02   0.6728891340E+04   2700000
     322           321              0.2102956901E+02  0.2096425979E+02   0.6750491652E+04   2685000
     323           322              0.2103136362E+02  0.2096625104E+02   0.6772099087E+04   2670000
     324           323              0.2103317309E+02  0.2096825589E+02   0.6793714907E+04   2655000
     325           324              0.2103499021E+02  0.2097026717E+02   0.6815336829E+04   2640000
     326           325              0.2103680930E+02  0.2097227921E+02   0.6836963022E+04   2625000
     327           326              0.2103861631E+02  0.2097427803E+02   0.6858588916E+04   2610000
     328           327              0.2104039480E+02  0.2097624725E+02   0.6880209098E+04   2595000
     329           328              0.2104218314E+02  0.2097822513E+02   0.6901836069E+04   2580000
     330           329              0.2104400069E+02  0.2098023099E+02   0.6923476227E+04   2565000
     331           330              0.2104582648E+02  0.2098224392E+02   0.6945122739E+04   2550000
     332           331              0.2104768053E+02  0.2098428390E+02   0.6966782256E+04   2535000
     333           332              0.2104953606E+02  0.2098632424E+02   0.6988445972E+04   2520000
     334           333              0.2105141710E+02  0.2098838891E+02   0.7010121895E+04   2505000
     335           334              0.2105332882E+02  0.2099048306E+02   0.7031811825E+04   2490000
     336           335              0.2105521649E+02  0.2099255215E+02   0.7053497523E+04   2475000
     337           336              0.2105714166E+02  0.2099465756E+02   0.7075199599E+04   2460000
     338           337              0.2105909410E+02  0.2099678909E+02   0.7096914713E+04   2445000
     339           338              0.2106106894E+02  0.2099894189E+02   0.7118641302E+04   2430000
     340           339              0.2106303872E+02  0.2100108860E+02   0.7140370125E+04   2415000
     341           340              0.2106499931E+02  0.2100322512E+02   0.7162099765E+04   2400000
     342           341              0.2106698516E+02  0.2100538579E+02   0.7183841941E+04   2385000
     343           342              0.2106895527E+02  0.2100752974E+02   0.7205582702E+04   2370000
     344           343              0.2107097163E+02  0.2100971880E+02   0.7227343268E+04   2355000
     345           344              0.2107298586E+02  0.2101190474E+02   0.7249107134E+04   2340000
     346           345              0.2107503598E+02  0.2101412547E+02   0.7270887414E+04   2325000
     347           346              0.2107712004E+02  0.2101637906E+02   0.7292683532E+04   2310000
     348           347              0.2107923857E+02  0.2101866604E+02   0.7314495782E+04   2295000
     349           348              0.2108140579E+02  0.2102100061E+02   0.7336329213E+04   2280000
     350           349              0.2108360964E+02  0.2102337076E+02   0.7358179765E+04   2265000
     351           350              0.2108585801E+02  0.2102578434E+02   0.7380050303E+04   2250000
     352           351              0.2108817013E+02  0.2102826056E+02   0.7401947716E+04   2235000
     353           352              0.2109054950E+02  0.2103080290E+02   0.7423873425E+04   2220000
     354           353              0.2109297689E+02  0.2103339221E+02   0.7445820844E+04   2205000
     355           354              0.2109549155E+02  0.2103606763E+02   0.7467804009E+04   2190000
     356           355              0.2109804282E+02  0.2103877865E+02   0.7489805200E+04   2175000
     357           356              0.2110072090E+02  0.2104161524E+02   0.7511856640E+04   2160000
     358           357              0.2110343021E+02  0.2104448208E+02   0.7533924586E+04   2145000
     359           358              0.2110617691E+02  0.2104738533E+02   0.7556011332E+04   2130000
     360           359              0.2110897412E+02  0.2105033808E+02   0.7578121709E+04   2115000
     361           360              0.2111178820E+02  0.2105330680E+02   0.7600243753E+04   2100000
     362           361              0.2111465326E+02  0.2105632549E+02   0.7622389827E+04   2085000
     363           362              0.2111752942E+02  0.2105935441E+02   0.7644545650E+04   2070000
     364           363              0.2112046532E+02  0.2106244206E+02   0.7666728910E+04   2055000
     365           364              0.2112340561E+02  0.2106553327E+02   0.7688919643E+04   2040000
     366           365              0.2112639528E+02  0.2106867289E+02   0.7711134276E+04   2025000
     367           366              0.2112942128E+02  0.2107184792E+02   0.7733368188E+04   2010000
     368           367              0.2113243301E+02  0.2107500792E+02   0.7755602916E+04   1995000
     369           368              0.2113545838E+02  0.2107818072E+02   0.7777848686E+04   1980000
     370           369              0.2113847322E+02  0.2108134221E+02   0.7800096619E+04   1965000
     371           370              0.2114147710E+02  0.2108449198E+02   0.7822346526E+04   1950000
     372           371              0.2114447763E+02  0.2108763764E+02   0.7844601200E+04   1935000
     373           372              0.2114745458E+02  0.2109075899E+02   0.7866853102E+04   1920000
     374           373              0.2115046273E+02  0.2109391069E+02   0.7889122598E+04   1905000
     375           374              0.2115348836E+02  0.2109707906E+02   0.7911404647E+04   1890000
     376           375              0.2115651607E+02  0.2110024874E+02   0.7933693527E+04   1875000
     377           376              0.2115954010E+02  0.2110341400E+02   0.7955987078E+04   1860000
     378           377              0.2116255039E+02  0.2110656481E+02   0.7978281497E+04   1845000
     379           378              0.2116553738E+02  0.2110969163E+02   0.8000573128E+04   1830000
     380           379              0.2116852474E+02  0.2111281810E+02   0.8022870878E+04   1815000
     381           380              0.2117141595E+02  0.2111584793E+02   0.8045138061E+04   1800000
     382           381              0.2117432013E+02  0.2111888997E+02   0.8067415970E+04   1785000
     383           382              0.2117712212E+02  0.2112182938E+02   0.8089660651E+04   1770000
     384           383              0.2117992249E+02  0.2112476644E+02   0.8111910314E+04   1755000
     385           384              0.2118265022E+02  0.2112763035E+02   0.8134137684E+04   1740000
     386           385              0.2118533549E+02  0.2113045120E+02   0.8156354162E+04   1725000
     387           386              0.2118793499E+02  0.2113318581E+02   0.8178542908E+04   1710000
     388           387              0.2119050975E+02  0.2113589504E+02   0.8200727274E+04   1695000
     389           388              0.2119297440E+02  0.2113849374E+02   0.8222874067E+04   1680000
     390           389              0.2119533500E+02  0.2114098799E+02   0.8244985315E+04   1665000
     391           390              0.2119766585E+02  0.2114345188E+02   0.8267089683E+04   1650000
     392           391              0.2119989900E+02  0.2114581762E+02   0.8289160508E+04   1635000
     393           392              0.2120210796E+02  0.2114815857E+02   0.8311226320E+04   1620000
     394           393              0.2120420555E+02  0.2115038777E+02   0.8333252781E+04   1605000
     395           394              0.2120631863E+02  0.2115263175E+02   0.8355289540E+04   1590000
     396           395              0.2120826085E+02  0.2115470463E+02   0.8377263035E+04   1575000
     397           396              0.2121016287E+02  0.2115673677E+02   0.8399224497E+04   1560000
     398           397              0.2121194738E+02  0.2115865103E+02   0.8421143108E+04   1545000
     399           398              0.2121366270E+02  0.2116049563E+02   0.8443037756E+04   1530000
     400           399              0.2121530350E+02  0.2116226524E+02   0.8464906095E+04   1515000
     401           400              0.2121698732E+02  0.2116407713E+02   0.8486794928E+04   1500000
     402           401              0.2121864074E+02  0.2116585806E+02   0.8508674939E+04   1485000
     403           402              0.2122026595E+02  0.2116761020E+02   0.8530546912E+04   1470000
     404           403              0.2122191228E+02  0.2116938280E+02   0.8552430650E+04   1455000
     405           404              0.2122354504E+02  0.2117114123E+02   0.8574312198E+04   1440000
     406           405              0.2122524400E+02  0.2117296507E+02   0.8596223818E+04   1425000
     407           406              0.2122694251E+02  0.2117478786E+02   0.8618138658E+04   1410000
     408           407              0.2122866011E+02  0.2117662908E+02   0.8640064667E+04   1395000
     409           408              0.2123035220E+02  0.2117844425E+02   0.8661983699E+04   1380000
     410           409              0.2123205524E+02  0.2118026974E+02   0.8683910593E+04   1365000
     411           410              0.2123375635E+02  0.2118209271E+02   0.8705840103E+04   1350000
     412           411              0.2123553721E+02  0.2118399465E+02   0.8727805794E+04   1335000
     413           412              0.2123733237E+02  0.2118591026E+02   0.8749780937E+04   1320000
     414           413              0.2123921389E+02  0.2118791145E+02   0.8771795338E+04   1305000
     415           414              0.2124106010E+02  0.2118987682E+02   0.8793798880E+04   1290000
     416           415              0.2124280626E+02  0.2119174182E+02   0.8815764596E+04   1275000
     417           416              0.2124448892E+02  0.2119354290E+02   0.8837707389E+04   1260000
     418           417              0.2124610615E+02  0.2119527815E+02   0.8859626266E+04   1245000
     419           418              0.2124775821E+02  0.2119704757E+02   0.8881562931E+04   1230000
     420           419              0.2124932334E+02  0.2119872971E+02   0.8903466478E+04   1215000
     421           420              0.2125086113E+02  0.2120038402E+02   0.8925361673E+04   1200000
     422           421              0.2125237754E+02  0.2120201645E+02   0.8947250943E+04   1185000
     423           422              0.2125388340E+02  0.2120363782E+02   0.8969138796E+04   1170000
     424           423              0.2125531501E+02  0.2120518455E+02   0.8990998251E+04   1155000
     425           424              0.2125671087E+02  0.2120669508E+02   0.9012845409E+04   1140000
     426           425              0.2125811901E+02  0.2120821732E+02   0.9034700579E+04   1125000
     427           426              0.2125950662E+02  0.2120971855E+02   0.9056549822E+04   1110000
     428           427              0.2126096327E+02  0.2121128812E+02   0.9078431315E+04   1095000
     429           428              0.2126231625E+02  0.2121275374E+02   0.9100271354E+04   1080000
     430           429              0.2126365999E+02  0.2121420962E+02   0.9122110138E+04   1065000
     431           430              0.2126492601E+02  0.2121558744E+02   0.9143918185E+04   1050000
     432           431              0.2126619199E+02  0.2121696469E+02   0.9165728746E+04   1035000
     433           432              0.2126742203E+02  0.2121830558E+02   0.9187526318E+04   1020000
     434           433              0.2126868100E+02  0.2121967482E+02   0.9209338872E+04   1005000
     435           434              0.2126996000E+02  0.2122106354E+02   0.9231162640E+04    990000
     436           435              0.2127120403E+02  0.2122241686E+02   0.9252973751E+04    975000
     437           436              0.2127244109E+02  0.2122376274E+02   0.9274784317E+04    960000
     438           437              0.2127363691E+02  0.2122506697E+02   0.9296579331E+04    945000
     439           438              0.2127476696E+02  0.2122630507E+02   0.9318347927E+04    930000
     440           439              0.2127585426E+02  0.2122750004E+02   0.9340100019E+04    915000
     441           440              0.2127688672E+02  0.2122863981E+02   0.9361830155E+04    900000
     442           441              0.2127790049E+02  0.2122976044E+02   0.9383554114E+04    885000
     443           442              0.2127875840E+02  0.2123072509E+02   0.9405211213E+04    870000
     444           443              0.2127950424E+02  0.2123157743E+02   0.9426820381E+04    855000
     445           444              0.2128019109E+02  0.2123237043E+02   0.9448404843E+04    840000
     446           445              0.2128076245E+02  0.2123304774E+02   0.9469939290E+04    825000
     447           446              0.2128119132E+02  0.2123358239E+02   0.9491411330E+04    810000
     448           447              0.2128156653E+02  0.2123406304E+02   0.9512860241E+04    795000
     449           448              0.2128184860E+02  0.2123445027E+02   0.9534268171E+04    780000
     450           449              0.2128197105E+02  0.2123467778E+02   0.9555605003E+04    765000
     451           450              0.2128201684E+02  0.2123482833E+02   0.9576907576E+04    750000
     452           451              0.2128192441E+02  0.2123484051E+02   0.9598147909E+04    735000
     453           452              0.2128182294E+02  0.2123484320E+02   0.9619383969E+04    720000
     454           453              0.2128169890E+02  0.2123482291E+02   0.9640609603E+04    705000
     455           454              0.2128157803E+02  0.2123480534E+02   0.9661836428E+04    690000
     456           455              0.2128146279E+02  0.2123479291E+02   0.9683065569E+04    675000
     457           456              0.2128128650E+02  0.2123471914E+02   0.9704266646E+04    660000
     458           457              0.2128094601E+02  0.2123448107E+02   0.9725392328E+04    645000
     459           458              0.2128069127E+02  0.2123432811E+02   0.9746556601E+04    630000
     460           459              0.2128036722E+02  0.2123410555E+02   0.9767688554E+04    615000
     461           460              0.2128016682E+02  0.2123400594E+02   0.9788876739E+04    600000
     462           461              0.2127989385E+02  0.2123383348E+02   0.9810031066E+04    585000
     463           462              0.2127957520E+02  0.2123361499E+02   0.9831163741E+04    570000
     464           463              0.2127921717E+02  0.2123335678E+02   0.9852277548E+04    555000
     465           464              0.2127880070E+02  0.2123303984E+02   0.9873363526E+04    540000
     466           465              0.2127838904E+02  0.2123272726E+02   0.9894450903E+04    525000
     467           466              0.2127795715E+02  0.2123239408E+02   0.9915528033E+04    510000
     468           467              0.2127740478E+02  0.2123194024E+02   0.9936548032E+04    495000
     469           468              0.2127694701E+02  0.2123158039E+02   0.9957611201E+04    480000
     470           469              0.2127621249E+02  0.2123094395E+02   0.9978543658E+04    465000
     471           470              0.2127540415E+02  0.2123023344E+02   0.9999439950E+04    450000
     472           471              0.2127445775E+02  0.2122938474E+02   0.1002026960E+05    435000
     473           472              0.2127344472E+02  0.2122846915E+02   0.1004106591E+05    420000
     474           473              0.2127246956E+02  0.2122759093E+02   0.1006187810E+05    405000
     475           474              0.2127165193E+02  0.2122686951E+02   0.1008276302E+05    390000
     476           475              0.2127066039E+02  0.2122597413E+02   0.1010356368E+05    375000
     477           476              0.2126973065E+02  0.2122514002E+02   0.1012439179E+05    360000
     478           477              0.2126873130E+02  0.2122423604E+02   0.1014518483E+05    345000
     479           478              0.2126782745E+02  0.2122342697E+02   0.1016602152E+05    330000
     480           479              0.2126694881E+02  0.2122264266E+02   0.1018686848E+05    315000
     481           480              0.2126638781E+02  0.2122217494E+02   0.1020786615E+05    300000
     482           481              0.2126576623E+02  0.2122164638E+02   0.1022883356E+05    285000
     483           482              0.2126511124E+02  0.2122108410E+02   0.1024978362E+05    270000
     484           483              0.2126430497E+02  0.2122037046E+02   0.1027065930E+05    255000
     485           484              0.2126343675E+02  0.2121959462E+02   0.1029150339E+05    240000
     486           485              0.2126252805E+02  0.2121877799E+02   0.1031232610E+05    225000
     487           486              0.2126097234E+02  0.2121731531E+02   0.1033283256E+05    210000
     488           487              0.2125955907E+02  0.2121599440E+02   0.1035340527E+05    195000
     489           488              0.2125795576E+02  0.2121448345E+02   0.1037388241E+05    180000
     490           489              0.2125583709E+02  0.2121245783E+02   0.1039410433E+05    165000
     491           490              0.2125369991E+02  0.2121041335E+02   0.1041431295E+05    150000
     492           491              0.2125098763E+02  0.2120779456E+02   0.1043423492E+05    135000
     493           492              0.2124896451E+02  0.2120586316E+02   0.1045449054E+05    120000
     494           493              0.2124658574E+02  0.2120357645E+02   0.1047456677E+05    105000
     495           494              0.2124374549E+02  0.2120082883E+02   0.1049441027E+05     90000
     496           495              0.2124070538E+02  0.2119788138E+02   0.1051414916E+05     75000
     497           496              0.2123785562E+02  0.2119512352E+02   0.1053397639E+05     60000
     498           497              0.2123604485E+02  0.2119340219E+02   0.1055431429E+05     45000
     499           498              0.2123423708E+02  0.2119168350E+02   0.1057465007E+05     30000
     500           499              0.2123004448E+02  0.2118758439E+02   0.1059379219E+05     15000
