#      log(m)       log(<Ree2>/m)      log(<Ree2>/n)             Ree(ilength)              Count
# -------------  ----------------      -------------            -------------       ------------       -----
    0.3010299957E+00          0.0000000000E+00    0.3752890492E+00    0.7425905357E-01    0.2372952524E+01      7485000           0.2371599883E+01
    0.4771212547E+00          0.3010299957E+00    0.5218087582E+00    0.3457174991E+00    0.6650261975E+01      7470000           0.4743199765E+01
    0.6020599913E+00          0.4771212547E+00    0.6596287695E+00    0.5346900328E+00    0.1370092927E+02      7455000           0.7114799648E+01
    0.6989700043E+00          0.6020599913E+00    0.7515414498E+00    0.6546314368E+00    0.2257363202E+02      7440000           0.9486399530E+01
    0.7781512504E+00          0.6989700043E+00    0.8238870081E+00    0.7447057621E+00    0.3333166532E+02      7425000           0.1185799941E+02
    0.8450980400E+00          0.7781512504E+00    0.8802506634E+00    0.8133038738E+00    0.4554093195E+02      7410000           0.1422959930E+02
    0.9030899870E+00          0.8450980400E+00    0.9265336927E+00    0.8685417457E+00    0.5910602222E+02      7395000           0.1660119918E+02
    0.9542425094E+00          0.9030899870E+00    0.9648701592E+00    0.9137176368E+00    0.7378365182E+02      7380000           0.1897279906E+02
    0.1000000000E+01          0.9542425094E+00    0.9973685867E+00    0.9516110961E+00    0.8945633393E+02      7365000           0.2134439894E+02
    0.1041392685E+01          0.1000000000E+01    0.1025176637E+01    0.9837839514E+00    0.1059684633E+03      7350000           0.2371599883E+02
    0.1079181246E+01          0.1041392685E+01    0.1049277224E+01    0.1011488664E+01    0.1232167954E+03      7335000           0.2608759871E+02
    0.1113943352E+01          0.1079181246E+01    0.1070322370E+01    0.1035560264E+01    0.1410923986E+03      7320000           0.2845919859E+02
    0.1146128036E+01          0.1113943352E+01    0.1088854900E+01    0.1056670216E+01    0.1595137967E+03      7305000           0.3083079847E+02
    0.1176091259E+01          0.1146128036E+01    0.1105268865E+01    0.1075305642E+01    0.1784008424E+03      7290000           0.3320239836E+02
    0.1204119983E+01          0.1176091259E+01    0.1119900037E+01    0.1091871313E+01    0.1976930018E+03      7275000           0.3557399824E+02
    0.1230448921E+01          0.1204119983E+01    0.1133001846E+01    0.1106672907E+01    0.2173310750E+03      7260000           0.3794559812E+02
    0.1255272505E+01          0.1230448921E+01    0.1144791383E+01    0.1119967799E+01    0.2372686199E+03      7245000           0.4031719800E+02
    0.1278753601E+01          0.1255272505E+01    0.1155442950E+01    0.1131961854E+01    0.2574633734E+03      7230000           0.4268879789E+02
    0.1301029996E+01          0.1278753601E+01    0.1165103170E+01    0.1142826775E+01    0.2778796677E+03      7215000           0.4506039777E+02
    0.1322219295E+01          0.1301029996E+01    0.1173893022E+01    0.1152703723E+01    0.2984853482E+03      7200000           0.4743199765E+02
    0.1342422681E+01          0.1322219295E+01    0.1181920932E+01    0.1161717546E+01    0.3192568517E+03      7185000           0.4980359753E+02
    0.1361727836E+01          0.1342422681E+01    0.1189270894E+01    0.1169965739E+01    0.3401680929E+03      7170000           0.5217519742E+02
    0.1380211242E+01          0.1361727836E+01    0.1196021855E+01    0.1177538449E+01    0.3612016210E+03      7155000           0.5454679730E+02
    0.1397940009E+01          0.1380211242E+01    0.1202237666E+01    0.1184508899E+01    0.3823392713E+03      7140000           0.5691839718E+02
    0.1414973348E+01          0.1397940009E+01    0.1207974975E+01    0.1190941635E+01    0.4035663839E+03      7125000           0.5928999706E+02
    0.1431363764E+01          0.1414973348E+01    0.1213283839E+01    0.1196893422E+01    0.4248710955E+03      7110000           0.6166159695E+02
    0.1447158031E+01          0.1431363764E+01    0.1218206423E+01    0.1202412156E+01    0.4462417364E+03      7095000           0.6403319683E+02
    0.1462397998E+01          0.1447158031E+01    0.1222779294E+01    0.1207539328E+01    0.4676676457E+03      7080000           0.6640479671E+02
    0.1477121255E+01          0.1462397998E+01    0.1227035793E+01    0.1212312536E+01    0.4891406888E+03      7065000           0.6877639659E+02
    0.1491361694E+01          0.1477121255E+01    0.1231004844E+01    0.1216764405E+01    0.5106532485E+03      7050000           0.7114799648E+02
    0.1505149978E+01          0.1491361694E+01    0.1234712378E+01    0.1220924093E+01    0.5321990215E+03      7035000           0.7351959636E+02
    0.1518513940E+01          0.1505149978E+01    0.1238180611E+01    0.1224816649E+01    0.5537714848E+03      7020000           0.7589119624E+02
    0.1531478917E+01          0.1518513940E+01    0.1241430375E+01    0.1228465398E+01    0.5753661594E+03      7005000           0.7826279612E+02
    0.1544068044E+01          0.1531478917E+01    0.1244479863E+01    0.1231890735E+01    0.5969786228E+03      6990000           0.8063439601E+02
    0.1556302501E+01          0.1544068044E+01    0.1247345148E+01    0.1235110692E+01    0.6186046679E+03      6975000           0.8300599589E+02
    0.1568201724E+01          0.1556302501E+01    0.1250042594E+01    0.1238143371E+01    0.6402433773E+03      6960000           0.8537759577E+02
    0.1579783597E+01          0.1568201724E+01    0.1252585125E+01    0.1241003252E+01    0.6618915683E+03      6945000           0.8774919565E+02
    0.1591064607E+01          0.1579783597E+01    0.1254984324E+01    0.1243703313E+01    0.6835462737E+03      6930000           0.9012079554E+02
    0.1602059991E+01          0.1591064607E+01    0.1257252093E+01    0.1246256709E+01    0.7052071395E+03      6915000           0.9249239542E+02
    0.1612783857E+01          0.1602059991E+01    0.1259397538E+01    0.1248673673E+01    0.7268713138E+03      6900000           0.9486399530E+02
    0.1623249290E+01          0.1612783857E+01    0.1261431414E+01    0.1250965981E+01    0.7485404451E+03      6885000           0.9723559518E+02
    0.1633468456E+01          0.1623249290E+01    0.1263360576E+01    0.1253141411E+01    0.7702112650E+03      6870000           0.9960719507E+02
    0.1643452676E+01          0.1633468456E+01    0.1265192381E+01    0.1255208161E+01    0.7918826669E+03      6855000           0.1019787949E+03
    0.1653212514E+01          0.1643452676E+01    0.1266934398E+01    0.1257174561E+01    0.8135552927E+03      6840000           0.1043503948E+03
    0.1662757832E+01          0.1653212514E+01    0.1268593128E+01    0.1259047810E+01    0.8352291476E+03      6825000           0.1067219947E+03
    0.1672097858E+01          0.1662757832E+01    0.1270174577E+01    0.1260834550E+01    0.8569044698E+03      6810000           0.1090935946E+03
    0.1681241237E+01          0.1672097858E+01    0.1271682071E+01    0.1262538692E+01    0.8785772006E+03      6795000           0.1114651945E+03
    0.1690196080E+01          0.1681241237E+01    0.1273122025E+01    0.1264167182E+01    0.9002502739E+03      6780000           0.1138367944E+03
    0.1698970004E+01          0.1690196080E+01    0.1274497932E+01    0.1265724008E+01    0.9219216467E+03      6765000           0.1162083942E+03
    0.1707570176E+01          0.1698970004E+01    0.1275814571E+01    0.1267214399E+01    0.9435927069E+03      6750000           0.1185799941E+03
    0.1716003344E+01          0.1707570176E+01    0.1277074470E+01    0.1268641303E+01    0.9652607484E+03      6735000           0.1209515940E+03
    0.1724275870E+01          0.1716003344E+01    0.1278281322E+01    0.1270008796E+01    0.9869261715E+03      6720000           0.1233231939E+03
    0.1732393760E+01          0.1724275870E+01    0.1279437805E+01    0.1271319914E+01    0.1008587716E+04      6705000           0.1256947938E+03
    0.1740362689E+01          0.1732393760E+01    0.1280547000E+01    0.1272578070E+01    0.1030245579E+04      6690000           0.1280663937E+03
    0.1748188027E+01          0.1740362689E+01    0.1281611157E+01    0.1273785820E+01    0.1051898527E+04      6675000           0.1304379935E+03
    0.1755874856E+01          0.1748188027E+01    0.1282633319E+01    0.1274946490E+01    0.1073547700E+04      6660000           0.1328095934E+03
    0.1763427994E+01          0.1755874856E+01    0.1283615073E+01    0.1276061935E+01    0.1095191157E+04      6645000           0.1351811933E+03
    0.1770852012E+01          0.1763427994E+01    0.1284559382E+01    0.1277135364E+01    0.1116830782E+04      6630000           0.1375527932E+03
    0.1778151250E+01          0.1770852012E+01    0.1285468264E+01    0.1278169026E+01    0.1138466553E+04      6615000           0.1399243931E+03
    0.1785329835E+01          0.1778151250E+01    0.1286342900E+01    0.1279164316E+01    0.1160096591E+04      6600000           0.1422959930E+03
    0.1792391689E+01          0.1785329835E+01    0.1287185448E+01    0.1280123593E+01    0.1181721897E+04      6585000           0.1446675928E+03
    0.1799340549E+01          0.1792391689E+01    0.1287997459E+01    0.1281048599E+01    0.1203342203E+04      6570000           0.1470391927E+03
    0.1806179974E+01          0.1799340549E+01    0.1288780159E+01    0.1281940735E+01    0.1224956619E+04      6555000           0.1494107926E+03
    0.1812913357E+01          0.1806179974E+01    0.1289535117E+01    0.1282801734E+01    0.1246565465E+04      6540000           0.1517823925E+03
    0.1819543936E+01          0.1812913357E+01    0.1290263955E+01    0.1283633376E+01    0.1268169522E+04      6525000           0.1541539924E+03
    0.1826074803E+01          0.1819543936E+01    0.1290968255E+01    0.1284437388E+01    0.1289769760E+04      6510000           0.1565255922E+03
    0.1832508913E+01          0.1826074803E+01    0.1291648447E+01    0.1285214337E+01    0.1311363976E+04      6495000           0.1588971921E+03
    0.1838849091E+01          0.1832508913E+01    0.1292306614E+01    0.1285966436E+01    0.1332955119E+04      6480000           0.1612687920E+03
    0.1845098040E+01          0.1838849091E+01    0.1292943079E+01    0.1286694130E+01    0.1354541046E+04      6465000           0.1636403919E+03
    0.1851258349E+01          0.1845098040E+01    0.1293559274E+01    0.1287398966E+01    0.1376123192E+04      6450000           0.1660119918E+03
    0.1857332496E+01          0.1851258349E+01    0.1294155770E+01    0.1288081622E+01    0.1397700494E+04      6435000           0.1683835917E+03
    0.1863322860E+01          0.1857332496E+01    0.1294734260E+01    0.1288743896E+01    0.1419275664E+04      6420000           0.1707551915E+03
    0.1869231720E+01          0.1863322860E+01    0.1295295178E+01    0.1289386319E+01    0.1440847570E+04      6405000           0.1731267914E+03
    0.1875061263E+01          0.1869231720E+01    0.1295840263E+01    0.1290010719E+01    0.1462419543E+04      6390000           0.1754983913E+03
    0.1880813592E+01          0.1875061263E+01    0.1296369716E+01    0.1290617387E+01    0.1483990018E+04      6375000           0.1778699912E+03
    0.1886490725E+01          0.1880813592E+01    0.1296884835E+01    0.1291207702E+01    0.1505561247E+04      6360000           0.1802415911E+03
    0.1892094603E+01          0.1886490725E+01    0.1297385474E+01    0.1291781596E+01    0.1527130668E+04      6345000           0.1826131910E+03
    0.1897627091E+01          0.1892094603E+01    0.1297872891E+01    0.1292340402E+01    0.1548700695E+04      6330000           0.1849847908E+03
    0.1903089987E+01          0.1897627091E+01    0.1298346644E+01    0.1292883748E+01    0.1570267835E+04      6315000           0.1873563907E+03
    0.1908485019E+01          0.1903089987E+01    0.1298807101E+01    0.1293412069E+01    0.1591831474E+04      6300000           0.1897279906E+03
    0.1913813852E+01          0.1908485019E+01    0.1299255489E+01    0.1293926655E+01    0.1613394260E+04      6285000           0.1920995905E+03
    0.1919078092E+01          0.1913813852E+01    0.1299691373E+01    0.1294427133E+01    0.1634952823E+04      6270000           0.1944711904E+03
    0.1924279286E+01          0.1919078092E+01    0.1300115600E+01    0.1294914406E+01    0.1656508589E+04      6255000           0.1968427902E+03
    0.1929418926E+01          0.1924279286E+01    0.1300527721E+01    0.1295388082E+01    0.1678058153E+04      6240000           0.1992143901E+03
    0.1934498451E+01          0.1929418926E+01    0.1300928998E+01    0.1295849472E+01    0.1699604700E+04      6225000           0.2015859900E+03
    0.1939519253E+01          0.1934498451E+01    0.1301318813E+01    0.1296298012E+01    0.1721144227E+04      6210000           0.2039575899E+03
    0.1944482672E+01          0.1939519253E+01    0.1301698590E+01    0.1296735170E+01    0.1742680785E+04      6195000           0.2063291898E+03
    0.1949390007E+01          0.1944482672E+01    0.1302068253E+01    0.1297160918E+01    0.1764212622E+04      6180000           0.2087007897E+03
    0.1954242509E+01          0.1949390007E+01    0.1302428033E+01    0.1297575530E+01    0.1785739231E+04      6165000           0.2110723895E+03
    0.1959041392E+01          0.1954242509E+01    0.1302778065E+01    0.1297979182E+01    0.1807259743E+04      6150000           0.2134439894E+03
    0.1963787827E+01          0.1959041392E+01    0.1303118405E+01    0.1298371970E+01    0.1828772986E+04      6135000           0.2158155893E+03
    0.1968482949E+01          0.1963787827E+01    0.1303449393E+01    0.1298754272E+01    0.1850279004E+04      6120000           0.2181871892E+03
    0.1973127854E+01          0.1968482949E+01    0.1303771078E+01    0.1299126173E+01    0.1871776658E+04      6105000           0.2205587891E+03
    0.1977723605E+01          0.1973127854E+01    0.1304084448E+01    0.1299488696E+01    0.1893268902E+04      6090000           0.2229303890E+03
    0.1982271233E+01          0.1977723605E+01    0.1304389180E+01    0.1299841552E+01    0.1914753117E+04      6075000           0.2253019888E+03
    0.1986771734E+01          0.1982271233E+01    0.1304685464E+01    0.1300184963E+01    0.1936228896E+04      6060000           0.2276735887E+03
    0.1991226076E+01          0.1986771734E+01    0.1304973898E+01    0.1300519557E+01    0.1957697708E+04      6045000           0.2300451886E+03
    0.1995635195E+01          0.1991226076E+01    0.1305254342E+01    0.1300845223E+01    0.1979157779E+04      6030000           0.2324167885E+03
    0.2000000000E+01          0.1995635195E+01    0.1305527205E+01    0.1301162399E+01    0.2000609834E+04      6015000           0.2347883884E+03
    0.2004321374E+01          0.2000000000E+01    0.1305792671E+01    0.1301471297E+01    0.2022053635E+04      6000000           0.2371599883E+03
    0.2008600172E+01          0.2004321374E+01    0.1306050625E+01    0.1301771827E+01    0.2043487564E+04      5985000           0.2395315881E+03
    0.2012837225E+01          0.2008600172E+01    0.1306301784E+01    0.1302064731E+01    0.2064913936E+04      5970000           0.2419031880E+03
    0.2017033339E+01          0.2012837225E+01    0.1306545730E+01    0.1302349615E+01    0.2086329767E+04      5955000           0.2442747879E+03
    0.2021189299E+01          0.2017033339E+01    0.1306783194E+01    0.1302627235E+01    0.2107737554E+04      5940000           0.2466463878E+03
    0.2025305865E+01          0.2021189299E+01    0.1307014224E+01    0.1302897658E+01    0.2129136587E+04      5925000           0.2490179877E+03
    0.2029383778E+01          0.2025305865E+01    0.1307239916E+01    0.1303162004E+01    0.2150531368E+04      5910000           0.2513895875E+03
    0.2033423755E+01          0.2029383778E+01    0.1307460134E+01    0.1303420157E+01    0.2171920438E+04      5895000           0.2537611874E+03
    0.2037426498E+01          0.2033423755E+01    0.1307675324E+01    0.1303672581E+01    0.2193305255E+04      5880000           0.2561327873E+03
    0.2041392685E+01          0.2037426498E+01    0.1307886115E+01    0.1303919927E+01    0.2214688306E+04      5865000           0.2585043872E+03
    0.2045322979E+01          0.2041392685E+01    0.1308092404E+01    0.1304162110E+01    0.2236068423E+04      5850000           0.2608759871E+03
    0.2049218023E+01          0.2045322979E+01    0.1308294003E+01    0.1304398959E+01    0.2257443981E+04      5835000           0.2632475870E+03
    0.2053078443E+01          0.2049218023E+01    0.1308491153E+01    0.1304630732E+01    0.2278815557E+04      5820000           0.2656191868E+03
    0.2056904851E+01          0.2053078443E+01    0.1308683645E+01    0.1304857237E+01    0.2300181406E+04      5805000           0.2679907867E+03
    0.2060697840E+01          0.2056904851E+01    0.1308871447E+01    0.1305078457E+01    0.2321540678E+04      5790000           0.2703623866E+03
    0.2064457989E+01          0.2060697840E+01    0.1309055306E+01    0.1305295158E+01    0.2342896733E+04      5775000           0.2727339865E+03
    0.2068185862E+01          0.2064457989E+01    0.1309235206E+01    0.1305507333E+01    0.2364248897E+04      5760000           0.2751055864E+03
    0.2071882007E+01          0.2068185862E+01    0.1309410737E+01    0.1305714591E+01    0.2385594355E+04      5745000           0.2774771863E+03
    0.2075546961E+01          0.2071882007E+01    0.1309582186E+01    0.1305917232E+01    0.2406934063E+04      5730000           0.2798487861E+03
    0.2079181246E+01          0.2075546961E+01    0.1309749850E+01    0.1306115565E+01    0.2428269088E+04      5715000           0.2822203860E+03
    0.2082785370E+01          0.2079181246E+01    0.1309913695E+01    0.1306309571E+01    0.2449598690E+04      5700000           0.2845919859E+03
    0.2086359831E+01          0.2082785370E+01    0.1310073639E+01    0.1306499179E+01    0.2470921850E+04      5685000           0.2869635858E+03
    0.2089905111E+01          0.2086359831E+01    0.1310229921E+01    0.1306684640E+01    0.2492239368E+04      5670000           0.2893351857E+03
    0.2093421685E+01          0.2089905111E+01    0.1310383562E+01    0.1306866989E+01    0.2513556627E+04      5655000           0.2917067855E+03
    0.2096910013E+01          0.2093421685E+01    0.1310533693E+01    0.1307045365E+01    0.2534868171E+04      5640000           0.2940783854E+03
    0.2100370545E+01          0.2096910013E+01    0.1310681235E+01    0.1307220703E+01    0.2556178914E+04      5625000           0.2964499853E+03
    0.2103803721E+01          0.2100370545E+01    0.1310825964E+01    0.1307392788E+01    0.2577487150E+04      5610000           0.2988215852E+03
    0.2107209970E+01          0.2103803721E+01    0.1310968184E+01    0.1307561936E+01    0.2598794299E+04      5595000           0.3011931851E+03
    0.2110589710E+01          0.2107209970E+01    0.1311107561E+01    0.1307727820E+01    0.2620097971E+04      5580000           0.3035647850E+03
    0.2113943352E+01          0.2110589710E+01    0.1311244365E+01    0.1307890723E+01    0.2641399403E+04      5565000           0.3059363848E+03
    0.2117271296E+01          0.2113943352E+01    0.1311378090E+01    0.1308050147E+01    0.2662695122E+04      5550000           0.3083079847E+03
    0.2120573931E+01          0.2117271296E+01    0.1311509740E+01    0.1308207104E+01    0.2683990876E+04      5535000           0.3106795846E+03
    0.2123851641E+01          0.2120573931E+01    0.1311638852E+01    0.1308361142E+01    0.2705283498E+04      5520000           0.3130511845E+03
    0.2127104798E+01          0.2123851641E+01    0.1311766087E+01    0.1308512930E+01    0.2726576755E+04      5505000           0.3154227844E+03
    0.2130333768E+01          0.2127104798E+01    0.1311891721E+01    0.1308662751E+01    0.2747872133E+04      5490000           0.3177943843E+03
    0.2133538908E+01          0.2130333768E+01    0.1312015329E+01    0.1308810189E+01    0.2769166681E+04      5475000           0.3201659841E+03
    0.2136720567E+01          0.2133538908E+01    0.1312137460E+01    0.1308955801E+01    0.2790463644E+04      5460000           0.3225375840E+03
    0.2139879086E+01          0.2136720567E+01    0.1312257399E+01    0.1309098880E+01    0.2811758172E+04      5445000           0.3249091839E+03
    0.2143014800E+01          0.2139879086E+01    0.1312375734E+01    0.1309240020E+01    0.2833053791E+04      5430000           0.3272807838E+03
    0.2146128036E+01          0.2143014800E+01    0.1312492022E+01    0.1309378786E+01    0.2854347350E+04      5415000           0.3296523837E+03
    0.2149219113E+01          0.2146128036E+01    0.1312606710E+01    0.1309515633E+01    0.2875641519E+04      5400000           0.3320239836E+03
    0.2152288344E+01          0.2149219113E+01    0.1312719284E+01    0.1309650052E+01    0.2896932638E+04      5385000           0.3343955834E+03
    0.2155336037E+01          0.2152288344E+01    0.1312830533E+01    0.1309782840E+01    0.2918225697E+04      5370000           0.3367671833E+03
    0.2158362492E+01          0.2155336037E+01    0.1312940084E+01    0.1309913630E+01    0.2939517986E+04      5355000           0.3391387832E+03
    0.2161368002E+01          0.2158362492E+01    0.1313048317E+01    0.1310042806E+01    0.2960811839E+04      5340000           0.3415103831E+03
    0.2164352856E+01          0.2161368002E+01    0.1313154821E+01    0.1310169967E+01    0.2982104260E+04      5325000           0.3438819830E+03
    0.2167317335E+01          0.2164352856E+01    0.1313259499E+01    0.1310295020E+01    0.3003394317E+04      5310000           0.3462535828E+03
    0.2170261715E+01          0.2167317335E+01    0.1313362365E+01    0.1310417984E+01    0.3024681847E+04      5295000           0.3486251827E+03
    0.2173186268E+01          0.2170261715E+01    0.1313463949E+01    0.1310539396E+01    0.3045970303E+04      5280000           0.3509967826E+03
    0.2176091259E+01          0.2173186268E+01    0.1313563812E+01    0.1310658821E+01    0.3067256391E+04      5265000           0.3533683825E+03
    0.2178976947E+01          0.2176091259E+01    0.1313662342E+01    0.1310776654E+01    0.3088542640E+04      5250000           0.3557399824E+03
    0.2181843588E+01          0.2178976947E+01    0.1313758895E+01    0.1310892254E+01    0.3109824224E+04      5235000           0.3581115823E+03
    0.2184691431E+01          0.2181843588E+01    0.1313853837E+01    0.1311005994E+01    0.3131103507E+04      5220000           0.3604831821E+03
    0.2187520721E+01          0.2184691431E+01    0.1313946489E+01    0.1311117199E+01    0.3152375327E+04      5205000           0.3628547820E+03
    0.2190331698E+01          0.2187520721E+01    0.1314037630E+01    0.1311226653E+01    0.3173645038E+04      5190000           0.3652263819E+03
    0.2193124598E+01          0.2190331698E+01    0.1314127155E+01    0.1311334255E+01    0.3194911654E+04      5175000           0.3675979818E+03
    0.2195899652E+01          0.2193124598E+01    0.1314215011E+01    0.1311439957E+01    0.3216174538E+04      5160000           0.3699695817E+03
    0.2198657087E+01          0.2195899652E+01    0.1314301571E+01    0.1311544136E+01    0.3237436234E+04      5145000           0.3723411816E+03
    0.2201397124E+01          0.2198657087E+01    0.1314385984E+01    0.1311645946E+01    0.3258690171E+04      5130000           0.3747127814E+03
    0.2204119983E+01          0.2201397124E+01    0.1314469495E+01    0.1311746637E+01    0.3279945439E+04      5115000           0.3770843813E+03
    0.2206825876E+01          0.2204119983E+01    0.1314551034E+01    0.1311845141E+01    0.3301193771E+04      5100000           0.3794559812E+03
    0.2209515015E+01          0.2206825876E+01    0.1314631770E+01    0.1311942631E+01    0.3322443817E+04      5085000           0.3818275811E+03
    0.2212187604E+01          0.2209515015E+01    0.1314711774E+01    0.1312039184E+01    0.3343696024E+04      5070000           0.3841991810E+03
    0.2214843848E+01          0.2212187604E+01    0.1314790042E+01    0.1312133798E+01    0.3364942491E+04      5055000           0.3865707808E+03
    0.2217483944E+01          0.2214843848E+01    0.1314867337E+01    0.1312227241E+01    0.3386188923E+04      5040000           0.3889423807E+03
    0.2220108088E+01          0.2217483944E+01    0.1314943034E+01    0.1312318890E+01    0.3407430277E+04      5025000           0.3913139806E+03
    0.2222716471E+01          0.2220108088E+01    0.1315017933E+01    0.1312409550E+01    0.3428672635E+04      5010000           0.3936855805E+03
    0.2225309282E+01          0.2222716471E+01    0.1315091014E+01    0.1312498203E+01    0.3449907772E+04      4995000           0.3960571804E+03
    0.2227886705E+01          0.2225309282E+01    0.1315162325E+01    0.1312584902E+01    0.3471135817E+04      4980000           0.3984287803E+03
    0.2230448921E+01          0.2227886705E+01    0.1315232149E+01    0.1312669932E+01    0.3492358782E+04      4965000           0.4008003801E+03
    0.2232996110E+01          0.2230448921E+01    0.1315300407E+01    0.1312753218E+01    0.3513575806E+04      4950000           0.4031719800E+03
    0.2235528447E+01          0.2232996110E+01    0.1315367234E+01    0.1312834897E+01    0.3534787775E+04      4935000           0.4055435799E+03
    0.2238046103E+01          0.2235528447E+01    0.1315433006E+01    0.1312915350E+01    0.3555997549E+04      4920000           0.4079151798E+03
    0.2240549248E+01          0.2238046103E+01    0.1315497507E+01    0.1312994362E+01    0.3577203199E+04      4905000           0.4102867797E+03
    0.2243038049E+01          0.2240549248E+01    0.1315561324E+01    0.1313072524E+01    0.3598409401E+04      4890000           0.4126583796E+03
    0.2245512668E+01          0.2243038049E+01    0.1315624288E+01    0.1313149669E+01    0.3619614646E+04      4875000           0.4150299794E+03
    0.2247973266E+01          0.2245512668E+01    0.1315685943E+01    0.1313225344E+01    0.3640814988E+04      4860000           0.4174015793E+03
    0.2250420002E+01          0.2247973266E+01    0.1315745820E+01    0.1313299085E+01    0.3662006298E+04      4845000           0.4197731792E+03
    0.2252853031E+01          0.2250420002E+01    0.1315804811E+01    0.1313371782E+01    0.3683195856E+04      4830000           0.4221447791E+03
    0.2255272505E+01          0.2252853031E+01    0.1315862160E+01    0.1313442686E+01    0.3704377101E+04      4815000           0.4245163790E+03
    0.2257678575E+01          0.2255272505E+01    0.1315918169E+01    0.1313512100E+01    0.3725552385E+04      4800000           0.4268879789E+03
    0.2260071388E+01          0.2257678575E+01    0.1315973061E+01    0.1313580247E+01    0.3746723423E+04      4785000           0.4292595787E+03
    0.2262451090E+01          0.2260071388E+01    0.1316026652E+01    0.1313646951E+01    0.3767888481E+04      4770000           0.4316311786E+03
    0.2264817823E+01          0.2262451090E+01    0.1316079813E+01    0.1313713079E+01    0.3789054940E+04      4755000           0.4340027785E+03
    0.2267171728E+01          0.2264817823E+01    0.1316132300E+01    0.1313778395E+01    0.3810220623E+04      4740000           0.4363743784E+03
    0.2269512944E+01          0.2267171728E+01    0.1316184235E+01    0.1313843019E+01    0.3831386488E+04      4725000           0.4387459783E+03
    0.2271841607E+01          0.2269512944E+01    0.1316236708E+01    0.1313908045E+01    0.3852562135E+04      4710000           0.4411175781E+03
    0.2274157849E+01          0.2271841607E+01    0.1316289022E+01    0.1313972779E+01    0.3873741428E+04      4695000           0.4434891780E+03
    0.2276461804E+01          0.2274157849E+01    0.1316341526E+01    0.1314037571E+01    0.3894927477E+04      4680000           0.4458607779E+03
    0.2278753601E+01          0.2276461804E+01    0.1316394123E+01    0.1314102326E+01    0.3916119421E+04      4665000           0.4482323778E+03
    0.2281033367E+01          0.2278753601E+01    0.1316446512E+01    0.1314166746E+01    0.3937314565E+04      4650000           0.4506039777E+03
    0.2283301229E+01          0.2281033367E+01    0.1316499850E+01    0.1314231989E+01    0.3958523406E+04      4635000           0.4529755776E+03
    0.2285557309E+01          0.2283301229E+01    0.1316552929E+01    0.1314296849E+01    0.3979735029E+04      4620000           0.4553471774E+03
    0.2287801730E+01          0.2285557309E+01    0.1316606393E+01    0.1314361972E+01    0.4000955328E+04      4605000           0.4577187773E+03
    0.2290034611E+01          0.2287801730E+01    0.1316659313E+01    0.1314426431E+01    0.4022175745E+04      4590000           0.4600903772E+03
    0.2292256071E+01          0.2290034611E+01    0.1316712535E+01    0.1314491075E+01    0.4043404097E+04      4575000           0.4624619771E+03
    0.2294466226E+01          0.2292256071E+01    0.1316765683E+01    0.1314555528E+01    0.4064636886E+04      4560000           0.4648335770E+03
    0.2296665190E+01          0.2294466226E+01    0.1316819072E+01    0.1314620108E+01    0.4085877090E+04      4545000           0.4672051769E+03
    0.2298853076E+01          0.2296665190E+01    0.1316873083E+01    0.1314685197E+01    0.4107128331E+04      4530000           0.4695767767E+03
    0.2301029996E+01          0.2298853076E+01    0.1316927451E+01    0.1314750532E+01    0.4128388195E+04      4515000           0.4719483766E+03
    0.2303196057E+01          0.2301029996E+01    0.1316982176E+01    0.1314816114E+01    0.4149656723E+04      4500000           0.4743199765E+03
    0.2305351369E+01          0.2303196057E+01    0.1317037010E+01    0.1314881698E+01    0.4170931596E+04      4485000           0.4766915764E+03
    0.2307496038E+01          0.2305351369E+01    0.1317091828E+01    0.1314947160E+01    0.4192211621E+04      4470000           0.4790631763E+03
    0.2309630167E+01          0.2307496038E+01    0.1317146969E+01    0.1315012839E+01    0.4213500079E+04      4455000           0.4814347761E+03
    0.2311753861E+01          0.2309630167E+01    0.1317202312E+01    0.1315078618E+01    0.4234795855E+04      4440000           0.4838063760E+03
    0.2313867220E+01          0.2311753861E+01    0.1317257565E+01    0.1315144206E+01    0.4256096108E+04      4425000           0.4861779759E+03
    0.2315970345E+01          0.2313867220E+01    0.1317313342E+01    0.1315210217E+01    0.4277406866E+04      4410000           0.4885495758E+03
    0.2318063335E+01          0.2315970345E+01    0.1317369334E+01    0.1315276344E+01    0.4298725158E+04      4395000           0.4909211757E+03
    0.2320146286E+01          0.2318063335E+01    0.1317425896E+01    0.1315342945E+01    0.4320054550E+04      4380000           0.4932927756E+03
    0.2322219295E+01          0.2320146286E+01    0.1317482334E+01    0.1315409325E+01    0.4341388182E+04      4365000           0.4956643754E+03
    0.2324282455E+01          0.2322219295E+01    0.1317538709E+01    0.1315475548E+01    0.4362726658E+04      4350000           0.4980359753E+03
    0.2326335861E+01          0.2324282455E+01    0.1317594711E+01    0.1315541305E+01    0.4384066836E+04      4335000           0.5004075752E+03
    0.2328379603E+01          0.2326335861E+01    0.1317650697E+01    0.1315606955E+01    0.4405412282E+04      4320000           0.5027791751E+03
    0.2330413773E+01          0.2328379603E+01    0.1317706592E+01    0.1315672422E+01    0.4426762221E+04      4305000           0.5051507750E+03
    0.2332438460E+01          0.2330413773E+01    0.1317762650E+01    0.1315737963E+01    0.4448119266E+04      4290000           0.5075223749E+03
    0.2334453751E+01          0.2332438460E+01    0.1317819003E+01    0.1315803712E+01    0.4469484787E+04      4275000           0.5098939747E+03
    0.2336459734E+01          0.2334453751E+01    0.1317875475E+01    0.1315869492E+01    0.4490856999E+04      4260000           0.5122655746E+03
    0.2338456494E+01          0.2336459734E+01    0.1317932118E+01    0.1315935358E+01    0.4512236476E+04      4245000           0.5146371745E+03
    0.2340444115E+01          0.2338456494E+01    0.1317988494E+01    0.1316000872E+01    0.4533618661E+04      4230000           0.5170087744E+03
    0.2342422681E+01          0.2340444115E+01    0.1318044854E+01    0.1316066288E+01    0.4555006157E+04      4215000           0.5193803743E+03
    0.2344392274E+01          0.2342422681E+01    0.1318100970E+01    0.1316131377E+01    0.4576396563E+04      4200000           0.5217519742E+03
    0.2346352974E+01          0.2344392274E+01    0.1318156933E+01    0.1316196232E+01    0.4597790799E+04      4185000           0.5241235740E+03
    0.2348304863E+01          0.2346352974E+01    0.1318212574E+01    0.1316260686E+01    0.4619187046E+04      4170000           0.5264951739E+03
    0.2350248018E+01          0.2348304863E+01    0.1318267996E+01    0.1316324840E+01    0.4640586354E+04      4155000           0.5288667738E+03
    0.2352182518E+01          0.2350248018E+01    0.1318323661E+01    0.1316389162E+01    0.4661993673E+04      4140000           0.5312383737E+03
    0.2354108439E+01          0.2352182518E+01    0.1318379921E+01    0.1316454000E+01    0.4683412811E+04      4125000           0.5336099736E+03
    0.2356025857E+01          0.2354108439E+01    0.1318436562E+01    0.1316519144E+01    0.4704841545E+04      4110000           0.5359815734E+03
    0.2357934847E+01          0.2356025857E+01    0.1318493816E+01    0.1316584826E+01    0.4726282458E+04      4095000           0.5383531733E+03
    0.2359835482E+01          0.2357934847E+01    0.1318551735E+01    0.1316651100E+01    0.4747736223E+04      4080000           0.5407247732E+03
    0.2361727836E+01          0.2359835482E+01    0.1318610293E+01    0.1316717940E+01    0.4769202640E+04      4065000           0.5430963731E+03
    0.2363611980E+01          0.2361727836E+01    0.1318669667E+01    0.1316785523E+01    0.4790683751E+04      4050000           0.5454679730E+03
    0.2365487985E+01          0.2363611980E+01    0.1318728748E+01    0.1316852743E+01    0.4812167418E+04      4035000           0.5478395729E+03
    0.2367355921E+01          0.2365487985E+01    0.1318787741E+01    0.1316919805E+01    0.4833655854E+04      4020000           0.5502111727E+03
    0.2369215857E+01          0.2367355921E+01    0.1318846867E+01    0.1316986930E+01    0.4855151516E+04      4005000           0.5525827726E+03
    0.2371067862E+01          0.2369215857E+01    0.1318905787E+01    0.1317053782E+01    0.4876650643E+04      3990000           0.5549543725E+03
    0.2372912003E+01          0.2371067862E+01    0.1318964146E+01    0.1317120005E+01    0.4898149184E+04      3975000           0.5573259724E+03
    0.2374748346E+01          0.2372912003E+01    0.1319022344E+01    0.1317186000E+01    0.4919651583E+04      3960000           0.5596975723E+03
    0.2376576957E+01          0.2374748346E+01    0.1319079983E+01    0.1317251372E+01    0.4941153315E+04      3945000           0.5620691722E+03
    0.2378397901E+01          0.2376576957E+01    0.1319137550E+01    0.1317316606E+01    0.4962659826E+04      3930000           0.5644407720E+03
    0.2380211242E+01          0.2378397901E+01    0.1319195013E+01    0.1317381672E+01    0.4984170773E+04      3915000           0.5668123719E+03
    0.2382017043E+01          0.2380211242E+01    0.1319252273E+01    0.1317446472E+01    0.5005684980E+04      3900000           0.5691839718E+03
    0.2383815366E+01          0.2382017043E+01    0.1319309276E+01    0.1317510953E+01    0.5027201797E+04      3885000           0.5715555717E+03
    0.2385606274E+01          0.2383815366E+01    0.1319367095E+01    0.1317576187E+01    0.5048733663E+04      3870000           0.5739271716E+03
    0.2387389826E+01          0.2385606274E+01    0.1319425418E+01    0.1317641865E+01    0.5070277062E+04      3855000           0.5762987714E+03
    0.2389166084E+01          0.2387389826E+01    0.1319484352E+01    0.1317708094E+01    0.5091833321E+04      3840000           0.5786703713E+03
    0.2390935107E+01          0.2389166084E+01    0.1319543777E+01    0.1317774755E+01    0.5113401115E+04      3825000           0.5810419712E+03
    0.2392696953E+01          0.2390935107E+01    0.1319603459E+01    0.1317841613E+01    0.5134977751E+04      3810000           0.5834135711E+03
    0.2394451681E+01          0.2392696953E+01    0.1319663302E+01    0.1317908575E+01    0.5156562139E+04      3795000           0.5857851710E+03
    0.2396199347E+01          0.2394451681E+01    0.1319723419E+01    0.1317975753E+01    0.5178155637E+04      3780000           0.5881567709E+03
    0.2397940009E+01          0.2396199347E+01    0.1319783140E+01    0.1318042478E+01    0.5199750282E+04      3765000           0.5905283707E+03
    0.2399673721E+01          0.2397940009E+01    0.1319842835E+01    0.1318109122E+01    0.5221350448E+04      3750000           0.5928999706E+03
    0.2401400541E+01          0.2399673721E+01    0.1319902649E+01    0.1318175829E+01    0.5242957895E+04      3735000           0.5952715705E+03
    0.2403120521E+01          0.2401400541E+01    0.1319962273E+01    0.1318242293E+01    0.5264568903E+04      3720000           0.5976431704E+03
    0.2404833717E+01          0.2403120521E+01    0.1320021808E+01    0.1318308612E+01    0.5286184647E+04      3705000           0.6000147703E+03
    0.2406540180E+01          0.2404833717E+01    0.1320080900E+01    0.1318374436E+01    0.5307800814E+04      3690000           0.6023863702E+03
    0.2408239965E+01          0.2406540180E+01    0.1320139894E+01    0.1318440109E+01    0.5329421558E+04      3675000           0.6047579700E+03
    0.2409933123E+01          0.2408239965E+01    0.1320197462E+01    0.1318504304E+01    0.5351030511E+04      3660000           0.6071295699E+03
    0.2411619706E+01          0.2409933123E+01    0.1320254773E+01    0.1318568191E+01    0.5372641923E+04      3645000           0.6095011698E+03
    0.2413299764E+01          0.2411619706E+01    0.1320310633E+01    0.1318630575E+01    0.5394240923E+04      3630000           0.6118727697E+03
    0.2414973348E+01          0.2413299764E+01    0.1320365390E+01    0.1318691807E+01    0.5415831632E+04      3615000           0.6142443696E+03
    0.2416640507E+01          0.2414973348E+01    0.1320418889E+01    0.1318751729E+01    0.5437411940E+04      3600000           0.6166159695E+03
    0.2418301291E+01          0.2416640507E+01    0.1320471423E+01    0.1318810639E+01    0.5458985364E+04      3585000           0.6189875693E+03
    0.2419955748E+01          0.2418301291E+01    0.1320522356E+01    0.1318867899E+01    0.5480543729E+04      3570000           0.6213591692E+03
    0.2421603927E+01          0.2419955748E+01    0.1320571683E+01    0.1318923505E+01    0.5502086727E+04      3555000           0.6237307691E+03
    0.2423245874E+01          0.2421603927E+01    0.1320619437E+01    0.1318977490E+01    0.5523614535E+04      3540000           0.6261023690E+03
    0.2424881637E+01          0.2423245874E+01    0.1320665905E+01    0.1319030142E+01    0.5545130597E+04      3525000           0.6284739689E+03
    0.2426511261E+01          0.2424881637E+01    0.1320711784E+01    0.1319082159E+01    0.5566643647E+04      3510000           0.6308455687E+03
    0.2428134794E+01          0.2426511261E+01    0.1320757323E+01    0.1319133791E+01    0.5588156813E+04      3495000           0.6332171686E+03
    0.2429752280E+01          0.2428134794E+01    0.1320801597E+01    0.1319184111E+01    0.5609658081E+04      3480000           0.6355887685E+03
    0.2431363764E+01          0.2429752280E+01    0.1320845358E+01    0.1319233874E+01    0.5631157023E+04      3465000           0.6379603684E+03
    0.2432969291E+01          0.2431363764E+01    0.1320888458E+01    0.1319282932E+01    0.5652651649E+04      3450000           0.6403319683E+03
    0.2434568904E+01          0.2432969291E+01    0.1320931527E+01    0.1319331914E+01    0.5674150075E+04      3435000           0.6427035682E+03
    0.2436162647E+01          0.2434568904E+01    0.1320974285E+01    0.1319380542E+01    0.5695648627E+04      3420000           0.6450751680E+03
    0.2437750563E+01          0.2436162647E+01    0.1321017384E+01    0.1319429468E+01    0.5717155841E+04      3405000           0.6474467679E+03
    0.2439332694E+01          0.2437750563E+01    0.1321060417E+01    0.1319478286E+01    0.5738666407E+04      3390000           0.6498183678E+03
    0.2440909082E+01          0.2439332694E+01    0.1321102909E+01    0.1319526521E+01    0.5760174007E+04      3375000           0.6521899677E+03
    0.2442479769E+01          0.2440909082E+01    0.1321145872E+01    0.1319575185E+01    0.5781692027E+04      3360000           0.6545615676E+03
    0.2444044796E+01          0.2442479769E+01    0.1321188125E+01    0.1319623098E+01    0.5803204752E+04      3345000           0.6569331675E+03
    0.2445604203E+01          0.2444044796E+01    0.1321231272E+01    0.1319671864E+01    0.5824733602E+04      3330000           0.6593047673E+03
    0.2447158031E+01          0.2445604203E+01    0.1321273503E+01    0.1319719675E+01    0.5846254353E+04      3315000           0.6616763672E+03
    0.2448706320E+01          0.2447158031E+01    0.1321315519E+01    0.1319767230E+01    0.5867776320E+04      3300000           0.6640479671E+03
    0.2450249108E+01          0.2448706320E+01    0.1321357666E+01    0.1319814878E+01    0.5889304178E+04      3285000           0.6664195670E+03
    0.2451786436E+01          0.2450249108E+01    0.1321399288E+01    0.1319861961E+01    0.5910829015E+04      3270000           0.6687911669E+03
    0.2453318340E+01          0.2451786436E+01    0.1321441321E+01    0.1319909416E+01    0.5932363528E+04      3255000           0.6711627667E+03
    0.2454844860E+01          0.2453318340E+01    0.1321483146E+01    0.1319956626E+01    0.5953899316E+04      3240000           0.6735343666E+03
    0.2456366033E+01          0.2454844860E+01    0.1321524687E+01    0.1320003514E+01    0.5975435282E+04      3225000           0.6759059665E+03
    0.2457881897E+01          0.2456366033E+01    0.1321566876E+01    0.1320051012E+01    0.5996984256E+04      3210000           0.6782775664E+03
    0.2459392488E+01          0.2457881897E+01    0.1321608482E+01    0.1320097891E+01    0.6018529298E+04      3195000           0.6806491663E+03
    0.2460897843E+01          0.2459392488E+01    0.1321650107E+01    0.1320144752E+01    0.6040078669E+04      3180000           0.6830207662E+03
    0.2462397998E+01          0.2460897843E+01    0.1321691989E+01    0.1320191834E+01    0.6061635701E+04      3165000           0.6853923660E+03
    0.2463892989E+01          0.2462397998E+01    0.1321733313E+01    0.1320238322E+01    0.6083189012E+04      3150000           0.6877639659E+03
    0.2465382851E+01          0.2463892989E+01    0.1321774427E+01    0.1320284565E+01    0.6104743434E+04      3135000           0.6901355658E+03
    0.2466867620E+01          0.2465382851E+01    0.1321815049E+01    0.1320330280E+01    0.6126294922E+04      3120000           0.6925071657E+03
    0.2468347330E+01          0.2466867620E+01    0.1321855380E+01    0.1320375670E+01    0.6147846281E+04      3105000           0.6948787656E+03
    0.2469822016E+01          0.2468347330E+01    0.1321895387E+01    0.1320420701E+01    0.6169396987E+04      3090000           0.6972503655E+03
    0.2471291711E+01          0.2469822016E+01    0.1321934593E+01    0.1320464898E+01    0.6190940201E+04      3075000           0.6996219653E+03
    0.2472756449E+01          0.2471291711E+01    0.1321973597E+01    0.1320508859E+01    0.6212484353E+04      3060000           0.7019935652E+03
    0.2474216264E+01          0.2472756449E+01    0.1322011504E+01    0.1320551689E+01    0.6234016586E+04      3045000           0.7043651651E+03
    0.2475671188E+01          0.2474216264E+01    0.1322048775E+01    0.1320593851E+01    0.6255543368E+04      3030000           0.7067367650E+03
    0.2477121255E+01          0.2475671188E+01    0.1322085035E+01    0.1320634969E+01    0.6277059183E+04      3015000           0.7091083649E+03
    0.2478566496E+01          0.2477121255E+01    0.1322120654E+01    0.1320675413E+01    0.6298569250E+04      3000000           0.7114799648E+03
    0.2480006943E+01          0.2478566496E+01    0.1322155453E+01    0.1320715005E+01    0.6320070870E+04      2985000           0.7138515646E+03
    0.2481442629E+01          0.2480006943E+01    0.1322189614E+01    0.1320753929E+01    0.6341566590E+04      2970000           0.7162231645E+03
    0.2482873584E+01          0.2481442629E+01    0.1322222530E+01    0.1320791574E+01    0.6363047395E+04      2955000           0.7185947644E+03
    0.2484299839E+01          0.2482873584E+01    0.1322254283E+01    0.1320828027E+01    0.6384514341E+04      2940000           0.7209663643E+03
    0.2485721426E+01          0.2484299839E+01    0.1322285034E+01    0.1320863447E+01    0.6405969606E+04      2925000           0.7233379642E+03
    0.2487138375E+01          0.2485721426E+01    0.1322315189E+01    0.1320898240E+01    0.6427419042E+04      2910000           0.7257095640E+03
    0.2488550717E+01          0.2487138375E+01    0.1322345279E+01    0.1320932938E+01    0.6448870477E+04      2895000           0.7280811639E+03
    0.2489958479E+01          0.2488550717E+01    0.1322375575E+01    0.1320967812E+01    0.6470327919E+04      2880000           0.7304527638E+03
    0.2491361694E+01          0.2489958479E+01    0.1322407074E+01    0.1321003860E+01    0.6491806310E+04      2865000           0.7328243637E+03
    0.2492760389E+01          0.2491361694E+01    0.1322438925E+01    0.1321040230E+01    0.6513293055E+04      2850000           0.7351959636E+03
    0.2494154594E+01          0.2492760389E+01    0.1322471896E+01    0.1321077691E+01    0.6534799764E+04      2835000           0.7375675635E+03
    0.2495544338E+01          0.2494154594E+01    0.1322505119E+01    0.1321115376E+01    0.6556313523E+04      2820000           0.7399391633E+03
    0.2496929648E+01          0.2495544338E+01    0.1322539772E+01    0.1321154462E+01    0.6577852182E+04      2805000           0.7423107632E+03
    0.2498310554E+01          0.2496929648E+01    0.1322575167E+01    0.1321194261E+01    0.6599405508E+04      2790000           0.7446823631E+03
    0.2499687083E+01          0.2498310554E+01    0.1322611085E+01    0.1321234556E+01    0.6620970284E+04      2775000           0.7470539630E+03
    0.2501059262E+01          0.2499687083E+01    0.1322646941E+01    0.1321274762E+01    0.6642537639E+04      2760000           0.7494255629E+03
    0.2502427120E+01          0.2501059262E+01    0.1322683655E+01    0.1321315797E+01    0.6664121657E+04      2745000           0.7517971628E+03
    0.2503790683E+01          0.2502427120E+01    0.1322720226E+01    0.1321356663E+01    0.6685707094E+04      2730000           0.7541687626E+03
    0.2505149978E+01          0.2503790683E+01    0.1322756661E+01    0.1321397366E+01    0.6707294015E+04      2715000           0.7565403625E+03
    0.2506505032E+01          0.2505149978E+01    0.1322793537E+01    0.1321438483E+01    0.6728891340E+04      2700000           0.7589119624E+03
    0.2507855872E+01          0.2506505032E+01    0.1322830372E+01    0.1321479533E+01    0.6750491652E+04      2685000           0.7612835623E+03
    0.2509202522E+01          0.2507855872E+01    0.1322867432E+01    0.1321520782E+01    0.6772099087E+04      2670000           0.7636551622E+03
    0.2510545010E+01          0.2509202522E+01    0.1322904796E+01    0.1321562308E+01    0.6793714907E+04      2655000           0.7660267620E+03
    0.2511883361E+01          0.2510545010E+01    0.1322942314E+01    0.1321603964E+01    0.6815336829E+04      2640000           0.7683983619E+03
    0.2513217600E+01          0.2511883361E+01    0.1322979870E+01    0.1321645631E+01    0.6836963022E+04      2625000           0.7707699618E+03
    0.2514547753E+01          0.2513217600E+01    0.1323017173E+01    0.1321687021E+01    0.6858588916E+04      2610000           0.7731415617E+03
    0.2515873844E+01          0.2514547753E+01    0.1323053885E+01    0.1321727793E+01    0.6880209098E+04      2595000           0.7755131616E+03
    0.2517195898E+01          0.2515873844E+01    0.1323090796E+01    0.1321768742E+01    0.6901836069E+04      2580000           0.7778847615E+03
    0.2518513940E+01          0.2517195898E+01    0.1323128307E+01    0.1321810265E+01    0.6923476227E+04      2565000           0.7802563613E+03
    0.2519827994E+01          0.2518513940E+01    0.1323165985E+01    0.1321851931E+01    0.6945122739E+04      2550000           0.7826279612E+03
    0.2521138084E+01          0.2519827994E+01    0.1323204243E+01    0.1321894153E+01    0.6966782256E+04      2535000           0.7849995611E+03
    0.2522444234E+01          0.2521138084E+01    0.1323242528E+01    0.1321936378E+01    0.6988445972E+04      2520000           0.7873711610E+03
    0.2523746467E+01          0.2522444234E+01    0.1323281336E+01    0.1321979103E+01    0.7010121895E+04      2505000           0.7897427609E+03
    0.2525044807E+01          0.2523746467E+01    0.1323320773E+01    0.1322022433E+01    0.7031811825E+04      2490000           0.7921143608E+03
    0.2526339277E+01          0.2525044807E+01    0.1323359711E+01    0.1322065241E+01    0.7053497523E+04      2475000           0.7944859606E+03
    0.2527629901E+01          0.2526339277E+01    0.1323399419E+01    0.1322108795E+01    0.7075199599E+04      2460000           0.7968575605E+03
    0.2528916700E+01          0.2527629901E+01    0.1323439685E+01    0.1322152886E+01    0.7096914713E+04      2445000           0.7992291604E+03
    0.2530199698E+01          0.2528916700E+01    0.1323480410E+01    0.1322197412E+01    0.7118641302E+04      2430000           0.8016007603E+03
    0.2531478917E+01          0.2530199698E+01    0.1323521026E+01    0.1322241807E+01    0.7140370125E+04      2415000           0.8039723602E+03
    0.2532754379E+01          0.2531478917E+01    0.1323561449E+01    0.1322285987E+01    0.7162099765E+04      2400000           0.8063439601E+03
    0.2534026106E+01          0.2532754379E+01    0.1323602389E+01    0.1322330662E+01    0.7183841941E+04      2385000           0.8087155599E+03
    0.2535294120E+01          0.2534026106E+01    0.1323643001E+01    0.1322374987E+01    0.7205582702E+04      2370000           0.8110871598E+03
    0.2536558443E+01          0.2535294120E+01    0.1323684562E+01    0.1322420240E+01    0.7227343268E+04      2355000           0.8134587597E+03
    0.2537819095E+01          0.2536558443E+01    0.1323726076E+01    0.1322465423E+01    0.7249107134E+04      2340000           0.8158303596E+03
    0.2539076099E+01          0.2537819095E+01    0.1323768325E+01    0.1322511321E+01    0.7270887414E+04      2325000           0.8182019595E+03
    0.2540329475E+01          0.2539076099E+01    0.1323811269E+01    0.1322557893E+01    0.7292683532E+04      2310000           0.8205735593E+03
    0.2541579244E+01          0.2540329475E+01    0.1323854919E+01    0.1322605150E+01    0.7314495782E+04      2295000           0.8229451592E+03
    0.2542825427E+01          0.2541579244E+01    0.1323899568E+01    0.1322653385E+01    0.7336329213E+04      2280000           0.8253167591E+03
    0.2544068044E+01          0.2542825427E+01    0.1323944967E+01    0.1322702349E+01    0.7358179765E+04      2265000           0.8276883590E+03
    0.2545307116E+01          0.2544068044E+01    0.1323991278E+01    0.1322752206E+01    0.7380050303E+04      2250000           0.8300599589E+03
    0.2546542663E+01          0.2545307116E+01    0.1324038897E+01    0.1322803350E+01    0.7401947716E+04      2235000           0.8324315588E+03
    0.2547774705E+01          0.2546542663E+01    0.1324087895E+01    0.1322855853E+01    0.7423873425E+04      2220000           0.8348031586E+03
    0.2549003262E+01          0.2547774705E+01    0.1324137877E+01    0.1322909320E+01    0.7445820844E+04      2205000           0.8371747585E+03
    0.2550228353E+01          0.2549003262E+01    0.1324189649E+01    0.1322964558E+01    0.7467804009E+04      2190000           0.8395463584E+03
    0.2551449998E+01          0.2550228353E+01    0.1324242169E+01    0.1323020524E+01    0.7489805200E+04      2175000           0.8419179583E+03
    0.2552668216E+01          0.2551449998E+01    0.1324297293E+01    0.1323079075E+01    0.7511856640E+04      2160000           0.8442895582E+03
    0.2553883027E+01          0.2552668216E+01    0.1324353053E+01    0.1323138242E+01    0.7533924586E+04      2145000           0.8466611581E+03
    0.2555094449E+01          0.2553883027E+01    0.1324409574E+01    0.1323198152E+01    0.7556011332E+04      2130000           0.8490327579E+03
    0.2556302501E+01          0.2555094449E+01    0.1324467127E+01    0.1323259075E+01    0.7578121709E+04      2115000           0.8514043578E+03
    0.2557507202E+01          0.2556302501E+01    0.1324525020E+01    0.1323320319E+01    0.7600243753E+04      2100000           0.8537759577E+03
    0.2558708571E+01          0.2557507202E+01    0.1324583954E+01    0.1323382585E+01    0.7622389827E+04      2085000           0.8561475576E+03
    0.2559906625E+01          0.2558708571E+01    0.1324643108E+01    0.1323445053E+01    0.7644545650E+04      2070000           0.8585191575E+03
    0.2561101384E+01          0.2559906625E+01    0.1324703482E+01    0.1323508724E+01    0.7666728910E+04      2055000           0.8608907574E+03
    0.2562292864E+01          0.2561101384E+01    0.1324763938E+01    0.1323572458E+01    0.7688919643E+04      2040000           0.8632623572E+03
    0.2563481085E+01          0.2562292864E+01    0.1324825401E+01    0.1323637180E+01    0.7711134276E+04      2025000           0.8656339571E+03
    0.2564666064E+01          0.2563481085E+01    0.1324887602E+01    0.1323702623E+01    0.7733368188E+04      2010000           0.8680055570E+03
    0.2565847819E+01          0.2564666064E+01    0.1324949501E+01    0.1323767747E+01    0.7755602916E+04      1995000           0.8703771569E+03
    0.2567026366E+01          0.2565847819E+01    0.1325011671E+01    0.1323833124E+01    0.7777848686E+04      1980000           0.8727487568E+03
    0.2568201724E+01          0.2567026366E+01    0.1325073616E+01    0.1323898258E+01    0.7800096619E+04      1965000           0.8751203566E+03
    0.2569373910E+01          0.2568201724E+01    0.1325135327E+01    0.1323963141E+01    0.7822346526E+04      1950000           0.8774919565E+03
    0.2570542940E+01          0.2569373910E+01    0.1325196960E+01    0.1324027930E+01    0.7844601200E+04      1935000           0.8798635564E+03
    0.2571708832E+01          0.2570542940E+01    0.1325258101E+01    0.1324092209E+01    0.7866853102E+04      1920000           0.8822351563E+03
    0.2572871602E+01          0.2571708832E+01    0.1325319873E+01    0.1324157103E+01    0.7889122598E+04      1905000           0.8846067562E+03
    0.2574031268E+01          0.2572871602E+01    0.1325381996E+01    0.1324222330E+01    0.7911404647E+04      1890000           0.8869783561E+03
    0.2575187845E+01          0.2574031268E+01    0.1325444152E+01    0.1324287575E+01    0.7933693527E+04      1875000           0.8893499559E+03
    0.2576341350E+01          0.2575187845E+01    0.1325506224E+01    0.1324352719E+01    0.7955987078E+04      1860000           0.8917215558E+03
    0.2577491800E+01          0.2576341350E+01    0.1325568005E+01    0.1324417556E+01    0.7978281497E+04      1845000           0.8940931557E+03
    0.2578639210E+01          0.2577491800E+01    0.1325629299E+01    0.1324481889E+01    0.8000573128E+04      1830000           0.8964647556E+03
    0.2579783597E+01          0.2578639210E+01    0.1325690593E+01    0.1324546206E+01    0.8022870878E+04      1815000           0.8988363555E+03
    0.2580924976E+01          0.2579783597E+01    0.1325749905E+01    0.1324608526E+01    0.8045138061E+04      1800000           0.9012079554E+03
    0.2582063363E+01          0.2580924976E+01    0.1325809475E+01    0.1324671088E+01    0.8067415970E+04      1785000           0.9035795552E+03
    0.2583198774E+01          0.2582063363E+01    0.1325866941E+01    0.1324731530E+01    0.8089660651E+04      1770000           0.9059511551E+03
    0.2584331224E+01          0.2583198774E+01    0.1325924366E+01    0.1324791916E+01    0.8111910314E+04      1755000           0.9083227550E+03
    0.2585460730E+01          0.2584331224E+01    0.1325980295E+01    0.1324850790E+01    0.8134137684E+04      1740000           0.9106943549E+03
    0.2586587305E+01          0.2585460730E+01    0.1326035346E+01    0.1324908771E+01    0.8156354162E+04      1725000           0.9130659548E+03
    0.2587710965E+01          0.2586587305E+01    0.1326088632E+01    0.1324964971E+01    0.8178542908E+04      1710000           0.9154375546E+03
    0.2588831726E+01          0.2587710965E+01    0.1326141404E+01    0.1325020644E+01    0.8200727274E+04      1695000           0.9178091545E+03
    0.2589949601E+01          0.2588831726E+01    0.1326191913E+01    0.1325074038E+01    0.8222874067E+04      1680000           0.9201807544E+03
    0.2591064607E+01          0.2589949601E+01    0.1326240285E+01    0.1325125279E+01    0.8244985315E+04      1665000           0.9225523543E+03
    0.2592176757E+01          0.2591064607E+01    0.1326288042E+01    0.1325175892E+01    0.8267089683E+04      1650000           0.9249239542E+03
    0.2593286067E+01          0.2592176757E+01    0.1326333792E+01    0.1325224482E+01    0.8289160508E+04      1635000           0.9272955541E+03
    0.2594392550E+01          0.2593286067E+01    0.1326379042E+01    0.1325272558E+01    0.8311226320E+04      1620000           0.9296671539E+03
    0.2595496222E+01          0.2594392550E+01    0.1326422006E+01    0.1325318334E+01    0.8333252781E+04      1605000           0.9320387538E+03
    0.2596597096E+01          0.2595496222E+01    0.1326465282E+01    0.1325364409E+01    0.8355289540E+04      1590000           0.9344103537E+03
    0.2597695186E+01          0.2596597096E+01    0.1326505056E+01    0.1325406966E+01    0.8377263035E+04      1575000           0.9367819536E+03
    0.2598790507E+01          0.2597695186E+01    0.1326544003E+01    0.1325448683E+01    0.8399224497E+04      1560000           0.9391535535E+03
    0.2599883072E+01          0.2598790507E+01    0.1326580541E+01    0.1325487976E+01    0.8421143108E+04      1545000           0.9415251534E+03
    0.2600972896E+01          0.2599883072E+01    0.1326615659E+01    0.1325525836E+01    0.8443037756E+04      1530000           0.9438967532E+03
    0.2602059991E+01          0.2600972896E+01    0.1326649249E+01    0.1325562153E+01    0.8464906095E+04      1515000           0.9462683531E+03
    0.2603144373E+01          0.2602059991E+01    0.1326683717E+01    0.1325599336E+01    0.8486794928E+04      1500000           0.9486399530E+03
    0.2604226053E+01          0.2603144373E+01    0.1326717560E+01    0.1325635879E+01    0.8508674939E+04      1485000           0.9510115529E+03
    0.2605305046E+01          0.2604226053E+01    0.1326750823E+01    0.1325671829E+01    0.8530546912E+04      1470000           0.9533831528E+03
    0.2606381365E+01          0.2605305046E+01    0.1326784515E+01    0.1325708196E+01    0.8552430650E+04      1455000           0.9557547527E+03
    0.2607455023E+01          0.2606381365E+01    0.1326817927E+01    0.1325744269E+01    0.8574312198E+04      1440000           0.9581263525E+03
    0.2608526034E+01          0.2607455023E+01    0.1326852691E+01    0.1325781681E+01    0.8596223818E+04      1425000           0.9604979524E+03
    0.2609594409E+01          0.2608526034E+01    0.1326887444E+01    0.1325819068E+01    0.8618138658E+04      1410000           0.9628695523E+03
    0.2610660163E+01          0.2609594409E+01    0.1326922584E+01    0.1325856830E+01    0.8640064667E+04      1395000           0.9652411522E+03
    0.2611723308E+01          0.2610660163E+01    0.1326957199E+01    0.1325894054E+01    0.8661983699E+04      1380000           0.9676127521E+03
    0.2612783857E+01          0.2611723308E+01    0.1326992035E+01    0.1325931487E+01    0.8683910593E+04      1365000           0.9699843519E+03
    0.2613841822E+01          0.2612783857E+01    0.1327026830E+01    0.1325968864E+01    0.8705840103E+04      1350000           0.9723559518E+03
    0.2614897216E+01          0.2613841822E+01    0.1327063252E+01    0.1326007858E+01    0.8727805794E+04      1335000           0.9747275517E+03
    0.2615950052E+01          0.2614897216E+01    0.1327099964E+01    0.1326047128E+01    0.8749780937E+04      1320000           0.9770991516E+03
    0.2617000341E+01          0.2615950052E+01    0.1327138439E+01    0.1326088149E+01    0.8771795338E+04      1305000           0.9794707515E+03
    0.2618048097E+01          0.2617000341E+01    0.1327176188E+01    0.1326128432E+01    0.8793798880E+04      1290000           0.9818423514E+03
    0.2619093331E+01          0.2618048097E+01    0.1327211888E+01    0.1326166654E+01    0.8815764596E+04      1275000           0.9842139512E+03
    0.2620136055E+01          0.2619093331E+01    0.1327246288E+01    0.1326203563E+01    0.8837707389E+04      1260000           0.9865855511E+03
    0.2621176282E+01          0.2620136055E+01    0.1327279347E+01    0.1326239120E+01    0.8859626266E+04      1245000           0.9889571510E+03
    0.2622214023E+01          0.2621176282E+01    0.1327313116E+01    0.1326275374E+01    0.8881562931E+04      1230000           0.9913287509E+03
    0.2623249290E+01          0.2622214023E+01    0.1327345105E+01    0.1326309838E+01    0.8903466478E+04      1215000           0.9937003508E+03
    0.2624282096E+01          0.2623249290E+01    0.1327376533E+01    0.1326343728E+01    0.8925361673E+04      1200000           0.9960719507E+03
    0.2625312451E+01          0.2624282096E+01    0.1327407522E+01    0.1326377167E+01    0.8947250943E+04      1185000           0.9984435505E+03
    0.2626340367E+01          0.2625312451E+01    0.1327438294E+01    0.1326410377E+01    0.8969138796E+04      1170000           0.1000815150E+04
    0.2627365857E+01          0.2626340367E+01    0.1327467546E+01    0.1326442057E+01    0.8990998251E+04      1155000           0.1003186750E+04
    0.2628388930E+01          0.2627365857E+01    0.1327496065E+01    0.1326472992E+01    0.9012845409E+04      1140000           0.1005558350E+04
    0.2629409599E+01          0.2628388930E+01    0.1327524834E+01    0.1326504165E+01    0.9034700579E+04      1125000           0.1007929950E+04
    0.2630427875E+01          0.2629409599E+01    0.1327553181E+01    0.1326534906E+01    0.9056549822E+04      1110000           0.1010301550E+04
    0.2631443769E+01          0.2630427875E+01    0.1327582937E+01    0.1326567043E+01    0.9078431315E+04      1095000           0.1012673150E+04
    0.2632457292E+01          0.2631443769E+01    0.1327610573E+01    0.1326597050E+01    0.9100271354E+04      1080000           0.1015044750E+04
    0.2633468456E+01          0.2632457292E+01    0.1327638019E+01    0.1326626856E+01    0.9122110138E+04      1065000           0.1017416350E+04
    0.2634477270E+01          0.2633468456E+01    0.1327663876E+01    0.1326655061E+01    0.9143918185E+04      1050000           0.1019787949E+04
    0.2635483747E+01          0.2634477270E+01    0.1327689730E+01    0.1326683254E+01    0.9165728746E+04      1035000           0.1022159549E+04
    0.2636487896E+01          0.2635483747E+01    0.1327714849E+01    0.1326710700E+01    0.9187526318E+04      1020000           0.1024531149E+04
    0.2637489730E+01          0.2636487896E+01    0.1327740557E+01    0.1326738724E+01    0.9209338872E+04      1005000           0.1026902749E+04
    0.2638489257E+01          0.2637489730E+01    0.1327766673E+01    0.1326767146E+01    0.9231162640E+04       990000           0.1029274349E+04
    0.2639486489E+01          0.2638489257E+01    0.1327792073E+01    0.1326794841E+01    0.9252973751E+04       975000           0.1031645949E+04
    0.2640481437E+01          0.2639486489E+01    0.1327817330E+01    0.1326822382E+01    0.9274784317E+04       960000           0.1034017549E+04
    0.2641474111E+01          0.2640481437E+01    0.1327841743E+01    0.1326849069E+01    0.9296579331E+04       945000           0.1036389149E+04
    0.2642464520E+01          0.2641474111E+01    0.1327864812E+01    0.1326874402E+01    0.9318347927E+04       930000           0.1038760749E+04
    0.2643452676E+01          0.2642464520E+01    0.1327887007E+01    0.1326898850E+01    0.9340100019E+04       915000           0.1041132348E+04
    0.2644438589E+01          0.2643452676E+01    0.1327908081E+01    0.1326922168E+01    0.9361830155E+04       900000           0.1043503948E+04
    0.2645422269E+01          0.2644438589E+01    0.1327928773E+01    0.1326945094E+01    0.9383554114E+04       885000           0.1045875548E+04
    0.2646403726E+01          0.2645422269E+01    0.1327946284E+01    0.1326964827E+01    0.9405211213E+04       870000           0.1048247148E+04
    0.2647382970E+01          0.2646403726E+01    0.1327961506E+01    0.1326982262E+01    0.9426820381E+04       855000           0.1050618748E+04
    0.2648360011E+01          0.2647382970E+01    0.1327975523E+01    0.1326998483E+01    0.9448404843E+04       840000           0.1052990348E+04
    0.2649334859E+01          0.2648360011E+01    0.1327987184E+01    0.1327012336E+01    0.9469939290E+04       825000           0.1055361948E+04
    0.2650307523E+01          0.2649334859E+01    0.1327995936E+01    0.1327023272E+01    0.9491411330E+04       810000           0.1057733548E+04
    0.2651278014E+01          0.2650307523E+01    0.1328003593E+01    0.1327033102E+01    0.9512860241E+04       795000           0.1060105147E+04
    0.2652246341E+01          0.2651278014E+01    0.1328009349E+01    0.1327041022E+01    0.9534268171E+04       780000           0.1062476747E+04
    0.2653212514E+01          0.2652246341E+01    0.1328011848E+01    0.1327045675E+01    0.9555605003E+04       765000           0.1064848347E+04
    0.2654176542E+01          0.2653212514E+01    0.1328012782E+01    0.1327048754E+01    0.9576907576E+04       750000           0.1067219947E+04
    0.2655138435E+01          0.2654176542E+01    0.1328010896E+01    0.1327049003E+01    0.9598147909E+04       735000           0.1069591547E+04
    0.2656098202E+01          0.2655138435E+01    0.1328008826E+01    0.1327049058E+01    0.9619383969E+04       720000           0.1071963147E+04
    0.2657055853E+01          0.2656098202E+01    0.1328006294E+01    0.1327048644E+01    0.9640609603E+04       705000           0.1074334747E+04
    0.2658011397E+01          0.2657055853E+01    0.1328003828E+01    0.1327048284E+01    0.9661836428E+04       690000           0.1076706347E+04
    0.2658964843E+01          0.2658011397E+01    0.1328001476E+01    0.1327048030E+01    0.9683065569E+04       675000           0.1079077947E+04
    0.2659916200E+01          0.2658964843E+01    0.1327997879E+01    0.1327046521E+01    0.9704266646E+04       660000           0.1081449546E+04
    0.2660865478E+01          0.2659916200E+01    0.1327990930E+01    0.1327041652E+01    0.9725392328E+04       645000           0.1083821146E+04
    0.2661812686E+01          0.2660865478E+01    0.1327985731E+01    0.1327038524E+01    0.9746556601E+04       630000           0.1086192746E+04
    0.2662757832E+01          0.2661812686E+01    0.1327979118E+01    0.1327033972E+01    0.9767688554E+04       615000           0.1088564346E+04
    0.2663700925E+01          0.2662757832E+01    0.1327975028E+01    0.1327031935E+01    0.9788876739E+04       600000           0.1090935946E+04
    0.2664641976E+01          0.2663700925E+01    0.1327969457E+01    0.1327028407E+01    0.9810031066E+04       585000           0.1093307546E+04
    0.2665580991E+01          0.2664641976E+01    0.1327962954E+01    0.1327023938E+01    0.9831163741E+04       570000           0.1095679146E+04
    0.2666517981E+01          0.2665580991E+01    0.1327955647E+01    0.1327018657E+01    0.9852277548E+04       555000           0.1098050746E+04
    0.2667452953E+01          0.2666517981E+01    0.1327947147E+01    0.1327012175E+01    0.9873363526E+04       540000           0.1100422345E+04
    0.2668385917E+01          0.2667452953E+01    0.1327938745E+01    0.1327005781E+01    0.9894450903E+04       525000           0.1102793945E+04
    0.2669316881E+01          0.2668385917E+01    0.1327929930E+01    0.1326998966E+01    0.9915528033E+04       510000           0.1105165545E+04
    0.2670245853E+01          0.2669316881E+01    0.1327918656E+01    0.1326989683E+01    0.9936548032E+04       495000           0.1107537145E+04
    0.2671172843E+01          0.2670245853E+01    0.1327909312E+01    0.1326982322E+01    0.9957611201E+04       480000           0.1109908745E+04
    0.2672097858E+01          0.2671172843E+01    0.1327894319E+01    0.1326969304E+01    0.9978543658E+04       465000           0.1112280345E+04
    0.2673020907E+01          0.2672097858E+01    0.1327877819E+01    0.1326954770E+01    0.9999439950E+04       450000           0.1114651945E+04
    0.2673941999E+01          0.2673020907E+01    0.1327858499E+01    0.1326937408E+01    0.1002026960E+05       435000           0.1117023545E+04
    0.2674861141E+01          0.2673941999E+01    0.1327837819E+01    0.1326918677E+01    0.1004106591E+05       420000           0.1119395145E+04
    0.2675778342E+01          0.2674861141E+01    0.1327817911E+01    0.1326900710E+01    0.1006187810E+05       405000           0.1121766744E+04
    0.2676693610E+01          0.2675778342E+01    0.1327801218E+01    0.1326885950E+01    0.1008276302E+05       390000           0.1124138344E+04
    0.2677606953E+01          0.2676693610E+01    0.1327780974E+01    0.1326867630E+01    0.1010356368E+05       375000           0.1126509944E+04
    0.2678518379E+01          0.2677606953E+01    0.1327761990E+01    0.1326850564E+01    0.1012439179E+05       360000           0.1128881544E+04
    0.2679427897E+01          0.2678518379E+01    0.1327741585E+01    0.1326832067E+01    0.1014518483E+05       345000           0.1131253144E+04
    0.2680335513E+01          0.2679427897E+01    0.1327723128E+01    0.1326815511E+01    0.1016602152E+05       330000           0.1133624744E+04
    0.2681241237E+01          0.2680335513E+01    0.1327705186E+01    0.1326799462E+01    0.1018686848E+05       315000           0.1135996344E+04
    0.2682145076E+01          0.2681241237E+01    0.1327693729E+01    0.1326789890E+01    0.1020786615E+05       300000           0.1138367944E+04
    0.2683047038E+01          0.2682145076E+01    0.1327681035E+01    0.1326779074E+01    0.1022883356E+05       285000           0.1140739543E+04
    0.2683947131E+01          0.2683047038E+01    0.1327667659E+01    0.1326767566E+01    0.1024978362E+05       270000           0.1143111143E+04
    0.2684845362E+01          0.2683947131E+01    0.1327651192E+01    0.1326752961E+01    0.1027065930E+05       255000           0.1145482743E+04
    0.2685741739E+01          0.2684845362E+01    0.1327633460E+01    0.1326737083E+01    0.1029150339E+05       240000           0.1147854343E+04
    0.2686636269E+01          0.2685741739E+01    0.1327614899E+01    0.1326720369E+01    0.1031232610E+05       225000           0.1150225943E+04
    0.2687528961E+01          0.2686636269E+01    0.1327583122E+01    0.1326690431E+01    0.1033283256E+05       210000           0.1152597543E+04
    0.2688419822E+01          0.2687528961E+01    0.1327554253E+01    0.1326663392E+01    0.1035340527E+05       195000           0.1154969143E+04
    0.2689308859E+01          0.2688419822E+01    0.1327521499E+01    0.1326632462E+01    0.1037388241E+05       180000           0.1157340743E+04
    0.2690196080E+01          0.2689308859E+01    0.1327478213E+01    0.1326590992E+01    0.1039410433E+05       165000           0.1159712343E+04
    0.2691081492E+01          0.2690196080E+01    0.1327434544E+01    0.1326549132E+01    0.1041431295E+05       150000           0.1162083942E+04
    0.2691965103E+01          0.2691081492E+01    0.1327379118E+01    0.1326495508E+01    0.1043423492E+05       135000           0.1164455542E+04
    0.2692846919E+01          0.2691965103E+01    0.1327337771E+01    0.1326455955E+01    0.1045449054E+05       120000           0.1166827142E+04
    0.2693726949E+01          0.2692846919E+01    0.1327289150E+01    0.1326409121E+01    0.1047456677E+05       105000           0.1169198742E+04
    0.2694605199E+01          0.2693726949E+01    0.1327231090E+01    0.1326352840E+01    0.1049441027E+05        90000           0.1171570342E+04
    0.2695481676E+01          0.2694605199E+01    0.1327168935E+01    0.1326292458E+01    0.1051414916E+05        75000           0.1173941942E+04
    0.2696356389E+01          0.2695481676E+01    0.1327110664E+01    0.1326235952E+01    0.1053397639E+05        60000           0.1176313542E+04
    0.2697229343E+01          0.2696356389E+01    0.1327073634E+01    0.1326200680E+01    0.1055431429E+05        45000           0.1178685142E+04
    0.2698100546E+01          0.2697229343E+01    0.1327036662E+01    0.1326165459E+01    0.1057465007E+05        30000           0.1181056741E+04
    0.2698970004E+01          0.2698100546E+01    0.1326950904E+01    0.1326081445E+01    0.1059379219E+05        15000           0.1183428341E+04
