# /home/jramos/Programacion/hmeyer/yasp_cJ/src/cmake-build-debug/rdf_all VERSION2.2 28JAN2003 HM
# INTRA-molecular RDF - 17 particles per molecule
# R g_in(R) integral N (histogram of intrachain distances)
# weed=1 maxmean=99999 #frames=11 #particles=170
cJ: 202258.8184
# norm=0.0293423 norm2=nfr*nmol=0.00909091 ns*(ns-1)=28730//316030
0.1 0 0 0 0 0 0 0 0 0 0 0 0 0 0 0 0 0 0 0
0.3 0 0 0 0 0 0 0 0 0 0 0 0 0 0 0 0 0 0 0
0.5 0 0 0 0 0 0 0 0 0 0 0 0 0 0 0 0 0 0 0
0.7 0 0 0 0 0 0 0 0 0 0 0 0 0 0 0 0 0 0 0
0.9 6.253283163 0.01181818182 104 0.945455 0 0 0 0 0 0 0 0 0 0 0 0 0 0 0
1.1 38.16921053 0.1194318182 947 3.91818 4.69091 0 0 0 0 0 0 0 0 0 0 0 0 0 0
1.3 3.610030596 0.1336363636 125 1.13636 0 0 0 0 0 0 0 0 0 0 0 0 0 0 0
1.5 9.809713437 0.185 452 0.663636 0 3.44545 0 0 0 0 0 0 0 0 0 0 0 0 0
1.7 5.72986718 0.2235227273 339 2.80909 0 0.263636 0 0 0 0.00909091 0 0 0 0 0 0 0 0 0
1.9 4.358039593 0.2601136364 322 1.3 1.1 0.227273 0.109091 0.145455 0.00909091 0.00909091 0 0.00909091 0.00909091 0 0.00909091 0 0 0 0
2.1 14.56035495 0.4094318182 1314 3 3.37273 1.00909 2.19091 2.2 0.1 0.0272727 0 0.0181818 0.0272727 0 0 0 0 0 0
2.3 7.963818429 0.5073863636 862 0.854545 1.28182 1.33636 2.41818 1.34545 0.236364 0.127273 0.0545455 0.109091 0.0636364 0 0.00909091 0 0 0 0
2.5 7.695322875 0.6192045455 984 0 0.972727 1.85455 2.26364 0.781818 2.22727 0.381818 0.236364 0.118182 0.0636364 0.00909091 0.0272727 0 0 0.00909091 0
2.7 6.222504804 0.7246590909 928 0 0.645455 0.863636 1.40909 1.46364 1.90909 1.01818 0.790909 0.209091 0.0636364 0.0636364 0 0 0 0 0
2.9 4.74894662 0.8175 817 0 0.5 1.16364 1.19091 1.27273 0.654545 1.30909 0.918182 0.172727 0.136364 0.0818182 0.00909091 0.0181818 0 0 0
3.1 3.911971352 0.9048863636 769 0 0.772727 2.00909 0.863636 0.681818 0.445455 0.963636 0.563636 0.318182 0.172727 0.163636 0.00909091 0.0181818 0 0 0.00909091
3.3 1.840629554 0.9514772727 410 0 0.1 0.190909 0.2 0.472727 0.790909 0.545455 0.436364 0.645455 0.163636 0.118182 0.0181818 0.0181818 0.0272727 0 0
3.5 1.899748158 1.005568182 476 0 0 0 0.572727 0.672727 0.554545 0.890909 0.9 0.336364 0.281818 0.0818182 0.0181818 0.00909091 0 0.00909091 0
3.7 1.367832508 1.049090909 383 0 0 0 0.0272727 0.481818 0.690909 1.1 0.390909 0.290909 0.263636 0.163636 0.0636364 0.00909091 0 0 0
3.9 1.427256128 1.099545455 444 0 0 0 0 0.381818 0.863636 0.727273 0.481818 0.936364 0.290909 0.2 0.0545455 0.0727273 0.0272727 0 0
4.1 1.02965745 1.139772727 354 0 0 0 0 0.118182 0.354545 0.4 0.672727 0.7 0.472727 0.290909 0.127273 0.0272727 0.0363636 0.0181818 0
4.3 0.8779427834 1.1775 332 0 0 0 0 0.136364 0.263636 0.263636 0.527273 0.427273 0.618182 0.381818 0.145455 0.127273 0.1 0.00909091 0.0181818
4.5 0.7799187102 1.214204545 323 0 0 0 0 0.0727273 0.0454545 0.2 0.363636 0.436364 0.8 0.381818 0.363636 0.181818 0.0636364 0.0181818 0.00909091
4.7 0.7459538901 1.2525 337 0 0 0 0 0 0.00909091 0.172727 0.381818 0.5 0.590909 0.554545 0.472727 0.190909 0.1 0.0545455 0.0363636
4.9 0.547826653 1.283068182 269 0 0 0 0 0 0 0.0636364 0.218182 0.481818 0.545455 0.354545 0.381818 0.172727 0.127273 0.0636364 0.0363636
5.1 0.537666966 1.315568182 286 0 0 0 0 0 0 0 0.181818 0.272727 0.463636 0.618182 0.463636 0.336364 0.172727 0.0727273 0.0181818
5.3 0.386449749 1.340795455 222 0 0 0 0 0 0 0 0.0454545 0.1 0.218182 0.390909 0.409091 0.418182 0.272727 0.136364 0.0272727
5.5 0.2618696148 1.359204545 162 0 0 0 0 0 0 0 0.0454545 0.127273 0.109091 0.236364 0.209091 0.354545 0.236364 0.0818182 0.0727273
5.7 0.192645572 1.37375 128 0 0 0 0 0 0 0 0.0454545 0.0727273 0.0636364 0.136364 0.209091 0.3 0.181818 0.0909091 0.0636364
5.9 0.1531172839 1.386136364 109 0 0 0 0 0 0 0 0 0.00909091 0.0181818 0.109091 0.209091 0.309091 0.209091 0.0818182 0.0454545
6.1 0.1143310012 1.396022727 87 0 0 0 0 0 0 0 0 0 0.0181818 0.0727273 0.2 0.181818 0.109091 0.163636 0.0454545
6.3 0.09117115901 1.404431818 74 0 0 0 0 0 0 0 0 0 0 0.0818182 0.154545 0.127273 0.163636 0.1 0.0454545
6.5 0.05555505589 1.409886364 48 0 0 0 0 0 0 0 0 0 0 0.0454545 0.0272727 0.0454545 0.181818 0.0818182 0.0545455
6.7 0.04139473159 1.414204545 38 0 0 0 0 0 0 0 0 0 0 0.0454545 0.0636364 0.00909091 0.0545455 0.1 0.0727273
6.9 0.03492156173 1.418068182 34 0 0 0 0 0 0 0 0 0 0 0 0.0181818 0.0272727 0.0818182 0.127273 0.0545455
7.1 0.01552093557 1.419886364 16 0 0 0 0 0 0 0 0 0 0 0.00909091 0 0 0.00909091 0.0727273 0.0545455
7.3 0.01009399598 1.421136364 11 0 0 0 0 0 0 0 0 0 0 0 0 0 0.00909091 0.0727273 0.0181818
7.5 0.003477403258 1.421590909 4 0 0 0 0 0 0 0 0 0 0 0 0 0 0 0.0181818 0.0181818
7.7 0.00247433624 1.421931818 3 0 0 0 0 0 0 0 0 0 0 0 0 0 0 0.00909091 0.0181818
7.9 0 1.421931818 0 0 0 0 0 0 0 0 0 0 0 0 0 0 0 0 0
8.1 0.0007453345023 1.422045455 1 0 0 0 0 0 0 0 0 0 0 0 0 0 0 0 0.00909091
8.3 0 1.422045455 0 0 0 0 0 0 0 0 0 0 0 0 0 0 0 0 0
8.5 0 1.422045455 0 0 0 0 0 0 0 0 0 0 0 0 0 0 0 0 0
8.7 0 1.422045455 0 0 0 0 0 0 0 0 0 0 0 0 0 0 0 0 0
8.9 0 1.422045455 0 0 0 0 0 0 0 0 0 0 0 0 0 0 0 0 0
9.1 0 1.422045455 0 0 0 0 0 0 0 0 0 0 0 0 0 0 0 0 0
9.3 0 1.422045455 0 0 0 0 0 0 0 0 0 0 0 0 0 0 0 0 0
9.5 0 1.422045455 0 0 0 0 0 0 0 0 0 0 0 0 0 0 0 0 0
9.7 0 1.422045455 0 0 0 0 0 0 0 0 0 0 0 0 0 0 0 0 0
9.9 0 1.422045455 0 0 0 0 0 0 0 0 0 0 0 0 0 0 0 0 0
10.1 0 1.422045455 0 0 0 0 0 0 0 0 0 0 0 0 0 0 0 0 0
10.3 0 1.422045455 0 0 0 0 0 0 0 0 0 0 0 0 0 0 0 0 0
10.5 0 1.422045455 0 0 0 0 0 0 0 0 0 0 0 0 0 0 0 0 0
10.7 0 1.422045455 0 0 0 0 0 0 0 0 0 0 0 0 0 0 0 0 0
10.9 0 1.422045455 0 0 0 0 0 0 0 0 0 0 0 0 0 0 0 0 0
11.1 0 1.422045455 0 0 0 0 0 0 0 0 0 0 0 0 0 0 0 0 0
11.3 0 1.422045455 0 0 0 0 0 0 0 0 0 0 0 0 0 0 0 0 0
11.5 0 1.422045455 0 0 0 0 0 0 0 0 0 0 0 0 0 0 0 0 0
11.7 0 1.422045455 0 0 0 0 0 0 0 0 0 0 0 0 0 0 0 0 0
11.9 0 1.422045455 0 0 0 0 0 0 0 0 0 0 0 0 0 0 0 0 0
12.1 0 1.422045455 0 0 0 0 0 0 0 0 0 0 0 0 0 0 0 0 0
12.3 0 1.422045455 0 0 0 0 0 0 0 0 0 0 0 0 0 0 0 0 0
12.5 0 1.422045455 0 0 0 0 0 0 0 0 0 0 0 0 0 0 0 0 0
12.7 0 1.422045455 0 0 0 0 0 0 0 0 0 0 0 0 0 0 0 0 0
12.9 0 1.422045455 0 0 0 0 0 0 0 0 0 0 0 0 0 0 0 0 0
13.1 0 1.422045455 0 0 0 0 0 0 0 0 0 0 0 0 0 0 0 0 0
13.3 0 1.422045455 0 0 0 0 0 0 0 0 0 0 0 0 0 0 0 0 0
13.5 0 1.422045455 0 0 0 0 0 0 0 0 0 0 0 0 0 0 0 0 0
13.7 0 1.422045455 0 0 0 0 0 0 0 0 0 0 0 0 0 0 0 0 0
13.9 0 1.422045455 0 0 0 0 0 0 0 0 0 0 0 0 0 0 0 0 0
14.1 0 1.422045455 0 0 0 0 0 0 0 0 0 0 0 0 0 0 0 0 0
14.3 0 1.422045455 0 0 0 0 0 0 0 0 0 0 0 0 0 0 0 0 0
14.5 0 1.422045455 0 0 0 0 0 0 0 0 0 0 0 0 0 0 0 0 0
14.7 0 1.422045455 0 0 0 0 0 0 0 0 0 0 0 0 0 0 0 0 0
14.9 0 1.422045455 0 0 0 0 0 0 0 0 0 0 0 0 0 0 0 0 0
15.1 0 1.422045455 0 0 0 0 0 0 0 0 0 0 0 0 0 0 0 0 0
15.3 0 1.422045455 0 0 0 0 0 0 0 0 0 0 0 0 0 0 0 0 0
15.5 0 1.422045455 0 0 0 0 0 0 0 0 0 0 0 0 0 0 0 0 0
15.7 0 1.422045455 0 0 0 0 0 0 0 0 0 0 0 0 0 0 0 0 0
15.9 0 1.422045455 0 0 0 0 0 0 0 0 0 0 0 0 0 0 0 0 0
16.1 0 1.422045455 0 0 0 0 0 0 0 0 0 0 0 0 0 0 0 0 0
16.3 0 1.422045455 0 0 0 0 0 0 0 0 0 0 0 0 0 0 0 0 0
16.5 0 1.422045455 0 0 0 0 0 0 0 0 0 0 0 0 0 0 0 0 0
16.7 0 1.422045455 0 0 0 0 0 0 0 0 0 0 0 0 0 0 0 0 0
16.9 0 1.422045455 0 0 0 0 0 0 0 0 0 0 0 0 0 0 0 0 0
17.1 0 1.422045455 0 0 0 0 0 0 0 0 0 0 0 0 0 0 0 0 0
17.3 0 1.422045455 0 0 0 0 0 0 0 0 0 0 0 0 0 0 0 0 0
17.5 0 1.422045455 0 0 0 0 0 0 0 0 0 0 0 0 0 0 0 0 0
17.7 0 1.422045455 0 0 0 0 0 0 0 0 0 0 0 0 0 0 0 0 0
17.9 0 1.422045455 0 0 0 0 0 0 0 0 0 0 0 0 0 0 0 0 0
18.1 0 1.422045455 0 0 0 0 0 0 0 0 0 0 0 0 0 0 0 0 0
18.3 0 1.422045455 0 0 0 0 0 0 0 0 0 0 0 0 0 0 0 0 0
18.5 0 1.422045455 0 0 0 0 0 0 0 0 0 0 0 0 0 0 0 0 0
18.7 0 1.422045455 0 0 0 0 0 0 0 0 0 0 0 0 0 0 0 0 0
18.9 0.000273807703 1.422272727 2 0 0 0 0 0 0 0 0 0 0 0 0 0 0 0.00909091 0.00909091
19.1 0 1.422272727 0 0 0 0 0 0 0 0 0 0 0 0 0 0 0 0 0
19.3 0 1.422272727 0 0 0 0 0 0 0 0 0 0 0 0 0 0 0 0 0
19.5 0.0003858260548 1.422613636 3 0 0 0 0 0 0 0 0 0 0 0 0 0 0.00909091 0.00909091 0.00909091
19.7 0.0005040424758 1.423068182 4 0 0 0 0 0 0 0 0 0 0 0 0 0 0.0181818 0.0181818 0
19.9 0.0001234904914 1.423181818 1 0 0 0 0 0 0 0 0 0 0 0 0.00909091 0 0 0 0

