# /home/jramos/Programacion/hmeyer/yasp_cJ/bin/rdf_all.x VERSION2.2 28JAN2003 HM
# weed=1 maxmean=99999 #frames=11 #particles=170
# norm=0.0277797 norm2=nfr*nmol=0.0909091 ns*(ns-1)=28730//316030
0.05 0 0 0
0.15 0 0 0
0.25 0 0 0
0.35 0 0 0
0.45 0 0 0
0.55 0 0 0
0.65 0 0 0
0.75 0 0 0
0.85 0 0 0
0.95 11.27590089 0.1183431953 110
1.05 83.08737847 1.183431953 990
1.15 1.189559776 1.201721356 17
1.25 5.508558445 1.301775148 93
1.35 2.183780507 1.348036579 43
1.45 6.427637151 1.505110274 146
1.55 13.29265356 1.876277569 345
1.65 4.454275704 2.017213556 131
1.75 7.34545357 2.278644432 243
1.85 3.705765888 2.426035503 137
1.95 5.624114984 2.674556213 231
2.05 11.69788346 3.245831092 531
2.15 18.86697602 4.259279182 942
2.25 10.93632142 4.902635826 598
2.35 7.024563945 5.353415815 419
2.45 8.036220901 5.913932222 521
2.55 9.326353794 6.618612157 655
2.65 7.818402299 7.256589564 593
2.75 6.978598544 7.869822485 570
2.85 5.653976552 8.403442711 496
2.95 6.096430201 9.019903174 573
3.05 6.200919107 9.690155998 623
3.15 3.760573378 10.12372243 403
3.25 3.129491906 10.50779989 357
3.35 2.516428404 10.8359333 305
3.45 3.04168869 11.25658956 391
3.55 2.997652881 11.69553523 408
3.65 2.467300578 12.077461 355
3.75 2.541590831 12.49273803 386
3.85 2.811080225 12.97686928 450
3.95 2.3678932 13.40613233 399
4.05 2.30321592 13.845078 408
4.15 2.209689317 14.28725121 411
4.25 2.440145131 14.79935449 476
4.35 2.231381377 15.28994083 456
4.45 2.136901498 15.78160301 457
4.55 2.34367622 16.34534696 524
4.65 2.119772027 16.87789134 495
4.75 2.363882171 17.49757934 576
4.85 2.22017313 18.10435718 564
4.95 2.093587891 18.70037655 554
5.05 2.203932782 19.35341581 607
5.15 2.168054014 20.02151694 621
5.25 1.96866799 20.65196342 586
5.35 1.934583934 21.29532006 598
5.45 1.935944988 21.96342119 621
5.55 1.854787026 22.62721893 617
5.65 1.728799499 23.26842388 596
5.75 1.817626569 23.96664874 649
5.85 1.764135297 24.66810113 652
5.95 1.830882556 25.42119419 700
6.05 1.70508432 26.14631522 674
6.15 1.706395036 26.89618074 697
6.25 1.614300619 27.62883271 681
6.35 1.699346318 28.42495966 740
6.45 1.584741628 29.19096288 712
6.55 1.525931292 29.95158687 707
6.65 1.539013628 30.74233459 735
6.75 1.471396364 31.52124798 724
6.85 1.482032345 32.32920925 751
6.95 1.50870466 33.17590102 787
7.05 1.501606458 34.04303389 806
7.15 1.483444627 34.92415277 819
7.25 1.412856555 35.78698225 802
7.35 1.316395666 36.61323292 768
7.45 1.45813914 37.5535234 874
7.55 1.341795701 38.44217321 826
7.65 1.275300672 39.30930608 806
7.75 1.301186705 40.21732114 844
7.85 1.305813611 41.15223238 869
7.95 1.286355872 42.09682625 878
8.05 1.298892289 43.07477138 909
8.15 1.219815052 44.01613771 875
8.25 1.258447549 45.0112964 925
8.35 1.257703989 46.03012372 947
8.45 1.22681549 47.0478752 946
8.55 1.171685765 48.04303389 925
8.65 1.108862148 49.00699301 896
8.75 1.147762366 50.02797203 949
8.85 1.159803583 51.08337816 981
8.95 1.144435199 52.14846692 990
9.05 1.166768568 53.25874126 1032
9.15 1.099376564 54.32813341 994
9.25 1.149326506 55.47068316 1062
9.35 1.07615034 56.56374395 1016
9.45 1.109488255 57.71490048 1070
9.55 1.053885048 58.83162991 1038
9.65 1.039116829 59.95589026 1045
9.75 1.051029745 61.11672942 1079
9.85 1.057475149 62.30876815 1108
9.95 0.9961079167 63.45454545 1065
10.05 1.043309487 64.6788596 1138
10.15 1.056109308 65.9429801 1175
10.25 1.000348412 67.1640667 1135
10.35 0.9759250484 68.37869822 1129
10.45 0.9717517326 69.61161915 1146
10.55 0.9001723957 70.77568585 1082
10.65 0.9592726474 72.03980635 1175
10.75 0.9423101357 73.30500269 1176
10.85 0.9596301427 74.61753631 1220
10.95 0.9228757823 75.90317375 1195
11.05 0.8979058134 77.17697687 1184
11.15 0.916134138 78.50026896 1230
11.25 0.9050412964 79.83109198 1237
11.35 0.8719124308 81.13609467 1213
11.45 0.8751130767 82.46906939 1239
11.55 0.8815432829 83.83539537 1270
11.65 0.8787552785 85.22108661 1288
11.75 0.848435383 86.58203335 1265
11.85 0.8315385916 87.93867671 1261
11.95 0.8604768267 89.36632598 1327
12.05 0.8545447553 90.80796127 1340
12.15 0.8367725466 92.24314147 1334
12.25 0.8342739892 93.69768693 1352
12.35 0.8177826808 95.14685315 1347
12.45 0.8399450672 96.65949435 1406
12.55 0.8424866775 98.20118343 1433
12.65 0.8216968701 99.7288865 1420
12.75 0.7906303312 101.2221625 1388
12.85 0.8518358777 102.8563744 1519
12.95 0.7238817003 104.2668101 1311
13.05 0.6812939362 105.6148467 1253
13.15 0.4540972321 106.5271651 848
13.25 0.3085522013 107.1565358 585
13.35 0.1802899481 107.5298548 347
13.45 0.1059571766 107.7525551 207
13.55 0 107.7525551 0
13.65 0 107.7525551 0
13.75 0 107.7525551 0
13.85 0 107.7525551 0
13.95 0 107.7525551 0
14.05 0 107.7525551 0
14.15 0 107.7525551 0
14.25 0 107.7525551 0
14.35 0 107.7525551 0
14.45 0 107.7525551 0
14.55 0 107.7525551 0
14.65 0 107.7525551 0
14.75 0 107.7525551 0
14.85 0 107.7525551 0
14.95 0 107.7525551 0
15.05 0 107.7525551 0
15.15 0 107.7525551 0
15.25 0 107.7525551 0
15.35 0 107.7525551 0
15.45 0 107.7525551 0
15.55 0 107.7525551 0
15.65 0 107.7525551 0
15.75 0 107.7525551 0
15.85 0 107.7525551 0
15.95 0 107.7525551 0
16.05 0 107.7525551 0
16.15 0 107.7525551 0
16.25 0 107.7525551 0
16.35 0 107.7525551 0
16.45 0 107.7525551 0
16.55 0 107.7525551 0
16.65 0 107.7525551 0
16.75 0 107.7525551 0
16.85 0 107.7525551 0
16.95 0 107.7525551 0
17.05 0 107.7525551 0
17.15 0 107.7525551 0
17.25 0 107.7525551 0
17.35 0 107.7525551 0
17.45 0 107.7525551 0
17.55 0 107.7525551 0
17.65 0 107.7525551 0
17.75 0 107.7525551 0
17.85 0 107.7525551 0
17.95 0 107.7525551 0
18.05 0 107.7525551 0
18.15 0 107.7525551 0
18.25 0 107.7525551 0
18.35 0 107.7525551 0
18.45 0 107.7525551 0
18.55 0 107.7525551 0
18.65 0 107.7525551 0
18.75 0 107.7525551 0
18.85 0 107.7525551 0
18.95 0 107.7525551 0
19.05 0 107.7525551 0
19.15 0 107.7525551 0
19.25 0 107.7525551 0
19.35 0 107.7525551 0
19.45 0 107.7525551 0
19.55 0 107.7525551 0
19.65 0 107.7525551 0
19.75 0 107.7525551 0
19.85 0 107.7525551 0
19.95 0 107.7525551 0

