# /home/jramos/Programacion/hmeyer/yasp_cJ/bin/rdf_all.x VERSION2.2 28JAN2003 HM
# INTER-molecular RDF - 17 particles per molecule
# weed=1 maxmean=99999 #frames=11 #particles=170
# norm=0.0277797 norm2=nfr*nmol=0.0909091 ns*(ns-1)=28730//316030
0.05 0 0 0
0.15 0 0 0
0.25 0 0 0
0.35 0 0 0
0.45 0 0 0
0.55 0 0 0
0.65 0 0 0
0.75 0 0 0
0.85 0 0 0
0.95 0 0 0
1.05 0 0 0
1.15 0 0 0
1.25 0 0 0
1.35 0 0 0
1.45 0 0 0
1.55 0 0 0
1.65 0 0 0
1.75 0.06045640798 0.002151694459 2
1.85 0.02704938604 0.003227541689 1
1.95 0.1217340906 0.008606777838 5
2.05 0.02202991235 0.009682625067 1
2.15 0.1001431848 0.01506186122 5
2.25 0.2377461179 0.0290478752 13
2.35 0.201180829 0.04195804196 12
2.45 0.2776429486 0.06132329209 18
2.55 0.4129225344 0.09252286175 29
2.65 0.316427749 0.1183431953 24
2.75 0.4529967476 0.1581495428 37
2.85 0.4901632897 0.2044109736 43
2.95 0.7128461143 0.276492738 67
3.05 0.5275260236 0.3335126412 53
3.15 0.5225610649 0.3937600861 56
3.25 0.6223919477 0.4701452394 71
3.35 0.7095503042 0.5626681011 86
3.45 0.8401595359 0.6788596019 108
3.55 0.830232293 0.8004303389 113
3.65 0.8965683791 0.9392146315 129
3.75 0.9020672119 1.086605702 137
3.85 0.9432735866 1.249058634 151
3.95 0.8723817051 1.407208176 147
4.05 1.05564063 1.608391608 187
4.15 1.005381757 1.80957504 187
4.25 1.199567144 2.061323292 234
4.35 1.306532517 2.348574502 267
4.45 1.173659247 2.618612157 251
4.55 1.36863535 2.947821409 306
4.65 1.177651126 3.243679398 275
4.75 1.461010508 3.626681011 356
4.85 1.428941217 4.017213556 363
4.95 1.439814055 4.42711135 381
5.05 1.477760531 4.864981173 407
5.15 1.550106252 5.342657343 444
5.25 1.461383235 5.810650888 435
5.35 1.478436217 6.302313072 457
5.45 1.564966802 6.842388381 502
5.55 1.54816097 7.396449704 515
5.65 1.44743448 7.933297472 499
5.75 1.548763471 8.52824099 553
5.85 1.550382707 9.144701452 573
5.95 1.645178754 9.82140936 629
6.05 1.51281962 10.464766 598
6.15 1.552158469 11.14685315 634
6.25 1.47207149 11.81495428 621
6.35 1.589118449 12.55944056 692
6.45 1.500162721 13.28456159 674
6.55 1.452548458 14.00860678 673
6.65 1.478290642 14.76815492 706
6.75 1.432782371 15.52662722 705
6.85 1.438617283 16.31091985 729
6.95 1.468446975 17.13501883 766
7.05 1.479250034 17.98924153 794
7.15 1.461709175 18.85745024 807
7.25 1.398763223 19.71167294 794
7.35 1.304397268 20.53039268 761
7.45 1.453134085 21.46745562 871
7.55 1.340171251 22.35502959 825
7.65 1.275300672 23.22216245 806
7.75 1.295019943 24.12587413 840
7.85 1.305813611 25.06078537 869
7.95 1.284890774 26.00430339 877
8.05 1.29603444 26.98009683 907
8.15 1.219815052 27.92146315 875
8.25 1.258447549 28.91662184 925
8.35 1.257703989 29.93544917 947
8.45 1.22681549 30.95320065 946
8.55 1.171685765 31.94835933 925
8.65 1.108862148 32.91231845 896
8.75 1.147762366 33.93329747 949
8.85 1.159803583 34.9887036 981
8.95 1.144435199 36.05379236 990
9.05 1.166768568 37.1640667 1032
9.15 1.099376564 38.23345885 994
9.25 1.149326506 39.37600861 1062
9.35 1.07615034 40.46906939 1016
9.45 1.109488255 41.62022593 1070
9.55 1.053885048 42.73695535 1038
9.65 1.039116829 43.86121571 1045
9.75 1.051029745 45.02205487 1079
9.85 1.057475149 46.2140936 1108
9.95 0.9961079167 47.3598709 1065
10.05 1.043309487 48.58418505 1138
10.15 1.056109308 49.84830554 1175
10.25 1.000348412 51.06939215 1135
10.35 0.9759250484 52.28402367 1129
10.45 0.9717517326 53.51694459 1146
10.55 0.9001723957 54.6810113 1082
10.65 0.9592726474 55.94513179 1175
10.75 0.9423101357 57.21032813 1176
10.85 0.9596301427 58.52286175 1220
10.95 0.9228757823 59.80849919 1195
11.05 0.8979058134 61.08230231 1184
11.15 0.916134138 62.40559441 1230
11.25 0.9050412964 63.73641743 1237
11.35 0.8719124308 65.04142012 1213
11.45 0.8751130767 66.37439484 1239
11.55 0.8815432829 67.74072082 1270
11.65 0.8787552785 69.12641205 1288
11.75 0.848435383 70.4873588 1265
11.85 0.8315385916 71.84400215 1261
11.95 0.8604768267 73.27165143 1327
12.05 0.8545447553 74.71328671 1340
12.15 0.8367725466 76.14846692 1334
12.25 0.8342739892 77.60301237 1352
12.35 0.8177826808 79.05217859 1347
12.45 0.8399450672 80.5648198 1406
12.55 0.8424866775 82.10650888 1433
12.65 0.8216968701 83.63421194 1420
12.75 0.7906303312 85.1274879 1388
12.85 0.8518358777 86.76169984 1519
12.95 0.7238817003 88.17213556 1311
13.05 0.6812939362 89.52017214 1253
13.15 0.4540972321 90.43249059 848
13.25 0.3085522013 91.06186122 585
13.35 0.1802899481 91.4351802 347
13.45 0.1059571766 91.65788058 207
13.55 0 91.65788058 0
13.65 0 91.65788058 0
13.75 0 91.65788058 0
13.85 0 91.65788058 0
13.95 0 91.65788058 0
14.05 0 91.65788058 0
14.15 0 91.65788058 0
14.25 0 91.65788058 0
14.35 0 91.65788058 0
14.45 0 91.65788058 0
14.55 0 91.65788058 0
14.65 0 91.65788058 0
14.75 0 91.65788058 0
14.85 0 91.65788058 0
14.95 0 91.65788058 0
15.05 0 91.65788058 0
15.15 0 91.65788058 0
15.25 0 91.65788058 0
15.35 0 91.65788058 0
15.45 0 91.65788058 0
15.55 0 91.65788058 0
15.65 0 91.65788058 0
15.75 0 91.65788058 0
15.85 0 91.65788058 0
15.95 0 91.65788058 0
16.05 0 91.65788058 0
16.15 0 91.65788058 0
16.25 0 91.65788058 0
16.35 0 91.65788058 0
16.45 0 91.65788058 0
16.55 0 91.65788058 0
16.65 0 91.65788058 0
16.75 0 91.65788058 0
16.85 0 91.65788058 0
16.95 0 91.65788058 0
17.05 0 91.65788058 0
17.15 0 91.65788058 0
17.25 0 91.65788058 0
17.35 0 91.65788058 0
17.45 0 91.65788058 0
17.55 0 91.65788058 0
17.65 0 91.65788058 0
17.75 0 91.65788058 0
17.85 0 91.65788058 0
17.95 0 91.65788058 0
18.05 0 91.65788058 0
18.15 0 91.65788058 0
18.25 0 91.65788058 0
18.35 0 91.65788058 0
18.45 0 91.65788058 0
18.55 0 91.65788058 0
18.65 0 91.65788058 0
18.75 0 91.65788058 0
18.85 0 91.65788058 0
18.95 0 91.65788058 0
19.05 0 91.65788058 0
19.15 0 91.65788058 0
19.25 0 91.65788058 0
19.35 0 91.65788058 0
19.45 0 91.65788058 0
19.55 0 91.65788058 0
19.65 0 91.65788058 0
19.75 0 91.65788058 0
19.85 0 91.65788058 0
19.95 0 91.65788058 0

