           1   1.0020153846427182        2.3763796862186704     
           2   1.4063951809309685        6.6708136221917700     
           3   1.9298295822821709        13.730351512021191     
           4   2.3838538776165086        22.614191424621247     
           5   2.8125564156195635        33.351293976416784     
           6   3.1993588219079281        45.525596292221060     
           7   3.5551305174199705        59.019432745792422     
           8   3.8794856399360187        73.604705149378091     
           9   4.1769096352429704        89.153630018480058     
          10   4.4493093648380286        105.51982089649870     
          11   4.6994833583065434        122.59824205815779     
          12   4.9293568345737100        140.28555202650014     
          13   5.1408587505077454        158.49678796515420     
          14   5.3357684462241473        177.16031825891264     
          15   5.5155380437229926        196.20975036740177     
          16   5.6817230601902944        215.59639055275684     
          17   5.8355946621967592        235.27483711471916     
          18   5.9782643352861440        255.20493055616316     
          19   6.1107683355583458        275.35366550759329     
          20   6.2339426097231332        295.68836586438766     
          21   6.3486182969297724        316.18404621297162     
          22   6.4553928474318996        336.81141289332885     
          23   6.5549789861860432        357.55312776369288     
          24   6.6480261821323863        378.39501344508403     
          25   6.7350191938693929        399.31928800451630     
          26   6.8164462936738568        420.31298478199989     
          27   6.8928193630567369        441.36928083848460     
          28   6.9645751047174675        462.48121691374257     
          29   7.0321109312800898        483.64327425409203     
          30   7.0958415576917080        504.85493514664972     
          31   7.1559820409490937        526.10493725776109     
          32   7.2128680881675837        547.39321465274372     
          33   7.2665424028205079        568.69995476346082     
          34   7.3172635052192856        590.02315238525398     
          35   7.3651039349590697        611.34781722521257     
          36   7.4105100399453434        632.69156198643759     
          37   7.4534893093884707        654.03772410739077     
          38   7.4942505192614677        675.38785219625890     
          39   7.5328578552734324        696.73210189309248     
          40   7.5694707543350130        718.07027363923669     
          41   7.6042203104633703        739.40092442009211     
          42   7.6372606810802370        760.72615211249547     
          43   7.6687329411926521        782.04818286329726     
          44   7.6986623961322023        803.35850050135377     
          45   7.7272153944841726        824.66388133013982     
          46   7.7544504384246462        845.96091434932305     
          47   7.7804478485634441        867.24917552969396     
          48   7.8053257168446244        888.53330256329821     
          49   7.8291170308044178        909.80916356253215     
          50   7.8518545282910335        931.07290996475069     
          51   7.8736374398000057        952.32904616371445     
          52   7.8945607798715676        973.58249796825726     
          53   7.9146420984107149        994.82935563131525     
          54   7.9339958832876931        1016.0782903874749     
          55   7.9527142346053994        1037.3361393334592     
          56   7.9707985329142810        1058.5985648369326     
          57   7.9882726048104464        1079.8642766454020     
          58   8.0051541857574229        1101.1313726826538     
          59   8.0214842988517319        1122.4013776262493     
          60   8.0372494727315971        1143.6684509718154     
          61   8.0524335755820289        1164.9262395388707     
          62   8.0670671429751639        1186.1750990493540     
          63   8.0810928563929370        1207.4025485479538     
          64   8.0945717565873991        1228.6135281870511     
          65   8.1075354531274169        1249.8090202414039     
          66   8.1200515812647929        1270.9959457884204     
          67   8.1320708737792540        1292.1632920450770     
          68   8.1436206294598321        1313.3119265682317     
          69   8.1547054158215069        1334.4392561271977     
          70   8.1653446089729691        1355.5451892248204     
          71   8.1755279028091454        1376.6248201754540     
          72   8.1853412116969757        1397.6895756715594     
          73   8.1947439920258560        1418.7298041586621     
          74   8.2038210092961030        1439.7574610178513     
          75   8.2125741471703630        1460.7705635571926     
          76   8.2210434458372728        1481.7740243472235     
          77   8.2292733010151053        1502.7739311729317     
          78   8.2372656104414830        1523.7689314943957     
          79   8.2450440682138666        1544.7617744619045     
          80   8.2526280171214115        1565.7546084324113     
          81   8.2600253732834492        1586.7475701976014     
          82   8.2672578069914060        1607.7435464349871     
          83   8.2743623182424635        1628.7486469373378     
          84   8.2812995748495677        1649.7541260239118     
          85   8.2881014684742222        1670.7652226238447     
          86   8.2947743709914565        1691.7822732489271     
          87   8.3013881787107771        1712.8187818028516     
          88   8.3079307386931589        1733.8717915098532     
          89   8.3144348788187763        1754.9477245159885     
          90   8.3208443089759232        1776.0342926850569     
          91   8.3272044242584151        1797.1406191439846     
          92   8.3335652203491666        1818.2772614453677     
          93   8.3398763436013930        1839.4331184931107     
          94   8.3461347024665695        1860.6071476747532     
          95   8.3523763361209689        1881.8070932807266     
          96   8.3585961006757525        1903.0316651868111     
          97   8.3647779902626489        1924.2770257255690     
          98   8.3708972388070535        1945.5371493723715     
          99   8.3769497553420518        1966.8106299371518     
         100   8.3829559629227504        1988.1018361667595     
         101   8.3889790462454457        2009.4255733136456     
         102   8.3949482757294067        2030.7648517334260     
         103   8.4008833514276677        2052.1241004933231     
         104   8.4067786817468431        2073.5016974496048     
         105   8.4126333379060902        2094.8971285386992     
         106   8.4184604393708593        2116.3134024692649     
         107   8.4242099065795344        2137.7376149455104     
         108   8.4299549755216496        2159.1879717542915     
         109   8.4356371570216773        2180.6493218935948     
         110   8.4412992296919551        2202.1323778451188     
         111   8.4469164922113578        2223.6304939750585     
         112   8.4524968839102002        2245.1454603067205     
         113   8.4580667549504263        2266.6840761125691     
         114   8.4636351807623491        2288.2487201953427     
         115   8.4691506292795786        2309.8253277259364     
         116   8.4746284034287722        2331.4177317023145     
         117   8.4800491454811553        2353.0202927505038     
         118   8.4854309197051432        2374.6376603623808     
         119   8.4907379205942739        2396.2594522452841     
         120   8.4959671656749247        2417.8842876137587     
         121   8.5011443665872335        2439.5189915555920     
         122   8.5062696874306205        2461.1632412666759     
         123   8.5113247106285250        2482.8112950983732     
         124   8.5163463845625316        2504.4735186179346     
         125   8.5212804175404457        2526.1335797798652     
         126   8.5261299947109936        2547.7918068275308     
         127   8.5309049449220762        2569.4505592569044     
         128   8.5356085349027087        2591.1102977760338     
         129   8.5402581677594380        2612.7758389149185     
         130   8.5448108393283313        2634.4335402516394     
         131   8.5493005621411093        2656.0932789257749     
         132   8.5537500380067915        2677.7617138980718     
         133   8.5581002466421925        2699.4199424765707     
         134   8.5623858736645815        2721.0782812897119     
         135   8.5666055258775486        2742.7358247981110     
         136   8.5707598706420534        2764.3923188531980     
         137   8.5748489936149728        2786.0473266362465     
         138   8.5788634730543496        2807.6973005520063     
         139   8.5828298052318832        2829.3504440862230     
         140   8.5866990803960075        2850.9901754694038     
         141   8.5905014103775610        2872.6258734240514     
         142   8.5942771658604400        2894.2706571707558     
         143   8.5979720243883673        2915.9059147846419     
         144   8.6016162060983845        2937.5413911911419     
         145   8.6051832374725485        2959.1676220685349     
         146   8.6087301243916343        2980.8037969990510     
         147   8.6122621155318004        3002.4516024796972     
         148   8.6157548426233976        3024.1023793453164     
         149   8.6192033818099389        3045.7541083047672     
         150   8.6226008682427455        3067.4040328686742     
         151   8.6259493707545900        3089.0525306799195     
         152   8.6292685740529453        3110.7063492340430     
         153   8.6325689759822097        3132.3690892662294     
         154   8.6358187303658145        3154.0289859440772     
         155   8.6390603292589550        3175.7012989149334     
         156   8.6422795645674579        3197.3807135911970     
         157   8.6454546743946796        3219.0589680097241     
         158   8.6485454285891628        3240.7206734738456     
         159   8.6515963897819450        3262.3820336830909     
         160   8.6545880215294577        3284.0353522974819     
         161   8.6575349291584889        3305.6857839167560     
         162   8.6603841087684650        3327.3126462815576     
         163   8.6631864129398100        3348.9349021992725     
         164   8.6658981451992307        3370.5352227493377     
         165   8.6685530261867090        3392.1261588892262     
         166   8.6711530376160244        3413.7080863056876     
         167   8.6736889964547608        3435.2769776066825     
         168   8.6762139503587576        3456.8535127846999     
         169   8.6787161657288223        3478.4329107105777     
         170   8.6812148600011643        3500.0227575363897     
         171   8.6836454959120406        3521.5968555359550     
         172   8.6860758031137095        3543.1823484422898     
         173   8.6884732154071127        3564.7658724350949     
         174   8.6908594513448740        3586.3561558168535     
         175   8.6932167052098333        3607.9457291632375     
         176   8.6955351674408590        3629.5302917460826     
         177   8.6978664789554347        3651.1312450438550     
         178   8.7001775283939526        3672.7347026883599     
         179   8.7024631687909046        3694.3383355477072     
         180   8.7047507711329857        3715.9536471874176     
         181   8.7070185961080409        3737.5713197578993     
         182   8.7093199552217353        3759.2142234563039     
         183   8.7116270314352899        3780.8705241986036     
         184   8.7139026307224725        3802.5240321399406     
         185   8.7161716900081760        3824.1854643043275     
         186   8.7184171860444835        3845.8472649066957     
         187   8.7206067462149335        3867.4949093934642     
         188   8.7228272607328865        3889.1667407321729     
         189   8.7249862377273395        3910.8215213034960     
         190   8.7271665645497443        3932.4961626523732     
         191   8.7293139110607516        3954.1662064510906     
         192   8.7314994010976221        3975.8638040914793     
         193   8.7336588089431704        3997.5598296388976     
         194   8.7358046150154767        4019.2598396443168     
         195   8.7379383844047780        4040.9644611286030     
         196   8.7400370582753553        4062.6628899315438     
         197   8.7421773566552243        4084.3907203515755     
         198   8.7443118683142078        4106.1259853250076     
         199   8.7464645834640198        4127.8799658225107     
         200   8.7486422749633164        4149.6560038606003     
         201   8.7507969989212420        4171.4314226909655     
         202   8.7530215578497597        4193.2505171724906     
         203   8.7552290232806538        4215.0719337773171     
         204   8.7575059040534171        4236.9374044188298     
         205   8.7597739271701425        4258.8093683637253     
         206   8.7620866160428346        4280.7139114330803     
         207   8.7643912304132048        4302.6254601039273     
         208   8.7667188015974560        4324.5592644526532     
         209   8.7690764749386556        4346.5190295045841     
         210   8.7714721647743623        4368.5089110555646     
         211   8.7739137849457194        4390.5331397316040     
         212   8.7763535370042582        4412.5680102521719     
         213   8.7788153036243219        4434.6255736780695     
         214   8.7812529585647212        4456.6825765378680     
         215   8.7837367697812372        4478.7746764908343     
         216   8.7862308554495492        4500.8838209053765     
         217   8.7887844682221470        4523.0354301293346     
         218   8.7913667242951252        4545.2139604877539     
         219   8.7939950849861841        4567.4286848381580     
         220   8.7966692571158109        4589.6797782386893     
         221   8.7993486807263572        4611.9463081975491     
         222   8.8020630880902129        4634.2439659766742     
         223   8.8047846337949096        4656.5582739642859     
         224   8.8075106512177026        4678.8878663358510     
         225   8.8102970042360553        4701.2625844304021     
         226   8.8130783819123089        4723.6478520627707     
         227   8.8158394307403345        4746.0353682252380     
         228   8.8185580579346166        4768.4130421650843     
         229   8.8212342326823929        4790.7805553265698     
         230   8.8238876169655800        4813.1483306509808     
         231   8.8264883687098035        4835.4998573186313     
         232   8.8290648579467046        4857.8503703686865     
         233   8.8316183376786501        4880.2003895658145     
         234   8.8341408152898868        4902.5453156647109     
         235   8.8366235957118029        4924.8800821036766     
         236   8.8390950468710958        4947.2202839056399     
         237   8.8415549837720420        4969.5657364847648     
         238   8.8440385123353416        4991.9361731333693     
         239   8.8464421669219426        5014.2731160942267     
         240   8.8488465417739572        5036.6218700330692     
         241   8.8512248072068580        5058.9671054180008     
         242   8.8535852570093940        5081.3133965166817     
         243   8.8559505788569499        5103.6736914545663     
         244   8.8583110840538506        5126.0424183338746     
         245   8.8606271456434840        5148.3965179589813     
         246   8.8628781237488372        5170.7236325375552     
         247   8.8651182042174810        5193.0550402811778     
         248   8.8672871462484739        5215.3552326186355     
         249   8.8693908055123796        5237.6271613539366     
         250   8.8714040091633404        5259.8554370329448     
         251   8.8733289232223189        5282.0407054528268     
         252   8.8751905429194498        5304.1972766801173     
         253   8.8770204858102630        5326.3436713893479     
         254   8.8787891313143401        5348.4618211715733     
         255   8.8804663366802341        5370.5330608380655     
         256   8.8820664598387857        5392.5654569353374     
         257   8.8836297315853212        5414.5829817569311     
         258   8.8851649412968960        5436.5907510931675     
         259   8.8867103003839123        5458.6120364331364     
         260   8.8882553915566387        5480.6404865200893     
         261   8.8898023597942206        5502.6774271633612     
         262   8.8913888117651414        5524.7462389673392     
         263   8.8929485934140970        5546.8059405290487     
         264   8.8945638816694856        5568.9077932665805     
         265   8.8962106849523508        5591.0371140147445     
         266   8.8978345480874648        5613.1597741889655     
         267   8.8994977818359651        5635.3150668203816     
         268   8.9011366867015731        5657.4627853366301     
         269   8.9027709199212790        5679.6152971813472     
         270   8.9044295695968128        5701.7911951590659     
         271   8.9060589718399115        5723.9561630138105     
         272   8.9076866862649737        5746.1277706797155     
         273   8.9093158299349664        5768.3080242807382     
         274   8.9109228702194923        5790.4816420494390     
         275   8.9125178898356534        5812.6550425719151     
         276   8.9141114041132266        5834.8350232545999     
         277   8.9157531447092300        5857.0542437638969     
         278   8.9174547491129186        5879.3207198729433     
         279   8.9192210848885498        5901.6380982531509     
         280   8.9210206654262088        5923.9859308349432     
         281   8.9228900451343467        5946.3888147224143     
         282   8.9247939220096271        5968.8236368535254     
         283   8.9267247591872092        5991.2855842054141     
         284   8.9286460062851951        6013.7502306556953     
         285   8.9306252431476185        6036.2631855949348     
         286   8.9325732438759626        6058.7643416804030     
         287   8.9345529703857913        6081.2963316507130     
         288   8.9365593452514585        6103.8559132411274     
         289   8.9385634674977705        6126.4234675406196     
         290   8.9406000608662168        6149.0228602615925     
         291   8.9426370309666758        6171.6321729484052     
         292   8.9447086566839040        6194.2751466559312     
         293   8.9468183270416066        6216.9543829126796     
         294   8.9489599071938617        6239.6658748748832     
         295   8.9511123440857219        6262.3951203939414     
         296   8.9532516072612971        6285.1253274871442     
         297   8.9553795022945692        6307.8576742096147     
         298   8.9575218996651387        6330.6103632992608     
         299   8.9597040114556936        6353.4013760369289     
         300   8.9619000316797166        6376.2126345394854     
         301   8.9641341481753649        6399.0615042896225     
         302   8.9663197689495302        6421.8862371402929     
         303   8.9684863134409003        6444.7076287098016     
         304   8.9706425567955499        6467.5318698596830     
         305   8.9728003830175656        6490.3674834511594     
         306   8.9749824952911066        6513.2309566647109     
         307   8.9772015785991393        6536.1316979883568     
         308   8.9794779581669033        6559.0848170812978     
         309   8.9817322141473692        6582.0325207932183     
         310   8.9839716947239872        6604.9800540742972     
         311   8.9861745123100185        6627.9111682256707     
         312   8.9884395609465617        6650.8987779751506     
         313   8.9906764321342543        6673.8762148787246     
         314   8.9929564264181039        6696.8963747204571     
         315   8.9952485302983689        6719.9363955535191     
         316   8.9975339471487157        6742.9822768622944     
         317   8.9998678898577609        6766.0754799649731     
         318   9.0022258147255840        6789.1978400206162     
         319   9.0046125275494244        6812.3531634372521     
         320   9.0070274876966714        6835.5412447428571     
         321   9.0094594023404433        6858.7536878675819     
         322   9.0119005011423461        6881.9846795799585     
         323   9.0143969505827588        6905.2696499846697     
         324   9.0169319924706226        6928.5961159232384     
         325   9.0194806232488904        6951.9450799815468     
         326   9.0220716725492789        6975.3389282294265     
         327   9.0246528906941812        6998.7374421514951     
         328   9.0272593942385946        7022.1678684354101     
         329   9.0298026733964534        7045.5613266546934     
         330   9.0323356186388821        7068.9587605441111     
         331   9.0349064307866271        7092.3979342049297     
         332   9.0375383532971174        7115.8974182815755     
         333   9.0401932732684340        7139.4275481721797     
         334   9.0428353230565968        7162.9600762217824     
         335   9.0455037807874810        7186.5261167827230     
         336   9.0481807326173769        7210.1115829597256     
         337   9.0508250739578582        7233.6836831992796     
         338   9.0534558323162795        7257.2574379493944     
         339   9.0560680730639280        7280.8287832645819     
         340   9.0586940393002866        7304.4235864255506     
         341   9.0613473360744941        7328.0529477018863     
         342   9.0639641656713970        7351.6653160347514     
         343   9.0665445499066450        7375.2604497136008     
         344   9.0691068043301772        7398.8530318194107     
         345   9.0715923321110967        7422.3949893179652     
         346   9.0740560664005638        7445.9308530081507     
         347   9.0764464067958919        7469.4180035299260     
         348   9.0788143601678044        7492.8980155277395     
         349   9.0810912483322035        7516.3138855860852     
         350   9.0833292792036247        7539.7083014957607     
         351   9.0855151631277646        7563.0699240667054     
         352   9.0876866084020200        7586.4298612911543     
         353   9.0898440759674788        7609.7883963292588     
         354   9.0919704562236348        7633.1310654289100     
         355   9.0940913377349979        7656.4791908831749     
         356   9.0961849873845821        7679.8143845249351     
         357   9.0982970560768148        7703.1751034544632     
         358   9.1002939740685154        7726.4480736265195     
         359   9.1023119842245297        7749.7484735414946     
         360   9.1042936731382866        7773.0274350773134     
         361   9.1062125617577099        7796.2620298387164     
         362   9.1081157169932094        7819.4922188604378     
         363   9.1099855856734209        7842.7027788388605     
         364   9.1118371363027144        7865.9063946938095     
         365   9.1136397165547010        7889.0764024001128     
         366   9.1154048739090694        7912.2224768203660     
         367   9.1171966765297885        7935.4001151673046     
         368   9.1190228681093668        7958.6162653150095     
         369   9.1209208890452160        7981.9039367896057     
         370   9.1228301803904746        8005.2105006511983     
         371   9.1247761941000096        8028.5584313351337     
         372   9.1267901431707958        8051.9755273183155     
         373   9.1288668495861369        8075.4576914384725     
         374   9.1310142851605427        8099.0124410288427     
         375   9.1332906362972519        8122.6920273909618     
         376   9.1355695812333781        8146.3847238887583     
         377   9.1378624045450536        8170.1006384393822     
         378   9.1401542321706462        8193.8265357120126     
         379   9.1423378471793200        8217.4660381424110     
         380   9.1445005183525296        8241.0970231434476     
         381   9.1465758078270554        8264.6593098060475     
         382   9.1486105012014605        8288.1946618960646     
         383   9.1506212580135706        8311.7179228184104     
         384   9.1526204018072566        8335.2401452516187     
         385   9.1546037195105665        8358.7573997586351     
         386   9.1565370785669327        8382.2383275143256     
         387   9.1583348005005227        8405.6039365795441     
         388   9.1600997277796079        8428.9478955880222     
         389   9.1617433143375244        8452.1882828260386     
         390   9.1633256759839821        8475.3798375338101     
         391   9.1648457260353897        8498.5211164314223     
         392   9.1663964719733393        8521.6981421893342     
         393   9.1678704939226723        8544.8110137110943     
         394   9.1692641302007978        8567.8557636065798     
         395   9.1707072047571181        8590.9534366867847     
         396   9.1720530638961844        8613.9666543491330     
         397   9.1734074473292040        8636.9942815281192     
         398   9.1747054551522833        8659.9751200607843     
         399   9.1760596736815554        8683.0153057191674     
         400   9.1773071030896691        8705.9606102749840     
         401   9.1786869368763693        8729.0377497378940     
         402   9.1799905291529136        8752.0487466534996     
         403   9.1813746978321280        8775.1429380516056     
         404   9.1827813379363956        8798.2652253041815     
         405   9.1841599827889553        8821.3672951488261     
         406   9.1853455418776608        8844.2899877695272     
         407   9.1864600440802366        8867.1497167000598     
         408   9.1874655286126146        8889.9092450443331     
         409   9.1882637283496500        8912.4724795849979     
         410   9.1890517669077916        8935.0296198633932     
         411   9.1896308424835826        8957.3868159800004     
         412   9.1900376241183341        8979.5784104959257     
         413   9.1903939606453573        9001.7225249484763     
         414   9.1906156559971368        9023.7361331618049     
         415   9.1906809959081048        9045.5969057066995     
         416   9.1906953350637774        9067.4076715610972     
         417   9.1905456723982777        9089.0563146471195     
         418   9.1902498823366869        9110.5593875569703     
         419   9.1898670763175758        9131.9745896836066     
         420   9.1893861351603014        9153.2902264213935     
         421   9.1890133130225031        9174.7115327021147     
         422   9.1886521080657513        9196.1426972642457     
         423   9.1883176367508970        9217.5989673956938     
         424   9.1880333046615306        9239.1040689821621     
         425   9.1876803766225272        9260.5386820091444     
         426   9.1873820977084257        9282.0268331261796     
         427   9.1870924832190610        9303.5223436773940     
         428   9.1866535798110984        9324.8649455886407     
         429   9.1862939059245967        9346.2860751077405     
         430   9.1858662378476268        9367.6361589621574     
         431   9.1854920302404874        9389.0388594338056     
         432   9.1850530938504171        9410.3734683062794     
         433   9.1845540213118149        9431.6442412363631     
         434   9.1841565084524976        9453.0171797435396     
         435   9.1836488817228137        9474.2746342338141     
         436   9.1830869577633063        9495.4735366577170     
         437   9.1824816231579955        9516.6247834394180     
         438   9.1818946373619781        9537.7922190218378     
         439   9.1813728654898359        9559.0247667423118     
         440   9.1809277656221830        9580.3348471378122     
         441   9.1804133202616107        9601.5702895766044     
         442   9.1799601470649073        9622.8675202723771     
         443   9.1795823007580317        9644.2417413236417     
         444   9.1791483407957077        9665.5550830338070     
         445   9.1786101345296505        9686.7563487974821     
         446   9.1780314234122624        9707.9122183989766     
         447   9.1772386729297022        9728.8384388138766     
         448   9.1762615804432546        9749.5650399522929     
         449   9.1752106174216426        9770.2083456244491     
         450   9.1742421281132334        9790.9346839650043     
         451   9.1730793194560825        9811.4485862239417     
         452   9.1719736521350708        9832.0182264583982     
         453   9.1708082586123041        9852.5184563545990     
         454   9.1696529244450122        9873.0239895286613     
         455   9.1683626003285834        9893.3783780373687     
         456   9.1670952063922879        9913.7514441148578     
         457   9.1655772358234540        9933.8469184228597     
         458   9.1640906643248599        9953.9692981368808     
         459   9.1625634939109748        9974.0404322111044     
         460   9.1608312226686834        9993.8805707332813     
         461   9.1591070839167212        10013.721384059991     
         462   9.1575137793514862        10033.697371748813     
         463   9.1559423533513105        10053.689825851288     
         464   9.1543822226804537        10073.687255999361     
         465   9.1527151723997875        10093.559375831452     
         466   9.1513814219236487        10113.791939989103     
         467   9.1500905816159435        10134.065702509295     
         468   9.1491403832112645        10154.711423761557     
         469   9.1481947464291391        10175.357711836103     
         470   9.1473622825759691        10196.125662997869     
         471   9.1463664521842443        10216.707181338072     
         472   9.1456420970318142        10237.587864335346     
         473   9.1448311803687883        10258.368009742520     
         474   9.1441504730644283        10279.290682149891     
         475   9.1435085722975025        10300.253841778860     
         476   9.1431669819361190        10321.552971635216     
         477   9.1432591036120101        10343.341119390219     
         478   9.1435719028997422        10365.379869710339     
         479   9.1442286700300084        10387.810849930876     
         480   9.1449401449355339        10410.307222909976     
         481   9.1450523814439535        10432.123395587423     
         482   9.1447299472143033        10453.443223636079     
         483   9.1439745658213454        10474.265588785818     
         484   9.1429956268357255        10494.827759444146     
         485   9.1420528411177511        10515.426871227504     
         486   9.1403419312388188        10535.136173125227     
         487   9.1384288017823145        10554.603802451478     
         488   9.1358741568613837        10573.319905401278     
         489   9.1339387779431629        10592.742061621533     
         490   9.1325454020848049        10612.784891036319     
         491   9.1314028211877982        10633.113150987931     
         492   9.1298095482498258        10652.910111717611     
         493   9.1291156648593628        10673.751080414770     
         494   9.1279457517423701        10694.031055547110     
         495   9.1279346018173353        10715.665802326648     
         496   9.1277906393783557        10737.144267053456     
         497   9.1272990426350731        10758.212297528131     
         498   9.1251423110999301        10777.311377492288     
         499   9.1241204269255380        10797.743238243807     
