#  Number of backbone atoms:500.0, calc_distances:True, lavg :1.5413478552416318
#  iFrame          Time(ps)     <Ree^2>/nl^2     6.0*<Rg^2>/nl^2      Cn_formula
#===============================================================================
         0          0.000         8.61         7.89          0.00
         1          1.000         4.67         6.28          0.00
         2          2.000         3.16         2.37          0.00
         3          3.000         7.38         8.20          0.00
         4          4.000        10.61         8.04          0.00
         5          5.000        23.85        16.51          0.00
         6          6.000         0.10         3.21          0.00
         7          7.000        39.31        17.29          0.00
         8          8.000        11.12         8.80          0.00
         9          9.000         4.95         6.42          0.00
        10         10.000        18.73        11.61          0.00
        11         11.000        12.61         7.84          0.00
        12         12.000         0.51         4.76          0.00
        13         13.000        19.82        12.81          0.00
        14         14.000         8.76         6.46          0.00
        15         15.000         5.09         8.45          0.00
        16         16.000        14.35        14.29          0.00
        17         17.000         6.11        10.48          0.00
        18         18.000         3.51         5.39          0.00
        19         19.000         9.92         7.67          0.00
        20         20.000         0.89         4.82          0.00
        21         21.000         1.66         4.87          0.00
        22         22.000         2.23         7.09          0.00
        23         23.000         4.29         4.95          0.00
        24         24.000         6.80         4.91          0.00
        25         25.000        15.73        20.97          0.00
        26         26.000        11.70         6.24          0.00
        27         27.000         2.61         5.35          0.00
        28         28.000         1.35         2.94          0.00
        29         29.000         9.50         9.92          0.00
        30         30.000         3.51         4.84          0.00
        31         31.000         1.85         6.36          0.00
        32         32.000         6.85         8.26          0.00
        33         33.000         5.60         7.80          0.00
        34         34.000        17.48        14.17          0.00
        35         35.000         6.22         6.45          0.00
        36         36.000         4.98         7.58          0.00
        37         37.000         9.42         8.08          0.00
        38         38.000         0.95         4.20          0.00
        39         39.000         8.33        13.54          0.00
        40         40.000         3.06         7.26          0.00
        41         41.000        17.88        18.50          0.00
        42         42.000         4.90         7.52          0.00
        43         43.000         5.43         8.82          0.00
        44         44.000         1.00         2.73          0.00
        45         45.000         1.02         5.42          0.00
        46         46.000         7.10         4.97          0.00
        47         47.000         1.42         4.36          0.00
        48         48.000         4.57         5.72          0.00
        49         49.000         9.30        14.73          0.00
        50         50.000        13.34        10.74          0.00
        51         51.000         3.48         5.37          0.00
        52         52.000         0.49         6.96          0.00
        53         53.000        11.80        17.37          0.00
        54         54.000        19.38        10.07          0.00
        55         55.000         2.39         4.94          0.00
        56         56.000         3.97         6.17          0.00
        57         57.000         4.21         3.72          0.00
        58         58.000         1.47        10.95          0.00
        59         59.000        10.84         8.30          0.00
        60         60.000         8.73         6.34          0.00
        61         61.000         9.04        16.47          0.00
        62         62.000         9.63         9.74          0.00
        63         63.000        20.68        16.31          0.00
        64         64.000         6.60         8.85          0.00
        65         65.000         8.72         6.50          0.00
        66         66.000         6.23         9.06          0.00
        67         67.000         9.72        10.12          0.00
        68         68.000         6.95         5.55          0.00
        69         69.000        16.09         8.26          0.00
        70         70.000         5.39         5.08          0.00
        71         71.000        11.01         6.33          0.00
        72         72.000         1.83         8.24          0.00
        73         73.000        23.93        16.39          0.00
        74         74.000        54.04        31.55          0.00
        75         75.000         5.00         3.69          0.00
        76         76.000         3.41         5.29          0.00
        77         77.000         0.40         4.56          0.00
        78         78.000         9.00         9.61          0.00
        79         79.000        14.54        10.96          0.00
        80         80.000         4.92         2.77          0.00
        81         81.000        17.12        10.82          0.00
        82         82.000         8.24         4.88          0.00
        83         83.000         0.35         5.55          0.00
        84         84.000        12.27        13.14          0.00
        85         85.000         6.13         4.77          0.00
        86         86.000         2.97         8.79          0.00
        87         87.000        12.14         9.68          0.00
        88         88.000         9.39        14.61          0.00
        89         89.000         9.79        15.33          0.00
        90         90.000         3.00         4.47          0.00
        91         91.000         4.50         5.73          0.00
        92         92.000        13.28         7.45          0.00
        93         93.000         1.13         4.52          0.00
        94         94.000         5.77         7.08          0.00
        95         95.000         8.30         9.65          0.00
        96         96.000         7.15        10.12          0.00
        97         97.000         1.27         5.31          0.00
        98         98.000        12.38         7.55          0.00
        99         99.000        15.83        11.18          0.00
       100        100.000         6.67         8.16          0.00
       101        101.000         2.82         9.17          0.00
       102        102.000         2.52         4.01          0.00
       103        103.000        38.43        22.55          0.00
       104        104.000         1.53         6.34          0.00
       105        105.000         3.23         9.07          0.00
       106        106.000         8.80         7.67          0.00
       107        107.000         7.74        10.52          0.00
       108        108.000         3.04         5.43          0.00
       109        109.000        12.34        11.78          0.00
       110        110.000        22.19        17.98          0.00
       111        111.000         4.45         4.45          0.00
       112        112.000        14.80        17.31          0.00
       113        113.000        11.03        11.53          0.00
       114        114.000        10.40         6.41          0.00
       115        115.000         2.37        14.37          0.00
       116        116.000        12.84         8.55          0.00
       117        117.000        10.75        16.29          0.00
       118        118.000         6.36         9.51          0.00
       119        119.000        18.79        14.43          0.00
       120        120.000         8.41         5.65          0.00
       121        121.000         4.82         6.26          0.00
       122        122.000         1.27         5.61          0.00
       123        123.000        10.25        18.91          0.00
       124        124.000        14.99        18.34          0.00
       125        125.000         0.83         6.58          0.00
       126        126.000        13.36        16.97          0.00
       127        127.000         1.05         8.53          0.00
       128        128.000        13.70        13.42          0.00
       129        129.000         7.47        10.80          0.00
       130        130.000         1.69         8.18          0.00
       131        131.000        11.13         5.04          0.00
       132        132.000         2.35         4.91          0.00
       133        133.000         9.17         3.93          0.00
       134        134.000        15.59        10.12          0.00
       135        135.000        20.00        20.78          0.00
       136        136.000        14.30        14.17          0.00
       137        137.000         4.49         5.21          0.00
       138        138.000         8.00         8.68          0.00
       139        139.000         9.25        15.16          0.00
       140        140.000         2.23         4.47          0.00
       141        141.000        13.79         8.00          0.00
       142        142.000         6.63         3.93          0.00
       143        143.000        10.39        10.83          0.00
       144        144.000         4.97         4.23          0.00
       145        145.000        16.23        15.83          0.00
       146        146.000        13.00         9.19          0.00
       147        147.000         3.66         7.99          0.00
       148        148.000        20.62        10.64          0.00
       149        149.000         8.49         9.72          0.00
       150        150.000         2.93         4.05          0.00
       151        151.000         3.12         4.71          0.00
       152        152.000         2.53         3.55          0.00
       153        153.000         1.47         2.38          0.00
       154        154.000         9.83         8.16          0.00
       155        155.000        24.08        18.12          0.00
       156        156.000         2.27         3.53          0.00
       157        157.000         8.43         3.35          0.00
       158        158.000        12.13        11.76          0.00
       159        159.000         9.44         7.76          0.00
       160        160.000        25.13        15.15          0.00
       161        161.000         6.34         4.77          0.00
       162        162.000        16.79         9.13          0.00
       163        163.000         6.14        12.76          0.00
       164        164.000         7.51         7.07          0.00
       165        165.000         7.88        10.45          0.00
       166        166.000        12.51        15.38          0.00
       167        167.000         5.15         7.00          0.00
       168        168.000         4.85         6.95          0.00
       169        169.000         6.86         9.62          0.00
       170        170.000        11.92        10.18          0.00
       171        171.000         1.11         3.05          0.00
       172        172.000         0.67         2.96          0.00
       173        173.000         0.55         3.24          0.00
       174        174.000        12.88        10.88          0.00
       175        175.000         9.44         8.16          0.00
       176        176.000        23.78        12.63          0.00
       177        177.000        15.42        16.84          0.00
       178        178.000         6.07         6.25          0.00
       179        179.000        23.05        23.53          0.00
       180        180.000         5.79         6.41          0.00
       181        181.000        21.30        15.69          0.00
       182        182.000         4.49         4.04          0.00
       183        183.000         5.29         8.11          0.00
       184        184.000         2.00         4.60          0.00
       185        185.000         7.60         7.00          0.00
       186        186.000        21.17        19.00          0.00
       187        187.000         8.88         9.70          0.00
       188        188.000        26.16        17.54          0.00
       189        189.000         3.84         5.33          0.00
       190        190.000         4.87         6.57          0.00
       191        191.000        13.41         9.07          0.00
       192        192.000         4.44         4.03          0.00
       193        193.000         1.68         4.98          0.00
       194        194.000         6.89         4.25          0.00
       195        195.000         7.19         9.21          0.00
       196        196.000         1.25         3.27          0.00
       197        197.000         2.22         6.36          0.00
       198        198.000        23.34        16.13          0.00
       199        199.000         2.34         4.74          0.00
       200        200.000         4.41         6.43          0.00
       201        201.000         5.73         6.63          0.00
       202        202.000         5.29         4.97          0.00
       203        203.000        16.19         9.86          0.00
       204        204.000         8.62         9.24          0.00
       205        205.000        44.87        29.00          0.00
       206        206.000         9.40        14.74          0.00
       207        207.000         6.93         6.49          0.00
       208        208.000         7.84         6.28          0.00
       209        209.000         8.69         5.53          0.00
       210        210.000        12.66        12.52          0.00
       211        211.000         5.33         8.77          0.00
       212        212.000         2.03         7.76          0.00
       213        213.000        18.67        16.00          0.00
       214        214.000         0.82         7.45          0.00
       215        215.000        12.35        12.59          0.00
       216        216.000         3.11         4.89          0.00
       217        217.000         6.49         5.62          0.00
       218        218.000         4.58         5.32          0.00
       219        219.000         9.30         7.70          0.00
       220        220.000         6.50         7.80          0.00
       221        221.000        10.50        11.93          0.00
       222        222.000        20.51        14.72          0.00
       223        223.000         9.49         8.25          0.00
       224        224.000         0.56         5.31          0.00
       225        225.000         3.81         6.47          0.00
       226        226.000         3.52         3.91          0.00
       227        227.000         1.45         4.75          0.00
       228        228.000         5.68         5.56          0.00
       229        229.000         5.10         7.93          0.00
       230        230.000        14.00         6.55          0.00
       231        231.000         8.71         4.21          0.00
       232        232.000         4.77         3.18          0.00
       233        233.000        15.95         9.36          0.00
       234        234.000         7.56         8.34          0.00
       235        235.000        16.86        12.19          0.00
       236        236.000        11.44         8.41          0.00
       237        237.000         8.62         8.23          0.00
       238        238.000         0.56         2.46          0.00
       239        239.000         9.15         6.11          0.00
       240        240.000         2.72         6.27          0.00
       241        241.000        13.38         7.20          0.00
       242        242.000        11.34         8.32          0.00
       243        243.000         8.76         9.80          0.00
       244        244.000        13.35        12.70          0.00
       245        245.000         2.83         5.73          0.00
       246        246.000         9.29         6.75          0.00
       247        247.000         3.60         6.59          0.00
       248        248.000         3.88         3.41          0.00
       249        249.000        27.88        21.90          0.00
       250        250.000         7.68         7.97          0.00
       251        251.000         4.23         5.26          0.00
       252        252.000         3.71         9.30          0.00
       253        253.000        10.77        11.03          0.00
       254        254.000         2.31         4.65          0.00
       255        255.000         4.10        11.43          0.00
       256        256.000        35.24        19.93          0.00
       257        257.000        19.34        18.16          0.00
       258        258.000         4.50         6.36          0.00
       259        259.000         5.58         7.41          0.00
       260        260.000         7.49         4.86          0.00
       261        261.000         4.60         2.86          0.00
       262        262.000         0.19         2.92          0.00
       263        263.000        10.45         6.00          0.00
       264        264.000        17.00        19.12          0.00
       265        265.000        12.85        10.36          0.00
       266        266.000        25.47        20.26          0.00
       267        267.000        11.32        16.90          0.00
       268        268.000        22.82        14.84          0.00
       269        269.000         1.08         1.78          0.00
       270        270.000        15.88        11.05          0.00
       271        271.000         6.58        10.64          0.00
       272        272.000        23.68        21.40          0.00
       273        273.000         5.07         8.73          0.00
       274        274.000         6.33         8.76          0.00
       275        275.000        22.98        21.01          0.00
       276        276.000         2.38         2.95          0.00
       277        277.000         1.35         6.89          0.00
       278        278.000         4.28         4.45          0.00
       279        279.000         8.06        10.08          0.00
       280        280.000         0.52         3.69          0.00
       281        281.000        10.92        10.97          0.00
       282        282.000        13.31         8.28          0.00
       283        283.000         2.52         6.43          0.00
       284        284.000         6.46        12.11          0.00
       285        285.000        21.45        14.12          0.00
       286        286.000        14.13        15.39          0.00
       287        287.000         4.92         8.19          0.00
       288        288.000         3.20         4.46          0.00
       289        289.000        11.27         5.98          0.00
       290        290.000        20.41        12.10          0.00
       291        291.000         5.93         6.73          0.00
       292        292.000        15.42         8.70          0.00
       293        293.000         9.72        11.67          0.00
       294        294.000         1.99         4.21          0.00
       295        295.000        10.35        18.59          0.00
       296        296.000         4.06         8.22          0.00
       297        297.000        18.56        15.16          0.00
       298        298.000         1.28         4.02          0.00
       299        299.000        13.10        12.24          0.00
       300        300.000        15.11         8.69          0.00
       301        301.000         4.78         5.03          0.00
       302        302.000        11.76        12.21          0.00
       303        303.000         2.01         4.60          0.00
       304        304.000         5.50        11.95          0.00
       305        305.000         3.45         6.08          0.00
       306        306.000         2.31         4.34          0.00
       307        307.000         0.84         3.34          0.00
       308        308.000         1.26         4.96          0.00
       309        309.000         4.95         4.35          0.00
       310        310.000        18.71        11.03          0.00
       311        311.000        17.08        12.02          0.00
       312        312.000         3.77         7.74          0.00
       313        313.000        16.31        13.53          0.00
       314        314.000        12.96         8.34          0.00
       315        315.000         0.86         5.20          0.00
       316        316.000        22.48        13.13          0.00
       317        317.000         8.42         6.73          0.00
       318        318.000         5.93         7.18          0.00
       319        319.000         3.86         3.60          0.00
       320        320.000         6.55         8.76          0.00
       321        321.000        21.60         9.90          0.00
       322        322.000         3.51         4.97          0.00
       323        323.000        17.75        12.12          0.00
       324        324.000         2.96         5.63          0.00
       325        325.000         6.92         6.22          0.00
       326        326.000         2.96         4.09          0.00
       327        327.000        22.52        24.35          0.00
       328        328.000         9.90         6.54          0.00
       329        329.000         5.64         8.56          0.00
       330        330.000        13.50        14.84          0.00
       331        331.000        21.81        16.10          0.00
       332        332.000         5.04         3.14          0.00
       333        333.000         5.50         6.55          0.00
       334        334.000         7.25         8.11          0.00
       335        335.000         7.73         8.14          0.00
       336        336.000         1.83         5.92          0.00
       337        337.000        15.57         7.29          0.00
       338        338.000         0.36         2.45          0.00
       339        339.000        15.56         6.69          0.00
       340        340.000        13.24        12.54          0.00
       341        341.000         9.09         5.61          0.00
       342        342.000         4.20         8.14          0.00
       343        343.000         2.89         6.45          0.00
       344        344.000        10.84         7.92          0.00
       345        345.000         0.99        10.71          0.00
       346        346.000        15.38         6.56          0.00
       347        347.000         8.69        11.76          0.00
       348        348.000         1.80         6.29          0.00
       349        349.000         8.86         9.19          0.00
       350        350.000         5.67         4.84          0.00
       351        351.000        10.18        16.04          0.00
       352        352.000         5.11        11.04          0.00
       353        353.000         9.36         8.49          0.00
       354        354.000        21.21        11.49          0.00
       355        355.000         4.27         6.00          0.00
       356        356.000         5.90         5.44          0.00
       357        357.000         0.64         6.36          0.00
       358        358.000         5.94         4.99          0.00
       359        359.000         3.88         6.18          0.00
       360        360.000        11.34         8.59          0.00
       361        361.000         5.78         6.18          0.00
       362        362.000         6.89         8.98          0.00
       363        363.000         7.52         6.87          0.00
       364        364.000         2.36         5.37          0.00
       365        365.000        33.67        17.13          0.00
       366        366.000         2.49         7.25          0.00
       367        367.000        22.39        18.25          0.00
       368        368.000        27.62        18.43          0.00
       369        369.000        11.50        10.77          0.00
       370        370.000        18.60        13.85          0.00
       371        371.000         4.23         9.98          0.00
       372        372.000         5.85         6.99          0.00
       373        373.000        17.94         9.17          0.00
       374        374.000        19.56        20.55          0.00
       375        375.000        13.07         9.33          0.00
       376        376.000        34.29        18.81          0.00
       377        377.000        16.00        11.06          0.00
       378        378.000         3.74         8.10          0.00
       379        379.000         7.18         4.01          0.00
       380        380.000         4.92         7.14          0.00
       381        381.000        18.81        11.74          0.00
       382        382.000         2.77         6.31          0.00
       383        383.000         7.96         8.83          0.00
       384        384.000        14.68        11.21          0.00
       385        385.000        11.00         7.14          0.00
       386        386.000         6.16         5.33          0.00
       387        387.000         9.13         8.80          0.00
       388        388.000        33.86        20.51          0.00
       389        389.000         8.99         8.54          0.00
       390        390.000         4.41         5.56          0.00
       391        391.000         4.66         6.25          0.00
       392        392.000         7.22         6.54          0.00
       393        393.000         8.53         6.64          0.00
       394        394.000         6.83         8.79          0.00
       395        395.000        24.67        18.57          0.00
       396        396.000         1.06         3.74          0.00
       397        397.000        24.34        19.27          0.00
       398        398.000        12.29        10.65          0.00
       399        399.000         2.87         2.85          0.00
       400        400.000         4.37         8.11          0.00
       401        401.000         2.58         4.14          0.00
       402        402.000        12.91         8.43          0.00
       403        403.000        14.09        11.32          0.00
       404        404.000         9.63         6.60          0.00
       405        405.000         3.23         4.52          0.00
       406        406.000        27.22        18.71          0.00
       407        407.000         0.74         1.69          0.00
       408        408.000        21.42        13.34          0.00
       409        409.000        13.76        10.48          0.00
       410        410.000        19.44         9.67          0.00
       411        411.000         8.45         8.45          0.00
       412        412.000         3.26         6.01          0.00
       413        413.000         6.52         6.53          0.00
       414        414.000        11.40         8.80          0.00
       415        415.000         2.57         6.41          0.00
       416        416.000         1.08         8.42          0.00
       417        417.000         6.94         3.66          0.00
       418        418.000         6.96         6.76          0.00
       419        419.000        27.94        16.12          0.00
       420        420.000        11.25        11.34          0.00
       421        421.000         1.92        10.07          0.00
       422        422.000         2.39         3.84          0.00
       423        423.000         7.04         9.73          0.00
       424        424.000        29.03        14.65          0.00
       425        425.000         5.82         4.10          0.00
       426        426.000         6.06         8.23          0.00
       427        427.000         1.40         4.16          0.00
       428        428.000        14.00        12.81          0.00
       429        429.000        11.67        15.41          0.00
       430        430.000        21.75        18.63          0.00
       431        431.000        16.78        10.17          0.00
       432        432.000        11.35        10.04          0.00
       433        433.000        24.90        14.25          0.00
       434        434.000         0.78         4.13          0.00
       435        435.000        15.23         9.75          0.00
       436        436.000        13.23         9.61          0.00
       437        437.000        31.53        19.58          0.00
       438        438.000         0.56         2.89          0.00
       439        439.000         1.04         5.69          0.00
       440        440.000        19.55        12.18          0.00
       441        441.000        21.68        16.99          0.00
       442        442.000        13.71        11.54          0.00
       443        443.000        10.98        10.94          0.00
       444        444.000         6.73         9.02          0.00
       445        445.000         0.99         5.43          0.00
       446        446.000         9.90         6.56          0.00
       447        447.000         7.73         6.33          0.00
       448        448.000        13.23        15.22          0.00
       449        449.000         4.22         3.44          0.00
       450        450.000         9.06         4.27          0.00
       451        451.000         6.37         7.86          0.00
       452        452.000         1.68         3.48          0.00
       453        453.000         3.93         3.69          0.00
       454        454.000         7.85         7.83          0.00
       455        455.000        14.95         8.46          0.00
       456        456.000        11.47        13.99          0.00
       457        457.000         5.79         6.07          0.00
       458        458.000         3.64         3.06          0.00
       459        459.000         2.67         3.87          0.00
       460        460.000         6.38         8.75          0.00
       461        461.000         5.10         6.07          0.00
       462        462.000        15.17        10.77          0.00
       463        463.000        25.65        13.35          0.00
       464        464.000        13.18        15.85          0.00
       465        465.000         2.00         4.06          0.00
       466        466.000         5.26        13.49          0.00
       467        467.000         2.23         6.90          0.00
       468        468.000         9.72         6.82          0.00
       469        469.000        12.40         5.47          0.00
       470        470.000         8.58        12.44          0.00
       471        471.000         2.52         3.61          0.00
       472        472.000         7.10         7.32          0.00
       473        473.000         2.22         3.47          0.00
       474        474.000         7.01         4.96          0.00
       475        475.000         3.59         5.35          0.00
       476        476.000         4.21         5.78          0.00
       477        477.000        11.04         8.82          0.00
       478        478.000         8.96         7.46          0.00
       479        479.000        13.49        10.65          0.00
       480        480.000        18.31        12.66          0.00
       481        481.000        25.00        17.09          0.00
       482        482.000        17.89        10.46          0.00
       483        483.000         3.90        12.33          0.00
       484        484.000        10.60         8.93          0.00
       485        485.000         4.65         6.19          0.00
       486        486.000         8.89        11.64          0.00
       487        487.000         2.25         5.25          0.00
       488        488.000        17.47        13.67          0.00
       489        489.000         7.53        10.22          0.00
       490        490.000        10.51        10.20          0.00
       491        491.000         0.58         3.89          0.00
       492        492.000         9.74         7.38          0.00
       493        493.000        10.15        11.77          0.00
       494        494.000        18.72        10.95          0.00
       495        495.000        15.23         7.54          0.00
       496        496.000        10.52         5.36          0.00
       497        497.000         6.55         6.56          0.00
       498        498.000        18.04         9.48          0.00
       499        499.000         5.09         8.31          0.00
       500        500.000        22.14        12.12          0.00
       501        501.000         5.39         7.12          0.00
       502        502.000         6.03         6.54          0.00
       503        503.000         4.00         7.13          0.00
       504        504.000        11.68         9.19          0.00
       505        505.000         3.89         3.88          0.00
       506        506.000        11.04         7.19          0.00
       507        507.000         4.90         6.11          0.00
       508        508.000         3.23         5.92          0.00
       509        509.000         7.64        10.76          0.00
       510        510.000        10.22         9.45          0.00
       511        511.000        21.41        18.78          0.00
       512        512.000         0.30         5.36          0.00
       513        513.000        11.93         5.63          0.00
       514        514.000         5.31         4.69          0.00
       515        515.000         9.21         6.23          0.00
       516        516.000        20.95        11.96          0.00
       517        517.000         1.66         5.97          0.00
       518        518.000         7.49         6.85          0.00
       519        519.000        18.10         9.55          0.00
       520        520.000         5.17        12.77          0.00
       521        521.000         8.08         5.20          0.00
       522        522.000         9.42         6.90          0.00
       523        523.000        26.92        19.67          0.00
       524        524.000         0.65         3.03          0.00
       525        525.000        14.58        14.07          0.00
       526        526.000        12.77         8.51          0.00
       527        527.000         2.58         7.55          0.00
       528        528.000        22.93        15.69          0.00
       529        529.000        18.62        12.30          0.00
       530        530.000         5.76         9.81          0.00
       531        531.000         1.26         2.49          0.00
       532        532.000         2.78         6.03          0.00
       533        533.000         2.53         4.48          0.00
       534        534.000         2.73         3.08          0.00
       535        535.000         3.21         3.13          0.00
       536        536.000         3.70         8.24          0.00
       537        537.000         6.90        12.94          0.00
       538        538.000         1.33         5.46          0.00
       539        539.000         2.89         2.41          0.00
       540        540.000         8.51         6.00          0.00
       541        541.000         2.33         6.40          0.00
       542        542.000        12.02        12.03          0.00
       543        543.000         7.07         8.57          0.00
       544        544.000        16.74         9.73          0.00
       545        545.000         4.10         4.73          0.00
       546        546.000        15.70        13.50          0.00
       547        547.000         1.56         6.14          0.00
       548        548.000         3.51        12.46          0.00
       549        549.000         1.33         2.70          0.00
       550        550.000         4.58         4.22          0.00
       551        551.000         9.13         6.75          0.00
       552        552.000         6.65         8.10          0.00
       553        553.000        11.08         6.27          0.00
       554        554.000         5.60         8.93          0.00
       555        555.000         1.44         1.90          0.00
       556        556.000        14.97         7.18          0.00
       557        557.000         2.37         7.13          0.00
       558        558.000        11.10         6.90          0.00
       559        559.000         8.70         5.78          0.00
       560        560.000        24.79        14.55          0.00
       561        561.000         1.69         7.88          0.00
       562        562.000         1.35         8.90          0.00
       563        563.000         5.52         5.72          0.00
       564        564.000         5.98         8.77          0.00
       565        565.000         2.82         5.71          0.00
       566        566.000         9.06        15.12          0.00
       567        567.000         4.03         3.70          0.00
       568        568.000         4.23         7.59          0.00
       569        569.000         5.71         6.92          0.00
       570        570.000        12.50         8.28          0.00
       571        571.000         8.24        10.31          0.00
       572        572.000         6.22         8.38          0.00
       573        573.000         1.30         6.55          0.00
       574        574.000         4.18         3.77          0.00
       575        575.000        16.45        14.15          0.00
       576        576.000         3.96         3.80          0.00
       577        577.000         2.56         7.78          0.00
       578        578.000        19.82        14.73          0.00
       579        579.000        14.87        10.13          0.00
       580        580.000         5.74        14.92          0.00
       581        581.000         2.06         2.99          0.00
       582        582.000         6.49         7.09          0.00
       583        583.000        21.18        19.20          0.00
       584        584.000         1.77         2.91          0.00
       585        585.000         7.64         8.20          0.00
       586        586.000        13.73        16.46          0.00
       587        587.000        20.41        10.18          0.00
       588        588.000         8.75        12.98          0.00
       589        589.000         3.30         9.11          0.00
       590        590.000         3.63         4.81          0.00
       591        591.000         1.66         7.24          0.00
       592        592.000        11.73         7.58          0.00
       593        593.000         6.50         9.98          0.00
       594        594.000        10.94        14.30          0.00
       595        595.000        13.45        10.33          0.00
       596        596.000        13.71        17.84          0.00
       597        597.000         8.89         7.58          0.00
       598        598.000        22.33        12.74          0.00
       599        599.000         6.57         7.50          0.00
       600        600.000        17.15        17.94          0.00
       601        601.000         5.22         7.63          0.00
       602        602.000         3.10         4.12          0.00
       603        603.000         3.43         6.37          0.00
       604        604.000         3.54         2.99          0.00
       605        605.000         6.34         8.71          0.00
       606        606.000        14.97        10.44          0.00
       607        607.000        13.34        11.68          0.00
       608        608.000        24.13        14.75          0.00
       609        609.000         5.03         4.64          0.00
       610        610.000         6.59         6.78          0.00
       611        611.000         3.38         7.53          0.00
       612        612.000        17.61        12.01          0.00
       613        613.000        18.10         9.81          0.00
       614        614.000         3.82         4.85          0.00
       615        615.000         8.41         5.47          0.00
       616        616.000        26.82        16.07          0.00
       617        617.000         3.80         5.38          0.00
       618        618.000        23.10        15.55          0.00
       619        619.000         0.75         2.24          0.00
       620        620.000         3.06         3.19          0.00
       621        621.000        16.46        15.48          0.00
       622        622.000         2.68         2.93          0.00
       623        623.000         7.60         8.54          0.00
       624        624.000         5.41         8.91          0.00
       625        625.000        11.44        10.82          0.00
       626        626.000         6.22         6.76          0.00
       627        627.000        11.28         8.39          0.00
       628        628.000         6.56         6.43          0.00
       629        629.000         4.91         6.10          0.00
       630        630.000        11.74         9.35          0.00
       631        631.000         9.77        11.29          0.00
       632        632.000        11.42         5.37          0.00
       633        633.000         1.78         5.75          0.00
       634        634.000        17.29        13.58          0.00
       635        635.000        11.55         7.72          0.00
       636        636.000         5.59        12.45          0.00
       637        637.000         2.74         4.81          0.00
       638        638.000        14.38        12.01          0.00
       639        639.000         5.87         4.92          0.00
       640        640.000         6.10         6.86          0.00
       641        641.000         2.34         4.12          0.00
       642        642.000        24.74        11.13          0.00
       643        643.000         5.68        10.67          0.00
       644        644.000         2.89         6.96          0.00
       645        645.000        13.70        11.17          0.00
       646        646.000        21.50        13.08          0.00
       647        647.000         1.38         5.72          0.00
       648        648.000        18.46        14.87          0.00
       649        649.000         3.81         3.89          0.00
       650        650.000         2.12         2.83          0.00
       651        651.000         1.39         3.73          0.00
       652        652.000        21.61        13.36          0.00
       653        653.000        17.94        10.66          0.00
       654        654.000         2.69         5.89          0.00
       655        655.000        39.36        32.17          0.00
       656        656.000        11.08        13.18          0.00
       657        657.000         6.02         7.97          0.00
       658        658.000         5.81         5.63          0.00
       659        659.000         3.28         6.11          0.00
       660        660.000         7.80        11.27          0.00
       661        661.000         7.33         6.78          0.00
       662        662.000         2.37         7.52          0.00
       663        663.000         1.54         7.24          0.00
       664        664.000         1.82         4.94          0.00
       665        665.000         3.17         5.40          0.00
       666        666.000         8.23         6.03          0.00
       667        667.000        18.23        14.66          0.00
       668        668.000         2.64         7.91          0.00
       669        669.000         9.84         5.70          0.00
       670        670.000         8.70         5.92          0.00
       671        671.000         2.23         7.43          0.00
       672        672.000        15.18         7.22          0.00
       673        673.000        13.02         8.85          0.00
       674        674.000         6.92         7.46          0.00
       675        675.000         1.89         4.04          0.00
       676        676.000         5.70         4.86          0.00
       677        677.000        22.21        17.40          0.00
       678        678.000         7.58        12.15          0.00
       679        679.000         3.92         4.60          0.00
       680        680.000        14.54        11.67          0.00
       681        681.000         6.92         8.06          0.00
       682        682.000        18.61        22.14          0.00
       683        683.000         3.66         6.23          0.00
       684        684.000         8.63         4.98          0.00
       685        685.000         9.42         6.17          0.00
       686        686.000         7.16        13.28          0.00
       687        687.000         1.41         4.11          0.00
       688        688.000        10.23         7.22          0.00
       689        689.000        13.64        10.28          0.00
       690        690.000         6.01         8.22          0.00
       691        691.000         4.63         5.77          0.00
       692        692.000         3.84         4.92          0.00
       693        693.000         3.97         4.69          0.00
       694        694.000        23.09        19.58          0.00
       695        695.000         0.81         2.59          0.00
       696        696.000        14.32         8.54          0.00
       697        697.000         0.69         9.03          0.00
       698        698.000         7.40         5.73          0.00
       699        699.000         4.20         9.19          0.00
       700        700.000        24.22        14.53          0.00
       701        701.000         4.87         4.57          0.00
       702        702.000         9.98        12.83          0.00
       703        703.000        11.54         6.31          0.00
       704        704.000         5.31         4.81          0.00
       705        705.000        13.17        19.72          0.00
       706        706.000         5.22         5.17          0.00
       707        707.000        23.77        20.88          0.00
       708        708.000         2.86         5.61          0.00
       709        709.000        33.99        15.31          0.00
       710        710.000         3.07         5.40          0.00
       711        711.000        18.08        11.76          0.00
       712        712.000         1.14         3.71          0.00
       713        713.000         3.72         4.10          0.00
       714        714.000         5.46         8.55          0.00
       715        715.000        17.24        18.43          0.00
       716        716.000        11.92        16.13          0.00
       717        717.000         9.69         9.53          0.00
       718        718.000         7.06         8.79          0.00
       719        719.000         3.98         5.39          0.00
       720        720.000         4.96         6.12          0.00
       721        721.000        29.40        23.35          0.00
       722        722.000         6.77        11.30          0.00
       723        723.000        19.49        16.62          0.00
       724        724.000        11.46        11.49          0.00
       725        725.000         8.85         5.47          0.00
       726        726.000         3.36         7.84          0.00
       727        727.000        14.05        12.41          0.00
       728        728.000        23.35        16.11          0.00
       729        729.000         2.04         3.78          0.00
       730        730.000        28.48        11.66          0.00
       731        731.000         3.46         5.48          0.00
       732        732.000         0.72         2.84          0.00
       733        733.000         1.26         6.56          0.00
       734        734.000         1.25         4.18          0.00
       735        735.000         6.18         5.69          0.00
       736        736.000        13.36         5.34          0.00
       737        737.000         4.69         5.27          0.00
       738        738.000         1.88         6.21          0.00
       739        739.000        16.45        17.71          0.00
       740        740.000        10.36         7.16          0.00
       741        741.000         7.31         6.68          0.00
       742        742.000         4.14         5.30          0.00
       743        743.000         8.61        11.16          0.00
       744        744.000         4.41         7.83          0.00
       745        745.000         4.34         5.29          0.00
       746        746.000         8.89        11.91          0.00
       747        747.000         5.19        10.00          0.00
       748        748.000         8.57        10.41          0.00
       749        749.000         6.05         8.25          0.00
       750        750.000         6.93         7.47          0.00
       751        751.000        11.68        12.62          0.00
       752        752.000         3.17         8.36          0.00
       753        753.000         0.23         2.14          0.00
       754        754.000        14.44        10.06          0.00
       755        755.000         8.76        13.00          0.00
       756        756.000         1.09         3.66          0.00
       757        757.000         2.71         7.35          0.00
       758        758.000         3.57         3.66          0.00
       759        759.000         6.41         6.07          0.00
       760        760.000        12.93        11.28          0.00
       761        761.000         8.30        14.34          0.00
       762        762.000         1.26         8.24          0.00
       763        763.000        17.42         8.05          0.00
       764        764.000        11.34        13.78          0.00
       765        765.000         7.16         7.28          0.00
       766        766.000         0.65         4.71          0.00
       767        767.000         0.82         5.41          0.00
       768        768.000        25.24        14.48          0.00
       769        769.000         4.75         5.13          0.00
       770        770.000         9.44         9.83          0.00
       771        771.000         7.67         8.96          0.00
       772        772.000         3.27         6.94          0.00
       773        773.000         9.14        10.17          0.00
       774        774.000        16.37        12.75          0.00
       775        775.000         6.14         6.66          0.00
       776        776.000         4.62         6.01          0.00
       777        777.000         5.20         4.34          0.00
       778        778.000         5.70         4.73          0.00
       779        779.000         8.63         4.58          0.00
       780        780.000         8.11         9.94          0.00
       781        781.000         2.32         2.90          0.00
       782        782.000         7.08        11.14          0.00
       783        783.000         8.95         8.23          0.00
       784        784.000        12.94        13.96          0.00
       785        785.000         7.08         4.92          0.00
       786        786.000         7.90         7.54          0.00
       787        787.000        10.10        11.62          0.00
       788        788.000         8.77        13.43          0.00
       789        789.000         3.34         5.41          0.00
       790        790.000         7.94         9.54          0.00
       791        791.000        14.82        14.12          0.00
       792        792.000         7.29         5.30          0.00
       793        793.000        11.87         9.38          0.00
       794        794.000         1.43         4.11          0.00
       795        795.000        33.56        22.66          0.00
       796        796.000         5.18        11.27          0.00
       797        797.000         4.04         8.61          0.00
       798        798.000         0.83         4.07          0.00
       799        799.000        19.15        15.88          0.00
       800        800.000         2.75         8.67          0.00
       801        801.000        10.74         8.66          0.00
       802        802.000         1.20         4.91          0.00
       803        803.000         0.66         7.57          0.00
       804        804.000        10.36         9.16          0.00
       805        805.000        10.16         7.39          0.00
       806        806.000         4.77         5.16          0.00
       807        807.000         1.76         4.92          0.00
       808        808.000         1.98         8.05          0.00
       809        809.000         5.32         5.51          0.00
       810        810.000        22.59        16.80          0.00
       811        811.000         4.00        11.35          0.00
       812        812.000         1.25         4.41          0.00
       813        813.000        13.34        12.09          0.00
       814        814.000         3.06        10.17          0.00
       815        815.000        12.75         8.63          0.00
       816        816.000        15.50        14.06          0.00
       817        817.000         9.32         4.89          0.00
       818        818.000         6.90         5.92          0.00
       819        819.000         3.04         5.52          0.00
       820        820.000        12.16        11.22          0.00
       821        821.000        12.28         6.31          0.00
       822        822.000         1.56         5.22          0.00
       823        823.000         4.74         8.60          0.00
       824        824.000         7.93         4.32          0.00
       825        825.000         3.63         5.17          0.00
       826        826.000         3.56        11.12          0.00
       827        827.000         5.74         5.51          0.00
       828        828.000         2.27         4.87          0.00
       829        829.000        30.72        26.51          0.00
       830        830.000         9.15         9.65          0.00
       831        831.000         8.35         8.45          0.00
       832        832.000        10.63         6.59          0.00
       833        833.000         4.54         7.72          0.00
       834        834.000        23.76        21.39          0.00
       835        835.000        14.96        15.64          0.00
       836        836.000        10.05        12.00          0.00
       837        837.000        12.27        14.04          0.00
       838        838.000        12.60        12.64          0.00
       839        839.000         8.88        10.04          0.00
       840        840.000        16.90         9.11          0.00
       841        841.000         5.55         6.49          0.00
       842        842.000         6.58        10.32          0.00
       843        843.000         3.66         5.52          0.00
       844        844.000         7.24         6.82          0.00
       845        845.000        14.13        10.39          0.00
       846        846.000         4.83         6.38          0.00
       847        847.000        17.99        16.35          0.00
       848        848.000         0.40         7.35          0.00
       849        849.000         5.17         3.33          0.00
       850        850.000         2.97         8.69          0.00
       851        851.000         6.36         8.19          0.00
       852        852.000        10.80         8.50          0.00
       853        853.000         2.59         2.58          0.00
       854        854.000         2.83         7.15          0.00
       855        855.000        14.58        12.44          0.00
       856        856.000        11.75        15.41          0.00
       857        857.000         8.89         7.42          0.00
       858        858.000         5.00         5.88          0.00
       859        859.000         7.89         6.71          0.00
       860        860.000         4.26         9.55          0.00
       861        861.000        19.40        12.59          0.00
       862        862.000         1.17         3.34          0.00
       863        863.000         8.60         5.35          0.00
       864        864.000         8.06         4.76          0.00
       865        865.000        17.33        12.02          0.00
       866        866.000        12.75        14.46          0.00
       867        867.000        15.98        12.77          0.00
       868        868.000         3.33         4.58          0.00
       869        869.000         1.30         4.42          0.00
       870        870.000         1.16         7.51          0.00
       871        871.000         9.73         9.11          0.00
       872        872.000        11.30        10.67          0.00
       873        873.000         6.22         5.25          0.00
       874        874.000         4.05        10.10          0.00
       875        875.000         3.30         5.06          0.00
       876        876.000        16.21        12.50          0.00
       877        877.000         6.31         9.40          0.00
       878        878.000         5.14         6.63          0.00
       879        879.000         1.45         2.56          0.00
       880        880.000        12.39         9.89          0.00
       881        881.000        24.73        15.83          0.00
       882        882.000        38.36        22.60          0.00
       883        883.000        16.03        13.28          0.00
       884        884.000         4.37         3.33          0.00
       885        885.000         1.88         3.39          0.00
       886        886.000        14.23         9.82          0.00
       887        887.000         2.35         5.46          0.00
       888        888.000         6.10         4.20          0.00
       889        889.000        24.68        15.36          0.00
       890        890.000         3.99         6.98          0.00
       891        891.000         7.26         7.30          0.00
       892        892.000         6.51         7.61          0.00
       893        893.000         6.30         6.42          0.00
       894        894.000         5.64         8.36          0.00
       895        895.000         0.52         8.95          0.00
       896        896.000         5.01         5.39          0.00
       897        897.000         2.22         2.93          0.00
       898        898.000         5.43         6.40          0.00
       899        899.000         7.99         3.95          0.00
       900        900.000        25.42        15.81          0.00
       901        901.000         9.21         5.40          0.00
       902        902.000         6.70         6.03          0.00
       903        903.000        11.76        11.06          0.00
       904        904.000         4.04         5.95          0.00
       905        905.000         1.70         7.75          0.00
       906        906.000         2.06         7.83          0.00
       907        907.000         4.04         5.67          0.00
       908        908.000         8.03        10.89          0.00
       909        909.000         5.26         5.29          0.00
       910        910.000         4.08         4.31          0.00
       911        911.000         9.01         7.45          0.00
       912        912.000         9.46         6.10          0.00
       913        913.000        12.66        12.09          0.00
       914        914.000         3.27         2.74          0.00
       915        915.000         5.15         5.83          0.00
       916        916.000         9.06        11.26          0.00
       917        917.000         8.06         6.76          0.00
       918        918.000         4.27         3.06          0.00
       919        919.000         5.48         5.77          0.00
       920        920.000         2.65         8.13          0.00
       921        921.000        16.27         9.48          0.00
       922        922.000        11.12        12.36          0.00
       923        923.000         6.00         5.51          0.00
       924        924.000        22.08        19.90          0.00
       925        925.000         0.55         5.43          0.00
       926        926.000        19.59        12.57          0.00
       927        927.000        14.62        10.26          0.00
       928        928.000         1.63         2.80          0.00
       929        929.000         8.99        10.02          0.00
       930        930.000         1.19         3.49          0.00
       931        931.000         2.97         4.78          0.00
       932        932.000         2.84         6.38          0.00
       933        933.000         5.36         8.70          0.00
       934        934.000         9.30        13.54          0.00
       935        935.000         6.81         6.36          0.00
       936        936.000        15.29         9.60          0.00
       937        937.000         3.46         4.19          0.00
       938        938.000         3.55         5.24          0.00
       939        939.000        18.86        10.79          0.00
       940        940.000         3.59         2.49          0.00
       941        941.000        30.79        19.33          0.00
       942        942.000        10.63         8.77          0.00
       943        943.000         3.86         3.69          0.00
       944        944.000         6.07         5.72          0.00
       945        945.000         7.67         8.23          0.00
       946        946.000        17.07         8.07          0.00
       947        947.000         1.55         6.17          0.00
       948        948.000        23.79        21.31          0.00
       949        949.000         7.69         6.59          0.00
       950        950.000         1.53         3.43          0.00
       951        951.000         4.18         7.79          0.00
       952        952.000         9.33        10.17          0.00
       953        953.000        11.70         7.20          0.00
       954        954.000         6.94         7.16          0.00
       955        955.000        14.68        12.92          0.00
       956        956.000        22.98        17.71          0.00
       957        957.000         2.38         3.79          0.00
       958        958.000         5.44         6.02          0.00
       959        959.000        11.56        13.26          0.00
       960        960.000         3.16         3.11          0.00
       961        961.000        11.08         6.72          0.00
       962        962.000         4.27         4.14          0.00
       963        963.000        16.16        14.06          0.00
       964        964.000        10.10         4.96          0.00
       965        965.000        10.67         9.79          0.00
       966        966.000         7.66         7.31          0.00
       967        967.000        10.01         9.85          0.00
       968        968.000         7.26         7.31          0.00
       969        969.000         1.87        10.22          0.00
       970        970.000         1.10         7.18          0.00
       971        971.000         6.56         4.93          0.00
       972        972.000        13.79        11.16          0.00
       973        973.000         6.76         5.29          0.00
       974        974.000        29.09        17.68          0.00
       975        975.000         9.48         8.83          0.00
       976        976.000         5.40         6.93          0.00
       977        977.000         8.82         7.05          0.00
       978        978.000         1.57         7.72          0.00
       979        979.000         6.25         9.30          0.00
       980        980.000         8.88         5.30          0.00
       981        981.000         9.71         9.34          0.00
       982        982.000         0.29         2.13          0.00
       983        983.000         4.69         4.60          0.00
       984        984.000         1.91         4.38          0.00
       985        985.000         4.02         3.83          0.00
       986        986.000         7.83         7.31          0.00
       987        987.000        21.32        19.58          0.00
       988        988.000        16.45        10.17          0.00
       989        989.000         1.09         4.47          0.00
       990        990.000        24.29        14.03          0.00
       991        991.000         2.75         2.44          0.00
       992        992.000        12.44        11.69          0.00
       993        993.000        17.91         8.74          0.00
       994        994.000        18.29        10.39          0.00
       995        995.000        22.71        10.48          0.00
       996        996.000         4.82         6.21          0.00
       997        997.000        19.63         9.58          0.00
       998        998.000         2.81         8.67          0.00
       999        999.000        13.41         6.07          0.00
      1000       1000.000         7.85         8.52          0.00
