                 Frame        <R^2>                    Cn
               100000   5547.4468567862059        4.6876066661795557     
               200000   3757.1657765470245        3.1748146119757008     
               300000   8768.6145054056688        7.4095015003912943     
               400000   12594.552325667675        10.642428663760034     
               500000   28219.929549603963        23.845912054843335     
               600000   123.01782257785993       0.10395037213730879     
               700000   46544.728279384603        39.330413465981216     
               800000   13195.766650347159        11.150456293213141     
               900000   5878.3770275451598        4.9672434999406470     
              1000000   22249.430883939294        18.800825537006965     
              1100000   14972.245054328592        12.651585050965982     
              1200000   609.50841047996573       0.51503615299410233     
              1300000   23488.603842043292        19.847929830011932     
              1400000   10387.035469048833        8.7770713201143664     
              1500000   6038.5719066136007        5.1026085791194467     
              1600000   17032.786622663247        14.392747903179648     
              1700000   7251.8301517859809        6.1278148739594052     
              1800000   4148.6579548577492        3.5056264957455379     
              1900000   11756.997645835540        9.9346928346789181     
              2000000   1053.5512491236047       0.89025347805038713     
              2100000   1969.3939888814766        1.6641429163618826     
              2200000   2642.5668247353842        2.2329756702943619     
              2300000   5076.4169677013379        4.2895852150424467     
              2400000   8040.5746769289299        6.7943059985115530     
              2500000   18632.293570559199        15.744335331617188     
              2600000   13837.732892098940        11.692919395967632     
              2700000   3082.0701935651391        2.6043571318426522     
              2800000   1589.3452815932590        1.3430007946346891     
              2900000   11253.041606460885        9.5088487030232542     
              3000000   4154.4337336481767        3.5105070434748535     
              3100000   2192.6151349211495        1.8527653510099551     
              3200000   8114.6920025446425        6.8569353266700741     
              3300000   6624.3335441565441        5.5975786487433830     
              3400000   20755.519674135619        17.538466775121854     
              3500000   7356.6540830107051        6.2163913617509143     
              3600000   5885.9761227908202        4.9736647546998363     
              3700000   11157.435555436334        9.4280613473838653     
              3800000   1122.6205744610215       0.94861723316849700     
              3900000   9857.8602250787299        8.3299168966020485     
              4000000   3620.1652581810627        3.0590488264275746     
              4100000   21187.281877904632        17.903306932556823     
              4200000   5801.4238694443802        4.9022178861385948     
              4300000   6449.2191936890858        5.4496065783862253     
              4400000   1189.7888369879711        1.0053745853893408     
              4500000   1207.4041252555016        1.0202595486600639     
              4600000   8406.4678368579480        7.1034866468118798     
              4700000   1683.6908636727667        1.4227230508180864     
              4800000   5420.6524151659660        4.5804650413712951     
              4900000   11015.590949096293        9.3082022952096590     
              5000000   15822.262014333553        13.369851538406170     
              5100000   4117.9639003934853        3.4796899418617002     
              5200000   580.90252143938278       0.49086410419031923     
              5300000   13967.886946391194        11.802899902006065     
              5400000   22958.399671178267        19.399905960663329     
              5500000   2831.5794392382518        2.3926918090171334     
              5600000   4689.1087782576815        3.9623088124787960     
              5700000   4986.7879949953340        4.2138485057442718     
              5800000   1745.7116144535794        1.4751307425557638     
              5900000   12854.763129495666        10.862307453070811     
              6000000   10369.667308363441        8.7623951802774389     
              6100000   10706.047538264758        9.0466373278389778     
              6200000   11410.201987243387        9.6416496234528299     
              6300000   24523.367422231095        20.722307680152927     
              6400000   7853.1762238628762        6.6359538302975283     
              6500000   10366.072795981690        8.7593578081966665     
              6600000   7385.5273094074109        6.2407893112987747     
              6700000   11510.850800689361        9.7266981261302838     
              6800000   8223.3358084034444        6.9487396182172434     
              6900000   19061.303224893658        16.106849577797576     
              7000000   6376.0869960381669        5.3878096858569275     
              7100000   13018.847332367548        11.000959020729558     
              7200000   2171.3931593718548        1.8348327278370662     
              7300000   28302.821294065972        23.915955789185027     
              7400000   64055.792759727068        54.127307372146099     
              7500000   5932.1599655270629        5.0126902189664051     
              7600000   4041.7238936760596        3.4152669427876328     
              7700000   470.25603744484334       0.39736754453826134     
              7800000   10686.792909214442        9.0303671174482893     
              7900000   17233.293017798722        14.562176315693218     
              8000000   5846.5504312098265        4.9403499453028390     
              8100000   20330.363167945630        17.179208448897821     
              8200000   9763.1017515293443        8.2498457460792256     
              8300000   411.54399610769929       0.34775572067367932     
              8400000   14556.923677511135        12.300637434010484     
              8500000   7278.1441078471462        6.1500502335816396     
              8600000   3524.9033226659581        2.9785522492665866     
              8700000   14389.565336681871        12.159219211472253     
              8800000   11103.826098442585        9.3827612202331672     
              8900000   11645.063366537681        9.8401080847288096     
              9000000   3562.7791688170364        3.0105574353438165     
              9100000   5341.6963460399948        4.5137469626721769     
              9200000   15776.966654730710        13.331576844641138     
              9300000   1345.3412976044219        1.1368168091997977     
              9400000   6851.5101484205979        5.7895434556248588     
              9500000   9806.6550973739468        8.2866484337995825     
              9600000   8444.8574807786790        7.1359259933078150     
              9700000   1499.2550689732113        1.2668743364391217     
              9800000   14661.141906144087        12.388702101575459     
              9900000   18763.368524625890        15.855094000301065     
             10000000   7924.0038331075202        6.6958033397774805     
             10100000   3340.7480183489133        2.8229405499723623     
             10200000   2987.1533264970799        2.5241521383947521     
             10300000   45702.671286159326        38.618873170661892     
             10400000   1820.6806664274354        1.5384797816474873     
             10500000   3835.3224929349690        3.2408572355834697     
             10600000   10466.668247314357        8.8443612197530133     
             10700000   9178.9857338981255        7.7562662294551377     
             10800000   3607.7867120467386        3.0485889235434427     
             10900000   14630.553213890420        12.362854579026850     
             11000000   26272.146321995337        22.200030286576979     
             11100000   5267.7750047185609        4.4512832417394748     
             11200000   17552.550977229919        14.831950101273485     
             11300000   13050.777999394522        11.027940515365797     
             11400000   12325.794481727355        10.415327603873081     
             11500000   2811.8265686948307        2.3760005833008830     
             11600000   15253.269888299030        12.889051748546029     
             11700000   12789.312584760639        10.807001576741472     
             11800000   7536.7179073868365        6.3685457501162182     
             11900000   22307.090626997531        18.849548166156506     
             12000000   9981.8661069234313        8.4347021813262462     
             12100000   5724.5494438800661        4.8372588015295772     
             12200000   1504.6293282692250        1.2714155991771239     
             12300000   12123.603813489221        10.244475976315272     
             12400000   17754.415083376240        15.002525783035322     
             12500000   979.63126784980727       0.82779090636138786     
             12600000   15815.625351928053        13.364243541838315     
             12700000   1241.7222333101702        1.0492584370209217     
             12800000   16259.189980704563        13.739056778343803     
             12900000   8831.2995159362144        7.4624704933025221     
             13000000   2004.1898926949050        1.6935455433509157     
             13100000   13180.905065411887        11.137898216243491     
             13200000   2780.3804425339813        2.3494285269256516     
             13300000   10860.394736143589        9.1770611015787598     
             13400000   18457.507285813146        15.596640477626822     
             13500000   23767.999429940672        20.084019810527337     
             13600000   16990.189811793694        14.356753489939647     
             13700000   5314.9900044786282        4.4911800363069094     
             13800000   9481.6789207099864        8.0120427401522445     
             13900000   10950.661406250736        9.2533366667985462     
             14000000   2644.6199728123920        2.2347105856276492     
             14100000   16348.817120047861        13.814791938445840     
             14200000   7832.1270405490768        6.6181672170019556     
             14300000   12321.796936404295        10.411949667934531     
             14400000   5871.5039851443071        4.9614357616770963     
             14500000   19200.494462287093        16.224466526481109     
             14600000   15367.955505917000        12.985961386355946     
             14700000   4337.1606152867744        3.6649117219823131     
             14800000   24436.329638472853        20.648760532088676     
             14900000   10073.954319010883        8.5125169541400911     
             15000000   3468.0974630903056        2.9305511538258719     
             15100000   3692.2954588727544        3.1199990289845623     
             15200000   2998.1461997171318        2.5334411441512907     
             15300000   1734.5818962737228        1.4657261024610553     
             15400000   11631.187931452198        9.8283833068837936     
             15500000   28542.708248059389        24.118660873830127     
             15600000   2688.6009843535053        2.2718746519464168     
             15700000   10007.100857190906        8.4560256093151942     
             15800000   14393.211820186085        12.162300499283340     
             15900000   11210.711894610931        9.4730799891323638     
             16000000   29779.877720945649        25.164072216743865     
             16100000   7499.6347117228052        6.3372103557112585     
             16200000   19911.749112874953        16.825478510465821     
             16300000   7272.7656324313175        6.1455054082116982     
             16400000   8889.2527518417628        7.5114411246525465     
             16500000   9330.2259624637190        7.8840646062437907     
             16600000   14806.762466850956        12.511751844768096     
             16700000   6092.1274450747669        5.1478631449733392     
             16800000   5760.0316221277208        4.8672413321564036     
             16900000   8152.6711591441926        6.8890278103383293     
             17000000   14094.402744879013        11.909806072660594     
             17100000   1313.8111979242972        1.1101737949877637     
             17200000   792.90581076395574       0.67000742145782177     
             17300000   650.27854613261354       0.54948702104209568     
             17400000   15282.018700397739        12.913344567696480     
             17500000   11200.804385439211        9.4647081187499058     
             17600000   28188.233544122133        23.819128849808013     
             17700000   18252.222319916695        15.423174160698439     
             17800000   7209.2648181480645        6.0918470590599849     
             17900000   27268.614346516046        23.042048295035041     
             18000000   6862.0850220705925        5.7984792506843608     
             18100000   25235.342497473670        21.323928424798385     
             18200000   5327.1721685215844        4.5014739958256742     
             18300000   6261.9964616307052        5.2914028948694360     
             18400000   2365.1812675915085        1.9985841708645053     
             18500000   9015.3768618266477        7.6180163175285029     
             18600000   25033.183279021912        21.153103372389836     
             18700000   10531.196251205170        8.8988875467287833     
             18800000   31049.681614817211        26.237059728173850     
             18900000   4564.6138632186194        3.8571102934648342     
             19000000   5781.2457493914762        4.8851673235081021     
             19100000   15909.974329664363        13.443968667360327     
             19200000   5258.5809699041456        4.4435142589988086     
             19300000   1986.0532308327338        1.6782200180701541     
             19400000   8165.0627129289760        6.8994987047200960     
             19500000   8537.3801753375810        7.2141079049121872     
             19600000   1483.7738548376644        1.2537926712234253     
             19700000   2629.6935537602203        2.2220977236647528     
             19800000   27670.894935571905        23.381976413251454     
             19900000   2767.6583059546388        2.3386782892438944     
             20000000   5230.7341882808769        4.4199836578882818     
             20100000   6802.6418206756753        5.7482495947162286     
             20200000   6272.3646034369522        5.3001640009965554     
             20300000   19183.656027535682        16.210238006402143     
             20400000   10200.934360836112        8.6198154115923806     
             20500000   53144.579262042651        44.907304288153505     
             20600000   11121.582461559448        9.3977653921094415     
             20700000   8212.3837456611363        6.9394850974179230     
             20800000   9294.2376447485985        7.8536543864830346     
             20900000   10338.576710942718        8.7361235465894840     
             21000000   15011.365567125717        12.684641983516464     
             21100000   6334.1099423665037        5.3523389690212797     
             21200000   2412.9010050376337        2.0389074700570253     
             21300000   22197.797462074668        18.757195164552979     
             21400000   977.18595903132950       0.82572461420676524     
             21500000   14652.992448882793        12.381815789516960     
             21600000   3694.6657614636897        3.1220019406866433     
             21700000   7688.8347300425958        6.4970848511347166     
             21800000   5409.0482132474081        4.5706594613137623     
             21900000   11020.488111549634        9.3123404099053513     
             22000000   7702.0185408024126        6.5082252046701035     
             22100000   12437.169814072349        10.509440042230143     
             22200000   24357.026415175806        20.581749107234373     
             22300000   11250.261063965494        9.5064991375612529     
             22400000   665.55198043220889       0.56239311176933804     
             22500000   4522.2355324850096        3.8213004964939232     
             22600000   4186.7794800446072        3.5378392812312147     
             22700000   1716.7403114499325        1.4506499180262467     
             22800000   6723.5572171074364        5.6814229040873414     
             22900000   6061.0036027770002        5.1215634192799495     
             23000000   16633.704854701573        14.055522796902265     
             23100000   10351.743352273523        8.7472493919138010     
             23200000   5664.6215846135165        4.7866196084304864     
             23300000   18896.755700983031        15.967806502685781     
             23400000   8959.7435814526179        7.5710060544876381     
             23500000   19994.974169906505        16.895803894774289     
             23600000   13583.565718011987        11.478147489118889     
             23700000   10199.160487233028        8.6183164838979938     
             23800000   662.40407805047607       0.55973312627149741     
             23900000   10868.920665815862        9.1842655337795360     
             24000000   3221.9246449297707        2.7225344980142192     
             24100000   15884.087149599996        13.422093934537989     
             24200000   13435.057612639821        11.352657763359254     
             24300000   10353.979959892586        8.7491393310255070     
             24400000   15771.024178666590        13.326555437292692     
             24500000   3357.4704423406583        2.8370710406651201     
             24600000   11023.250979744766        9.3146750405387984     
             24700000   4257.2026475449957        3.5973470364113243     
             24800000   4605.4507567835572        3.8916175721180570     
             24900000   33074.461968014206        27.948004262880801     
             25000000   9116.1801057953107        7.7031953143893714     
             25100000   5006.0571209521195        4.2301309660577013     
             25200000   4400.3975335095975        3.7183470782935384     
             25300000   12753.376879882391        10.776635814961336     
             25400000   2735.7250634270617        2.3116946183031115     
             25500000   4863.7314287134268        4.1098653950787618     
             25600000   41699.308539151032        35.236021494119143     
             25700000   22917.373802771559        19.365238997789437     
             25800000   5332.6592148720310        4.5061105639107790     
             25900000   6607.0626355654676        5.5829846871728508     
             26000000   8837.8645859517383        7.4680179941192364     
             26100000   5441.9086685386883        4.5984266293919323     
             26200000   226.56107013055313       0.19144467897724368     
             26300000   12341.742032567328        10.428803324786974     
             26400000   20138.058914917896        17.016710867271645     
             26500000   15236.506738212447        12.874886844199823     
             26600000   30155.256483597946        25.481268223407472     
             26700000   13432.572714494454        11.350558018122982     
             26800000   27040.724769454700        22.849481024331258     
             26900000   1284.0418600777275        1.0850186289916040     
             27000000   18825.609333014592        15.907687641275629     
             27100000   7790.5152957628179        6.5830051871011532     
             27200000   28082.528320104851        23.729807667371219     
             27300000   6007.7748007142800        5.0765849465115762     
             27400000   7510.3718098256977        6.3462832308449730     
             27500000   27224.315277943926        23.004615469718257     
             27600000   2821.1175962498974        2.3838515251534416     
             27700000   1602.9145734828912        1.3544668807026188     
             27800000   5065.7372062631302        4.2805607895358353     
             27900000   9544.4214448236926        8.0650603321871372     
             28000000   618.75791295717454       0.52285200605053461     
             28100000   12964.267922952498        10.954839281322384     
             28200000   15795.690407952005        13.347398463609633     
             28300000   2989.7644946475962        2.5263585821056820     
             28400000   7668.4224677481370        6.4798364377161617     
             28500000   25361.545128638667        21.430569968270717     
             28600000   16746.633789732950        14.150948033470339     
             28700000   5845.2078813851758        4.9392154872953666     
             28800000   3796.6884708225475        3.2082113888956418     
             28900000   13368.396390516513        11.296328861565696     
             29000000   24184.093469529085        20.435620329484308     
             29100000   7018.6555862609748        5.9307817745974107     
             29200000   18255.910155603564        15.426290391208767     
             29300000   11501.217276053143        9.7185577733753412     
             29400000   2355.6532175787652        1.9905329444339555     
             29500000   12279.689320573314        10.376368625743064     
             29600000   4807.3488703968651        4.0622219902757655     
             29700000   21975.296525286703        18.569181308549553     
             29800000   1519.4199657445265        1.2839137253631285     
             29900000   15557.996445832066        13.146546462660577     
             30000000   17913.236711242658        15.136730461464891     
             30100000   5662.1068283798995        4.7844946330339031     
             30200000   13887.804344412294        11.735229900188548     
             30300000   2373.1436304973263        2.0053123877180288     
             30400000   6516.7783077459317        5.5066942011413040     
             30500000   4085.7895419447818        3.4525025273559269     
             30600000   2740.3790348874500        2.3156272359928574     
             30700000   991.70699941477017       0.83799493016626125     
             30800000   1490.6009254579278        1.2595615632157617     
             30900000   5878.9354597903603        4.9677153766044153     
             31000000   22145.918459260036        18.713357275573273     
             31100000   20218.337270496413        17.084546281377406     
             31200000   4469.3436363157643        3.7766067100601641     
             31300000   19307.013705077090        16.314475556845760     
             31400000   15340.442524884545        12.962712847591408     
             31500000   1023.6459921574008       0.86498346005335081     
             31600000   26648.788833383747        22.518294164128346     
             31700000   10001.467862357480        8.4512657143917451     
             31800000   7037.8229796780470        5.9469782706567180     
             31900000   4589.3941399543883        3.8780496901666281     
             32000000   7761.2709844410583        6.5582936698502907     
             32100000   25629.900702409635        21.657331108844129     
             32200000   4167.4752598623099        3.5215271662082044     
             32300000   21045.548525916507        17.783541890592204     
             32400000   3505.9215336283969        2.9625125893787887     
             32500000   8234.5510756027052        6.9582165474503608     
             32600000   3500.6966745980963        2.9580975702442971     
             32700000   26701.276223849130        22.562646142216234     
             32800000   11785.705352627529        9.9589509197409214     
             32900000   6680.1605565737009        5.6447526158521297     
             33000000   16038.894631575668        13.552906649507198     
             33100000   25887.894280384236        21.875336336684359     
             33200000   5981.6020177111668        5.0544688784815088     
             33300000   6544.9592692733186        5.5305071851185232     
             33400000   8604.1245641917249        7.2705070828042704     
             33500000   9147.4424472993778        7.7296120722634152     
             33600000   2163.6068586287361        1.8282532839576402     
             33700000   18483.353649046439        15.618480720123362     
             33800000   432.45450154955768       0.36542515081567895     
             33900000   18445.702843738734        15.586665694129644     
             34000000   15711.681626921165        13.276410830533697     
             34100000   10776.266442681417        9.1059724801951827     
             34200000   4980.6530967279687        4.2086645011459654     
             34300000   3418.0331321364265        2.8882466671717748     
             34400000   12834.779278480743        10.845421048270214     
             34500000   1172.0377539912749       0.99037487522800283     
             34600000   18257.832546311634        15.427914816233608     
             34700000   10323.128704657074        8.7230699420911932     
             34800000   2134.0925488210901        1.8033136173013000     
             34900000   10494.004948026231        8.8674608011994902     
             35000000   6697.4759591846978        5.6593841749823621     
             35100000   12030.638647898470        10.165920175566573     
             35200000   6058.4958691065740        5.1194443779670777     
             35300000   11073.841772200662        9.3574243884975736     
             35400000   25213.269593676054        21.305276765097116     
             35500000   5094.2770241874050        4.3046770080787358     
             35600000   6997.5909236892685        5.9129820812896394     
             35700000   755.36482590196806       0.63828519401931549     
             35800000   7036.8781200142275        5.9461798618439667     
             35900000   4597.3885247030021        3.8848049655585433     
             36000000   13419.998659846740        11.339932910049091     
             36100000   6829.4798825832895        5.7709278251082106     
             36200000   8171.4553476978690        6.9049004973159915     
             36300000   8894.3470429561603        7.5157458135668875     
             36400000   2800.1599419396248        2.3661422540980297     
             36500000   40015.969018874042        33.813595329361739     
             36600000   2954.2007824500142        2.4963071550843412     
             36700000   26615.004976343840        22.489746719230194     
             36800000   32756.824068634185        27.679599432153381     
             36900000   13668.339404240023        11.549781469026788     
             37000000   22061.714492934971        18.642204710428590     
             37100000   5017.3988575059557        4.2397147622162485     
             37200000   6929.7040910170763        5.8556175354732707     
             37300000   21276.559053111865        17.978746372076134     
             37400000   23220.454091801272        19.621342610842593     
             37500000   15507.114635553109        13.103551203903091     
             37600000   40714.389111284305        34.403762079128995     
             37700000   18961.538887324623        16.022548459479779     
             37800000   4422.3618230206994        3.7369069586471806     
             37900000   8518.7517765697776        7.1983668606987781     
             38000000   5839.4910588202538        4.9343847577261561     
             38100000   22297.815723258660        18.841710848969537     
             38200000   3295.9047087211693        2.7850478395830018     
             38300000   9459.9330792436340        7.9936674489505526     
             38400000   17408.612069039194        14.710321358722837     
             38500000   13053.467408327033        11.030213072735986     
             38600000   7308.4111080840521        6.1756259255600519     
             38700000   10837.542894150403        9.1577512371263037     
             38800000   40222.997483678992        33.988534907290543     
             38900000   10654.544445978072        9.0031170842089576     
             39000000   5225.1741109846589        4.4152853784687434     
             39100000   5527.3763425498000        4.6706470307369674     
             39200000   8561.1268512200277        7.2341739062709891     
             39300000   10141.486614003408        8.5695819147177890     
             39400000   8138.6213877072678        6.8771557178341061     
             39500000   29324.332641845467        24.779135469324100     
             39600000   1261.3594977261400        1.0658519752662181     
             39700000   28820.413591162040        24.353322593206347     
             39800000   14579.437451086307        12.319661629792140     
             39900000   3400.9304852265200        2.8737948871486609     
             40000000   5180.8835524147726        4.3778597441254350     
             40100000   3049.1744996770635        2.5765601870608004     
             40200000   15273.864337722403        12.906454110550669     
             40300000   16648.774597810807        14.068256768056951     
             40400000   11371.666154661463        9.6090867471673516     
             40500000   3830.0981885232568        3.2364426851030923     
             40600000   32238.740836579695        27.241817786846834     
             40700000   872.32010971643797       0.73711270552273211     
             40800000   25387.976634346582        21.452904657642645     
             40900000   16313.536201017894        13.784979472368496     
             41000000   23075.682243292977        19.499010031610680     
             41100000   10009.314941711855        8.4578965163518589     
             41200000   3857.4346894663386        3.2595420977444332     
             41300000   7727.1657981005874        6.5294747008780485     
             41400000   13518.601764455654        11.423252783569884     
             41500000   3053.0453781232045        2.5798310891670373     
             41600000   1282.6258361715113        1.0838220851988267     
             41700000   8227.4928100810394        6.9522522951798678     
             41800000   8272.2038776210939        6.9900332606696720     
             41900000   33177.727874018397        28.035264215408720     
             42000000   13382.712928759345        11.308426372697618     
             42100000   2276.5401625191726        1.9236822122227017     
             42200000   2842.1014024723418        2.4015828946409785     
             42300000   8335.7674666904531        7.0437446546748852     
             42400000   34388.709200657584        29.058546508312272     
             42500000   6874.4783568120256        5.8089516499790141     
             42600000   7164.5972878546254        6.0541028826540124     
             42700000   1665.1069907009360        1.4070196310152232     
             42800000   16618.512807548541        14.042685478520323     
             42900000   13813.683272683813        11.672597406555235     
             43000000   25833.882405410746        21.829696165319969     
             43100000   19869.223430385337        16.789544200887299     
             43200000   13443.987307846040        11.360203378460445     
             43300000   29409.782532455683        24.851340843650263     
             43400000   921.11639853687211       0.77834569335742831     
             43500000   18057.625904064575        15.258739695671130     
             43600000   15693.027245758331        13.260647831130580     
             43700000   37338.172771903810        31.550850707912542     
             43800000   659.60156815765299       0.55736499830294173     
             43900000   1234.2369337349267        1.0429333398918994     
             44000000   23190.464331855732        19.596001187613659     
             44100000   25704.351615255677        21.720242319058485     
             44200000   16270.206884584108        13.748366090068572     
             44300000   12969.339058302521        10.959124403557089     
             44400000   7977.6461555491205        6.7411312383149840     
             44500000   1170.8306339976998       0.98935485577133331     
             44600000   11753.042091830212        9.9313503815103736     
             44700000   9186.2249525361603        7.7623833875679846     
             44800000   15721.752772833084        13.284920974376721     
             44900000   5017.0316172000976        4.2394044432262206     
             45000000   10739.737660882736        9.0751055669128249     
             45100000   7565.6876886134323        6.3930252887402661     
             45200000   1995.5752057473578        1.6862661110273824     
             45300000   4651.7893750488329        3.9307738220992778     
             45400000   9305.1603683303620        7.8628841156172697     
             45500000   17741.179245166655        14.991341466172903     
             45600000   13613.077264217076        11.503084820524061     
             45700000   6877.0987051931252        5.8111658510080755     
             45800000   4313.2544490358941        3.6447109508576045     
             45900000   3170.8680194248386        2.6793915199473317     
             46000000   7558.2461511187994        6.3867371706803713     
             46100000   6031.2137031895136        5.0963908785605563     
             46200000   17951.938364655754        15.169433456773350     
             46300000   30354.949248742596        25.650009116514862     
             46400000   15637.918041332614        13.214080413595459     
             46500000   2375.3071255696559        2.0071405465422796     
             46600000   6235.1090341200661        5.2686829504176727     
             46700000   2637.7244256758340        2.2288838308053398     
             46800000   11536.743691511891        9.7485776845577554     
             46900000   14724.836880658084        12.442524516614679     
             47000000   10185.288060754983        8.6065942483338933     
             47100000   2995.3286273696008        2.5310602883702984     
             47200000   8427.6288766628459        7.1213677791261771     
             47300000   2630.9149180675213        2.2231297796026537     
             47400000   8324.5336942494505        7.0342520884655553     
             47500000   4259.2256668867567        3.5990564928869007     
             47600000   4982.7649841199736        4.2104490513494301     
             47700000   13095.943703033867        11.066105649512776     
             47800000   10631.860892101828        8.9839494236422137     
             47900000   16014.446773253358        13.532248147208024     
             48000000   21696.083719946775        18.333245779758855     
             48100000   29709.355532307309        25.104480788451003     
             48200000   21231.831647057501        17.940951600500295     
             48300000   4624.7277651580725        3.9079066930944637     
             48400000   12542.747181460480        10.598653185490967     
             48500000   5505.8015717792723        4.6524162947072014     
             48600000   10528.080189894508        8.8962544670167691     
             48700000   2658.8520813959431        2.2467367534833058     
             48800000   20722.806576127616        17.510824124321857     
             48900000   8921.3346104027951        7.5385503765185922     
             49000000   12426.373213896171        10.500316887693561     
             49100000   687.38409951818983       0.58084130777847631     
             49200000   11525.246668668424        9.7388626710905566     
             49300000   12032.428791095672        10.167432851109261     
             49400000   22156.922434614920        18.722655662661904     
             49500000   18059.177922995012        15.260051155604353     
             49600000   12477.323482428244        10.543369993848588     
             49700000   7759.8451255499003        6.5570888154702907     
             49800000   21389.678939503610        18.074332963028105     
             49900000   6026.3893986512230        5.0923143289878992     
             50000000   26189.528574268632        22.130218080171673     
             50100000   6396.4841325036923        5.4050453179116644     
             50200000   7166.5629978232300        6.0557639125638945     
             50300000   4748.3090201748546        4.0123331670719189     
             50400000   13880.551084823264        11.729100877436492     
             50500000   4608.6905825464219        3.8943552331061366     
             50600000   13076.572050071343        11.049736553619420     
             50700000   5802.2097163397839        4.9028819287586671     
             50800000   3834.8383436397239        3.2404481282008475     
             50900000   9068.9004332997483        7.6632438711963875     
             51000000   12099.874283381174        10.224424463179330     
             51100000   25366.740827906870        21.434960347332265     
             51200000   359.57849045361860       0.30384473657520689     
             51300000   14103.415049786192        11.917421493168654     
             51400000   6286.2062146315720        5.3118601975679915     
             51500000   10917.134057528378        9.2250059720794066     
             51600000   24860.903841687330        21.007526810821279     
             51700000   1964.5072679650093        1.6600136247913344     
             51800000   8877.3828743270569        7.5014110480423293     
             51900000   21448.395404654279        18.123948525026339     
             52000000   6140.8792951447467        5.1890585819511736     
             52100000   9598.5043594833605        8.1107605322665588     
             52200000   11183.962463426045        9.4504766519259160     
             52300000   31958.888676858442        27.005342001982072     
             52400000   767.72435703745418       0.64872902918119435     
             52500000   17322.020519386464        14.637151279609702     
             52600000   15168.936592720420        12.817789899854034     
             52700000   3061.7847293525301        2.5872158631249089     
             52800000   27187.261165784323        22.973304650948315     
             52900000   22055.745038144647        18.637160505988067     
             53000000   6833.5651316898457        5.7743798709662917     
             53100000   1493.9779153373256        1.2624151282302549     
             53200000   3298.0002430741179        2.7868185714269811     
             53300000   2998.1421142425511        2.5334376919149064     
             53400000   3225.5311727909193        2.7255820232055599     
             53500000   3801.7766914338949        3.2125109482195073     
             53600000   4383.4004369171380        3.7039844885564164     
             53700000   8163.4206009436130        6.8981111159269224     
             53800000   1576.6760496335821        1.3322952614907517     
             53900000   3425.8854115397548        2.8948818631864461     
             54000000   10064.534256365776        8.5045569773091252     
             54100000   2752.3609063485887        2.3257519477719049     
             54200000   14246.838058896335        12.038614299687531     
             54300000   8383.1787958906025        7.0838073481172170     
             54400000   19840.032869458031        16.764878102856102     
             54500000   4844.5846911300887        4.0936863532513579     
             54600000   18656.543904170892        15.764826925034834     
             54700000   1854.2925066142548        1.5668818718684245     
             54800000   4154.8818844020498        3.5108857319986995     
             54900000   1574.5932182082684        1.3305352636528485     
             55000000   5431.6152381048851        4.5897286545640483     
             55100000   10829.785786979815        9.1511964618897217     
             55200000   7881.8671227357818        6.6601977126252692     
             55300000   13128.952535273995        11.093998196489109     
             55400000   6637.8784117801561        5.6090240962445685     
             55500000   1706.6937532188658        1.4421605508359152     
             55600000   17752.489725279727        15.000898850559718     
             55700000   2816.9240757340503        2.3803079896798574     
             55800000   13132.635636924606        11.097110426726793     
             55900000   10260.903744609142        8.6704896930047823     
             56000000   29352.735229666883        24.803135728081973     
             56100000   1993.9435498210453        1.6848873576306309     
             56200000   1601.2524141004028        1.3530623518080205     
             56300000   6536.8152831809603        5.5236254962116504     
             56400000   7083.9190490521469        5.9859295662096219     
             56500000   3340.6072721247047        2.8228216190558753     
             56600000   10739.654837870972        9.0750355812577848     
             56700000   4772.3663084904565        4.0326616367246686     
             56800000   5005.1401050275381        4.2293560852752377     
             56900000   6763.2556545930429        5.7149681844656115     
             57000000   14812.941708556809        12.516973319684411     
             57100000   9752.4727467436387        8.2408642100727327     
             57200000   7372.3413052581855        6.2296471043437727     
             57300000   1540.3397925242621        1.3015910320592796     
             57400000   4947.1720469635366        4.1803729291637213     
             57500000   19483.310187061561        16.463446531333506     
             57600000   4696.1145962548935        3.9682287464580819     
             57700000   3039.6639346456463        2.5685237354838248     
             57800000   23458.658208304041        19.822625693539244     
             57900000   17636.303393617767        14.902721105575770     
             58000000   6804.7427527050440        5.7500248876104738     
             58100000   2449.5066992072871        2.0698393744879597     
             58200000   7725.5021441731215        6.5280689090891535     
             58300000   25078.138533992391        21.191090676877781     
             58400000   2097.0485149133510        1.7720113146797483     
             58500000   9042.4172854059507        7.6408655440463917     
             58600000   16261.450289000521        13.740966744587608     
             58700000   24184.638240000411        20.436080661914492     
             58800000   10364.113969148060        8.7577025945532991     
             58900000   3898.9866862860385        3.2946536404619313     
             59000000   4310.3754618203766        3.6422781993573730     
             59100000   1970.7261134858798        1.6652685650318004     
             59200000   13896.768223520707        11.742804400773808     
             59300000   7717.0039804514499        6.5208879391870678     
             59400000   12959.331054415077        10.950667614884919     
             59500000   15873.799314998565        13.413400688202653     
             59600000   16215.183609420837        13.701871282978196     
             59700000   10528.378159855369        8.8965062523895551     
             59800000   26520.999756073303        22.410312069638771     
             59900000   7779.8172489628178        6.5739653104174423     
             60000000   20343.087775406620        17.189960774480838     
             60100000   6213.3813911945526        5.2503230370291547     
             60200000   3688.6990694440892        3.1169600707943879     
             60300000   4073.5440625513538        3.4421550662054026     
             60400000   4205.3030589718928        3.5534917524134904     
             60500000   7516.1040724648492        6.3511270073160730     
             60600000   17754.968173652109        15.002993145721454     
             60700000   15857.875351031560        13.399944898256251     
             60800000   28630.451133253544        24.192803834396354     
             60900000   5983.7767672062564        5.0563065473215412     
             61000000   7825.2976724034706        6.6123963835948762     
             61100000   4004.8525566643639        3.3841105694813169     
             61200000   20836.381571764246        17.606795283740230     
             61300000   21422.172910403991        18.101790450866307     
             61400000   4532.7277280875678        3.8301664283936123     
             61500000   9992.3123739567691        8.4435293034684378     
             61600000   31867.747701371169        26.928327646498232     
             61700000   4520.8574904074876        3.8201360474427415     
             61800000   27399.924007768277        23.153005291886082     
             61900000   882.61141333017326       0.74580888318226368     
             62000000   3627.3391325391381        3.0651107684580983     
             62100000   19511.288776082372        16.487088510029313     
             62200000   3174.4462887896552        2.6824151666375888     
             62300000   9004.8543973407013        7.6091248083455678     
             62400000   6425.6175790485358        5.4296631541448015     
             62500000   13555.961062693297        11.454821485349933     
             62600000   7392.7511524575048        6.2468934770008087     
             62700000   13343.436580851690        11.275237759083431     
             62800000   7778.3435533490265        6.5727200338854699     
             62900000   5811.3353020729792        4.9105930718520687     
             63000000   13916.705689933542        11.759651610467978     
             63100000   11554.573374036980        9.7636438115199695     
             63200000   13535.533515881023        11.437560156475055     
             63300000   2111.0304400912119        1.7838260769229568     
             63400000   20440.291590328132        17.272098244666200     
             63500000   13653.326567552873        11.537095583943120     
             63600000   6623.3707634098673        5.5967650965701568     
             63700000   3251.6842813712174        2.7476814662984408     
             63800000   17046.542776314338        14.404371887910020     
             63900000   6960.4598459105464        5.8816062263763023     
             64000000   7229.0357022773851        6.1085535063020169     
             64100000   2774.5487986974413        2.3445007730906586     
             64200000   29402.550123127658        24.845229439421647     
             64300000   6752.1027733149112        5.7055439714941025     
             64400000   3426.8785648617495        2.8957210802628612     
             64500000   16251.650493036217        13.732685892138651     
             64600000   25507.574452604666        21.553965117454222     
             64700000   1632.2276980259389        1.3792365453000275     
             64800000   21871.666678536643        18.481613825168168     
             64900000   4514.3077735871757        3.8146015201149268     
             65000000   2506.6615262783052        2.1181353483474834     
             65100000   1643.0521735425423        1.3883832545699784     
             65200000   25606.377696156705        21.637454108889649     
             65300000   21237.560780616386        17.945792732890631     
             65400000   3188.3958386156551        2.6942025716263482     
             65500000   46561.031089815697        39.344189382150788     
             65600000   13097.965900780648        11.067814411738512     
             65700000   7145.3447085078615        6.0378344042680254     
             65800000   6882.3340423457776        5.8155897241825336     
             65900000   3871.5507043013504        3.2714701660880801     
             66000000   9213.1074854348954        7.7850991960602736     
             66100000   8693.0678161719989        7.3456643563497366     
             66200000   2809.4707750862030        2.3740099317256567     
             66300000   1823.3940402659409        1.5407725894240336     
             66400000   2158.7383270927012        1.8241393624596987     
             66500000   3765.8150035644157        3.1821232307458698     
             66600000   9745.0468300770735        8.2345892916521812     
             66700000   21634.658264681580        18.281341114241961     
             66800000   3113.7196458105295        2.6311009992750973     
             66900000   11670.722486269504        9.8617901059916289     
             67000000   10307.012466971955        8.7094516803652446     
             67100000   2639.3515171228564        2.2302587272055123     
             67200000   17982.368244402605        15.195146782350841     
             67300000   15434.001108634602        13.041770088190043     
             67400000   8198.4522561711310        6.9277129534588919     
             67500000   2242.3605203741631        1.8948003279067522     
             67600000   6753.9659358589761        5.7071183485701171     
             67700000   26334.636163340914        22.252834361031823     
             67800000   8992.5512724417440        7.5987286365966407     
             67900000   4659.1588084412006        3.9370010120098522     
             68000000   17264.125434043373        14.588229785632466     
             68100000   8216.7342655876200        6.9431612977917538     
             68200000   22166.759137823799        18.730967701826149     
             68300000   4341.4603202795251        3.6685449836082400     
             68400000   10218.787542486098        8.6349013953747402     
             68500000   11144.102756952827        9.4167950988440232     
             68600000   8495.8631541395116        7.1790259166836883     
             68700000   1669.6380525790955        1.4108483897962019     
             68800000   12121.321680268120        10.242547567954361     
             68900000   16173.279175622869        13.666461930120040     
             69000000   7125.9794766140449        6.0214707341940121     
             69100000   5492.8928201552490        4.6415083668393020     
             69200000   4554.9262177487199        3.8489242084681425     
             69300000   4720.5181908822951        3.9888498458227764     
             69400000   27428.537780548817        23.177184002470124     
             69500000   964.90367885770672       0.81534605630362311     
             69600000   16994.295817404447        14.360223075096428     
             69700000   822.29768704614810       0.69484363147457673     
             69800000   8772.8384070008105        7.4130707079539491     
             69900000   4983.2130630013635        4.2108276791408450     
             70000000   28772.864533084277        24.313143518513058     
             70100000   5780.8542955171506        4.8848365439912973     
             70200000   11858.374339451042        10.020356397946037     
             70300000   13684.810768721271        11.563699813796314     
             70400000   6295.9726818600348        5.3201128871506160     
             70500000   15617.710246296632        13.197004775528988     
             70600000   6174.2105607524027        5.2172235859409852     
             70700000   28198.221866452441        23.827569007514469     
             70800000   3385.6811361282389        2.8609091484776257     
             70900000   40283.726829226434        34.039851358330111     
             71000000   3634.4918473147918        3.0711548305878003     
             71100000   21385.556481833410        18.070849475839356     
             71200000   1348.7728313564462        1.1397164639250217     
             71300000   4415.4181100679343        3.7310395035879940     
             71400000   6480.3730232237831        5.4759316433708900     
             71500000   20382.458151991861        17.223228842566108     
             71600000   14102.608668450241        11.916740098894230     
             71700000   11492.729570224003        9.7113856404189747     
             71800000   8385.8465512218609        7.0860616081394197     
             71900000   4728.9182732353875        3.9959479367196082     
             72000000   5881.3938477192260        4.9697927206404930     
             72100000   34862.232260699166        29.458674695232229     
             72200000   8020.9579712181303        6.7777298324242761     
             72300000   23086.094325507398        19.507808267494170     
             72400000   13599.025544545042        11.491211081756227     
             72500000   10493.390350082471        8.8669414643779643     
             72600000   3987.2122864472144        3.3692044963997940     
             72700000   16687.145340916399        14.100680143316147     
             72800000   27731.970298032691        23.433585249460542     
             72900000   2426.0956177949479        2.0500569513076985     
             73000000   33836.912831473877        28.592277176611507     
             73100000   4109.1354112860263        3.4722298461706900     
             73200000   850.67234925656066       0.71882029302031325     
             73300000   1500.0407355310504        1.2675382266734940     
             73400000   1484.9064243149137        1.2547496953046875     
             73500000   7310.8449383736979        6.1776825183286945     
             73600000   15881.877843265807        13.420227065081258     
             73700000   5576.1497053722769        4.7118606460452330     
             73800000   2228.0369245236307        1.8826968530784205     
             73900000   19534.269769944189        16.506507508138380     
             74000000   12279.590436643437        10.376285068571478     
             74100000   8650.5741062059751        7.3097570636347537     
             74200000   4898.1942808620370        4.1389865925661722     
             74300000   10217.325193347629        8.6336657066431979     
             74400000   5220.5232432811426        4.4113553834614265     
             74500000   5148.8208458377921        4.3507666757344952     
             74600000   10558.889038545942        8.9222880222799628     
             74700000   6156.8657032268002        5.2025671373331930     
             74800000   10157.294116482983        8.5829392944118812     
             74900000   7173.6177283873913        6.0617251777863297     
             75000000   8201.7836101115954        6.9305279559892217     
             75100000   13866.078955662188        11.716871891583967     
             75200000   3752.0208361116556        3.1704671242566556     
             75300000   268.35931969241699       0.22676430588653862     
             75400000   17101.371476698947        14.450702278818850     
             75500000   10390.614731369807        8.7800958058550957     
             75600000   1288.0512637316494        1.0884065852498128     
             75700000   3213.9537865737302        2.7157991024837074     
             75800000   4247.6851815428290        3.5893047534965605     
             75900000   7614.9841035789395        6.4346808844362187     
             76000000   15367.960838272047        12.985965892209489     
             76100000   9843.5573810415553        8.3178309571086473     
             76200000   1497.9468476182581        1.2657688860756242     
             76300000   20650.751346540103        17.449937272538079     
             76400000   13478.179161453711        11.389095581493320     
             76500000   8473.8216072273553        7.1604007536301770     
             76600000   770.75447540685445       0.65128948688983157     
             76700000   968.27229954762777       0.81819254933177854     
             76800000   29831.068106059556        25.207328222019644     
             76900000   5629.2419654191835        4.7567237404638787     
             77000000   11184.461989149579        9.4508987524294472     
             77100000   9086.7221401267598        7.6783032586734947     
             77200000   3872.2341269356525        3.2720476599477015     
             77300000   10846.069352052495        9.1649561156826174     
             77400000   19342.064541704971        16.344093602709695     
             77500000   7277.9043578573419        6.1498476442320813     
             77600000   5472.9283293855706        4.6246383214950484     
             77700000   6152.0204137312821        5.1984728554184443     
             77800000   6721.2304063953325        5.6794567431331977     
             77900000   10209.597486906639        8.6271357750977060     
             78000000   9597.4749009732623        8.1098906372141002     
             78100000   2753.2971938099945        2.3265431130518706     
             78200000   8397.5043459965709        7.0959124742963509     
             78300000   10616.955864102161        8.9713546371729471     
             78400000   15341.896910375990        12.963941807021016     
             78500000   8415.5897065180943        7.1111946498141281     
             78600000   9349.2022848510587        7.9000996467982842     
             78700000   11938.100879427580        10.087725526468336     
             78800000   10378.138542655641        8.7695533947433084     
             78900000   3966.4825022180157        3.3516877761409267     
             79000000   9416.8405368114509        7.9572541412826086     
             79100000   17558.176662159567        14.836703819309697     
             79200000   8657.8090579396048        7.3158706162025551     
             79300000   14087.724208320917        11.904162692327578     
             79400000   1691.1374167980373        1.4290154070985939     
             79500000   39879.804902380827        33.698536305517784     
             79600000   6152.6856726617516        5.1990350009022528     
             79700000   4798.3476275442899        4.0546159172319083     
             79800000   989.11842708278971       0.83580757997931243     
             79900000   22688.409510642734        19.171763590127409     
             80000000   3253.2762849149249        2.7490267133313049     
             80100000   12696.881101558769        10.728896738965171     
             80200000   1429.0575411595928        1.2075572473667124     
             80300000   781.75993980083047       0.66058913222027660     
             80400000   12290.456527784634        10.385466943149778     
             80500000   12023.287057922233        10.159708063387892     
             80600000   5634.1034895838311        4.7608317407152221     
             80700000   2090.8024269916937        1.7667333545415116     
             80800000   2345.7470701038242        1.9821622246887298     
             80900000   6286.1481684620630        5.3118111484075099     
             81000000   26776.996725185578        22.626630157925550     
             81100000   4726.5957020001570        3.9939853581341773     
             81200000   1486.7258303008857        1.2562870979781167     
             81300000   15806.820185536541        13.356803153901442     
             81400000   3620.8481218491870        3.0596258479593588     
             81500000   15112.881707743001        12.770423379853822     
             81600000   18352.923300363385        15.508266744623828     
             81700000   11053.221566267090        9.3400002621764777     
             81800000   8176.5808577566077        6.9092315663174944     
             81900000   3598.7203946849036        3.0409278623741858     
             82000000   14413.961226918003        12.179833800606783     
             82100000   14546.360458747527        12.291711487359544     
             82200000   1844.6186710515929        1.5587074562783798     
             82300000   5619.3024637082708        4.7483248363046471     
             82400000   9369.4204074886820        7.9171840117143395     
             82500000   4292.2139764296562        3.6269316981320170     
             82600000   4212.8292379510876        3.5598513927425501     
             82700000   6805.2423488627555        5.7504470476310647     
             82800000   2696.8228260066644        2.2788221289996624     
             82900000   36392.289568742970        30.751577001821968     
             83000000   10882.929817622653        9.1961033025932561     
             83100000   9886.2367362790028        8.3538951205489091     
             83200000   12619.989094945076        10.663922798324830     
             83300000   5397.4077675415083        4.5608232551639860     
             83400000   28153.183663672055        23.789511611916740     
             83500000   17756.849854242158        15.004583170593301     
             83600000   11902.041677977099        10.057255409771388     
             83700000   14538.124270348688        12.284751887269806     
             83800000   14940.265347632714        12.624562117685121     
             83900000   10516.531068724635        8.8864954303315979     
             84000000   20036.776556679168        16.931127017637202     
             84100000   6592.4376055661578        5.5706264997241552     
             84200000   7799.7266107692321        6.5907887716478930     
             84300000   4357.4452401183471        3.6820522814209524     
             84400000   8569.3419575617445        7.2411156919689814     
             84500000   16775.072288338011        14.174978636931488     
             84600000   5723.7761832875294        4.8366053943673561     
             84700000   21363.827335426264        18.052488292005044     
             84800000   468.18136940647634       0.39561444478303570     
             84900000   6130.3383318238157        5.1801514412057506     
             85000000   3511.2944500031285        2.9670527173449011     
             85100000   7528.9375285811147        6.3619713102889150     
             85200000   12766.508558200494        10.787732116451231     
             85300000   3064.7756433925392        2.5897431930757611     
             85400000   3342.6642665425206        2.8245597845569033     
             85500000   17236.196692469202        14.564629928155519     
             85600000   13921.340607470309        11.763568127543930     
             85700000   10517.355683615053        8.8871922320058001     
             85800000   5924.8885522610744        5.0065458563112681     
             85900000   9373.2759235247286        7.9204419325450761     
             86000000   5042.6767956777321        4.2610746840938853     
             86100000   22977.372925278494        19.415938408507429     
             86200000   1383.2999068467022        1.1688919302990382     
             86300000   10161.064622797940        8.5861253818126553     
             86400000   9569.9968332357876        8.0866716002723837     
             86500000   20512.724351167271        17.333304111315286     
             86600000   15110.515823254373        12.768424201459398     
             86700000   18938.302161927240        16.002913367574447     
             86800000   3947.7547098662526        3.3358627440969411     
             86900000   1542.8286063564090        1.3036940860608117     
             87000000   1374.6090764142718        1.1615481565376256     
             87100000   11556.959579835147        9.7656601614725034     
             87200000   13420.371303857539        11.340247795183501     
             87300000   7367.8901473308570        6.2258858646039403     
             87400000   4806.4997904142274        4.0615045155365772     
             87500000   3918.6324771305167        3.3112543835609460     
             87600000   19235.357348218113        16.253925753529415     
             87700000   7467.1113316629999        6.3097280170587418     
             87800000   6087.8962784146715        5.1442877984123685     
             87900000   1710.0347425652476        1.4449836953086874     
             88000000   14668.929183358290        12.395282370575432     
             88100000   29343.532433426531        24.795359341914164     
             88200000   45483.288611706645        38.433494254241864     
             88300000   18971.491037980511        16.030958052029604     
             88400000   5173.5571422853591        4.3716689089811931     
             88500000   2227.6469976932876        1.8823673639176544     
             88600000   16861.933871439440        14.248376894993763     
             88700000   2788.3756207041142        2.3561844727607637     
             88800000   7229.0050247123609        6.1085275836817505     
             88900000   29182.308025364109        24.659124308123843     
             89000000   4741.5922836131595        4.0066575076389572     
             89100000   8604.6453163264014        7.2709471196790618     
             89200000   7710.6315433041673        6.5155032136326687     
             89300000   7467.7194551750727        6.3102418829690690     
             89400000   6675.9770246794615        5.6412175207891426     
             89500000   611.55870636234533       0.51676865821569373     
             89600000   5931.6678495617189        5.0122743797273408     
             89700000   2641.5563944879336        2.2321218541721102     
             89800000   6434.9086955538569        5.4375141711605508     
             89900000   9481.0065742474526        8.0114746056858621     
             90000000   30139.942904380168        25.468328210122529     
             90100000   10917.222523319890        9.2250807258976462     
             90200000   7952.4769897514607        6.7198632293693983     
             90300000   13947.186991963878        11.785408388005457     
             90400000   4799.0240975251645        4.0551875360817471     
             90500000   2019.5418868189704        1.7065180173291177     
             90600000   2443.4560283345654        2.0647265422517873     
             90700000   4791.4169488935931        4.0487594761910328     
             90800000   9516.0553959185527        8.0410909489062057     
             90900000   6249.7856212602992        5.2810847037812332     
             91000000   4834.2671538216782        4.0849680080532780     
             91100000   10685.858885347889        9.0295778649117153     
             91200000   11232.408761036686        9.4914138963005161     
             91300000   15030.677014580975        12.700960205603460     
             91400000   3877.0673281781342        3.2761317272579684     
             91500000   6102.7813305922109        5.1568657052612652     
             91600000   10742.736703684219        9.0776397656877403     
             91700000   9537.7159388508480        8.0593941626302428     
             91800000   5057.3941631722864        4.2735108969602944     
             91900000   6498.2174716556256        5.4910102475617668     
             92000000   3137.7230153976416        2.6513839074654970     
             92100000   19244.821918951588        16.261923339807954     
             92200000   13182.831733100196        11.139526255327484     
             92300000   7098.0724133693229        5.9978891949604405     
             92400000   26079.858926680608        22.037546949761058     
             92500000   645.14560003442512       0.54514966856839420     
             92600000   23171.757622156005        19.580193970464123     
             92700000   17284.713520968045        14.605626771309565     
             92800000   1926.2039947527778        1.6276472617631770     
             92900000   10666.575154596980        9.0132830635102028     
             93000000   1409.5200492711015        1.1910480171602280     
             93100000   3516.7051447042700        2.9716247680926622     
             93200000   3361.2155568595108        2.8402356719337734     
             93300000   6353.2345114112504        5.3684992783773398     
             93400000   11021.052824424396        9.3128175937170319     
             93500000   8077.9083018001456        6.8258530062318474     
             93600000   18079.664676594643        15.277362514364739     
             93700000   4099.3074080343313        3.4639251584923354     
             93800000   4214.1167982628740        3.5609393844721606     
             93900000   22359.006602174439        18.893417296876127     
             94000000   4257.4734885030430        3.5975758977079155     
             94100000   36561.425861959018        30.894497598637162     
             94200000   12589.286974506173        10.637979428671958     
             94300000   4571.7756007387361        3.8631619798364949     
             94400000   7190.0973699249471        6.0756505166894312     
             94500000   9104.0218349749521        7.6929215447043111     
             94600000   20248.826674277905        17.110309904915162     
             94700000   1833.8096373095464        1.5495737953471003     
             94800000   28183.355498254357        23.815006888675608     
             94900000   9103.9999382621991        7.6929030419264892     
             95000000   1816.1896830274457        1.5346848892822291     
             95100000   4958.4156477899987        4.1898738003836975     
             95200000   11057.782350681715        9.3438541365761676     
             95300000   13866.533798640588        11.717256235054515     
             95400000   8227.0796953277204        6.9519032121653659     
             95500000   17448.578507745842        14.744093100812725     
             95600000   27217.367642315825        22.998744699988460     
             95700000   2819.7580278271871        2.3827026863874372     
             95800000   6439.8613591109970        5.4416991844297442     
             95900000   13692.523578354483        11.570217157501443     
             96000000   3750.4908343749512        3.1691742689079887     
             96100000   13137.481238021610        11.101204971945586     
             96200000   5055.9905303194910        4.2723248236390896     
             96300000   19174.244210284276        16.202284996949771     
             96400000   11964.217905574127        10.109794479813166     
             96500000   12635.479573818673        10.677012292267680     
             96600000   9084.1450094477750        7.6761255767123497     
             96700000   11855.233195109993        10.017702123009718     
             96800000   8628.8243047443648        7.2913784262270234     
             96900000   2208.2763163100276        1.8659990890112386     
             97000000   1297.6237027301770        1.0964953204859516     
             97100000   7771.9095610945997        6.5672832941093855     
             97200000   16326.679007151375        13.796085176890612     
             97300000   8008.9539030989044        6.7675863644128409     
             97400000   34498.475384296537        29.151299211930805     
             97500000   11250.480402369452        9.5066844790689924     
             97600000   6407.9677906946463        5.4147490382135883     
             97700000   10479.985442351781        8.8556142833413318     
             97800000   1864.3648076288061        1.5753929917761023     
             97900000   7400.7904738445523        6.2536867239661911     
             98000000   10550.756690547763        8.9154161675921948     
             98100000   11486.200772061929        9.7058687894104363     
             98200000   345.90930723415028       0.29229424208017174     
             98300000   5550.0734417762578        4.6898261371590015     
             98400000   2268.8833531023965        1.9172121888425158     
             98500000   4755.0884201943563        4.0180617772856859     
             98600000   9301.1651790380511        7.8595081705306802     
             98700000   25333.636695988262        21.406987271885875     
             98800000   19543.689163089315        16.514466919240164     
             98900000   1301.2783992946306        1.0995835483537750     
             99000000   28786.028739803791        24.324267306584659     
             99100000   3244.2470608425219        2.7413969960857134     
             99200000   14745.827532661142        12.460261670804199     
             99300000   21264.425543651258        17.968493525802877     
             99400000   21722.240208366100        18.355348078824285     
             99500000   26985.815003175077        22.803082132535501     
             99600000   5707.2271271961563        4.8226213999901946     
             99700000   23249.863083542790        19.646193283465895     
             99800000   3334.3381267894511        2.8175241753446603     
             99900000   15926.623104492694        13.458036924323173     
            100000000   9341.6351151651161        7.8937053692180417     
