#  iFrame          Time(ps)     <Ree^2>(A^2)     stdRee^2(A^2)     <Ree^2>/M(molnm2/kg)
#======================================================================================
         0          0.000     10201.26         0.00       16.988
         1          1.000      5547.45         0.00        9.238
         2          2.000      3757.17         0.00        6.257
         3          3.000      8768.62         0.00       14.602
         4          4.000     12594.55         0.00       20.973
         5          5.000     28219.93         0.00       46.994
         6          6.000       123.02         0.00        0.205
         7          7.000     46544.73         0.00       77.510
         8          8.000     13195.77         0.00       21.975
         9          9.000      5878.38         0.00        9.789
        10         10.000     22249.43         0.00       37.052
        11         11.000     14972.25         0.00       24.933
        12         12.000       609.51         0.00        1.015
        13         13.000     23488.60         0.00       39.115
        14         14.000     10387.04         0.00       17.297
        15         15.000      6038.57         0.00       10.056
        16         16.000     17032.79         0.00       28.364
        17         17.000      7251.83         0.00       12.076
        18         18.000      4148.66         0.00        6.909
        19         19.000     11757.00         0.00       19.579
        20         20.000      1053.55         0.00        1.754
        21         21.000      1969.39         0.00        3.280
        22         22.000      2642.57         0.00        4.401
        23         23.000      5076.42         0.00        8.454
        24         24.000      8040.57         0.00       13.390
        25         25.000     18632.29         0.00       31.028
        26         26.000     13837.73         0.00       23.044
        27         27.000      3082.07         0.00        5.133
        28         28.000      1589.35         0.00        2.647
        29         29.000     11253.04         0.00       18.739
        30         30.000      4154.43         0.00        6.918
        31         31.000      2192.61         0.00        3.651
        32         32.000      8114.69         0.00       13.513
        33         33.000      6624.33         0.00       11.031
        34         34.000     20755.52         0.00       34.564
        35         35.000      7356.65         0.00       12.251
        36         36.000      5885.98         0.00        9.802
        37         37.000     11157.44         0.00       18.580
        38         38.000      1122.62         0.00        1.869
        39         39.000      9857.86         0.00       16.416
        40         40.000      3620.17         0.00        6.029
        41         41.000     21187.28         0.00       35.283
        42         42.000      5801.42         0.00        9.661
        43         43.000      6449.22         0.00       10.740
        44         44.000      1189.79         0.00        1.981
        45         45.000      1207.40         0.00        2.011
        46         46.000      8406.47         0.00       13.999
        47         47.000      1683.69         0.00        2.804
        48         48.000      5420.65         0.00        9.027
        49         49.000     11015.59         0.00       18.344
        50         50.000     15822.26         0.00       26.348
        51         51.000      4117.96         0.00        6.858
        52         52.000       580.90         0.00        0.967
        53         53.000     13967.89         0.00       23.260
        54         54.000     22958.40         0.00       38.232
        55         55.000      2831.58         0.00        4.715
        56         56.000      4689.11         0.00        7.809
        57         57.000      4986.79         0.00        8.304
        58         58.000      1745.71         0.00        2.907
        59         59.000     12854.76         0.00       21.407
        60         60.000     10369.67         0.00       17.268
        61         61.000     10706.05         0.00       17.829
        62         62.000     11410.20         0.00       19.001
        63         63.000     24523.37         0.00       40.838
        64         64.000      7853.18         0.00       13.078
        65         65.000     10366.07         0.00       17.262
        66         66.000      7385.53         0.00       12.299
        67         67.000     11510.85         0.00       19.169
        68         68.000      8223.34         0.00       13.694
        69         69.000     19061.30         0.00       31.742
        70         70.000      6376.09         0.00       10.618
        71         71.000     13018.85         0.00       21.680
        72         72.000      2171.39         0.00        3.616
        73         73.000     28302.82         0.00       47.132
        74         74.000     64055.79         0.00      106.671
        75         75.000      5932.16         0.00        9.879
        76         76.000      4041.72         0.00        6.731
        77         77.000       470.26         0.00        0.783
        78         78.000     10686.79         0.00       17.796
        79         79.000     17233.29         0.00       28.698
        80         80.000      5846.55         0.00        9.736
        81         81.000     20330.36         0.00       33.856
        82         82.000      9763.10         0.00       16.258
        83         83.000       411.54         0.00        0.685
        84         84.000     14556.92         0.00       24.241
        85         85.000      7278.14         0.00       12.120
        86         86.000      3524.90         0.00        5.870
        87         87.000     14389.56         0.00       23.963
        88         88.000     11103.83         0.00       18.491
        89         89.000     11645.06         0.00       19.392
        90         90.000      3562.78         0.00        5.933
        91         91.000      5341.70         0.00        8.895
        92         92.000     15776.97         0.00       26.273
        93         93.000      1345.34         0.00        2.240
        94         94.000      6851.51         0.00       11.410
        95         95.000      9806.65         0.00       16.331
        96         96.000      8444.86         0.00       14.063
        97         97.000      1499.25         0.00        2.497
        98         98.000     14661.14         0.00       24.415
        99         99.000     18763.37         0.00       31.246
       100        100.000      7924.00         0.00       13.196
       101        101.000      3340.75         0.00        5.563
       102        102.000      2987.15         0.00        4.974
       103        103.000     45702.67         0.00       76.108
       104        104.000      1820.68         0.00        3.032
       105        105.000      3835.32         0.00        6.387
       106        106.000     10466.67         0.00       17.430
       107        107.000      9178.99         0.00       15.286
       108        108.000      3607.79         0.00        6.008
       109        109.000     14630.55         0.00       24.364
       110        110.000     26272.15         0.00       43.750
       111        111.000      5267.77         0.00        8.772
       112        112.000     17552.55         0.00       29.230
       113        113.000     13050.78         0.00       21.733
       114        114.000     12325.79         0.00       20.526
       115        115.000      2811.83         0.00        4.682
       116        116.000     15253.27         0.00       25.401
       117        117.000     12789.31         0.00       21.298
       118        118.000      7536.72         0.00       12.551
       119        119.000     22307.09         0.00       37.148
       120        120.000      9981.87         0.00       16.623
       121        121.000      5724.55         0.00        9.533
       122        122.000      1504.63         0.00        2.506
       123        123.000     12123.60         0.00       20.189
       124        124.000     17754.42         0.00       29.566
       125        125.000       979.63         0.00        1.631
       126        126.000     15815.62         0.00       26.337
       127        127.000      1241.72         0.00        2.068
       128        128.000     16259.19         0.00       27.076
       129        129.000      8831.30         0.00       14.707
       130        130.000      2004.19         0.00        3.338
       131        131.000     13180.90         0.00       21.950
       132        132.000      2780.38         0.00        4.630
       133        133.000     10860.40         0.00       18.086
       134        134.000     18457.51         0.00       30.737
       135        135.000     23768.00         0.00       39.580
       136        136.000     16990.19         0.00       28.293
       137        137.000      5314.99         0.00        8.851
       138        138.000      9481.68         0.00       15.790
       139        139.000     10950.66         0.00       18.236
       140        140.000      2644.62         0.00        4.404
       141        141.000     16348.82         0.00       27.225
       142        142.000      7832.13         0.00       13.043
       143        143.000     12321.80         0.00       20.519
       144        144.000      5871.50         0.00        9.778
       145        145.000     19200.49         0.00       31.974
       146        146.000     15367.95         0.00       25.592
       147        147.000      4337.16         0.00        7.223
       148        148.000     24436.33         0.00       40.693
       149        149.000     10073.95         0.00       16.776
       150        150.000      3468.10         0.00        5.775
       151        151.000      3692.30         0.00        6.149
       152        152.000      2998.15         0.00        4.993
       153        153.000      1734.58         0.00        2.889
       154        154.000     11631.19         0.00       19.369
       155        155.000     28542.71         0.00       47.532
       156        156.000      2688.60         0.00        4.477
       157        157.000     10007.10         0.00       16.665
       158        158.000     14393.21         0.00       23.969
       159        159.000     11210.71         0.00       18.669
       160        160.000     29779.88         0.00       49.592
       161        161.000      7499.63         0.00       12.489
       162        162.000     19911.75         0.00       33.159
       163        163.000      7272.77         0.00       12.111
       164        164.000      8889.25         0.00       14.803
       165        165.000      9330.23         0.00       15.537
       166        166.000     14806.76         0.00       24.657
       167        167.000      6092.13         0.00       10.145
       168        168.000      5760.03         0.00        9.592
       169        169.000      8152.67         0.00       13.576
       170        170.000     14094.40         0.00       23.471
       171        171.000      1313.81         0.00        2.188
       172        172.000       792.91         0.00        1.320
       173        173.000       650.28         0.00        1.083
       174        174.000     15282.02         0.00       25.449
       175        175.000     11200.80         0.00       18.652
       176        176.000     28188.23         0.00       46.941
       177        177.000     18252.22         0.00       30.395
       178        178.000      7209.27         0.00       12.005
       179        179.000     27268.61         0.00       45.410
       180        180.000      6862.09         0.00       11.427
       181        181.000     25235.34         0.00       42.024
       182        182.000      5327.17         0.00        8.871
       183        183.000      6262.00         0.00       10.428
       184        184.000      2365.18         0.00        3.939
       185        185.000      9015.38         0.00       15.013
       186        186.000     25033.18         0.00       41.687
       187        187.000     10531.20         0.00       17.537
       188        188.000     31049.68         0.00       51.706
       189        189.000      4564.61         0.00        7.601
       190        190.000      5781.25         0.00        9.627
       191        191.000     15909.97         0.00       26.495
       192        192.000      5258.58         0.00        8.757
       193        193.000      1986.05         0.00        3.307
       194        194.000      8165.06         0.00       13.597
       195        195.000      8537.38         0.00       14.217
       196        196.000      1483.77         0.00        2.471
       197        197.000      2629.69         0.00        4.379
       198        198.000     27670.90         0.00       46.080
       199        199.000      2767.66         0.00        4.609
       200        200.000      5230.73         0.00        8.711
       201        201.000      6802.64         0.00       11.328
       202        202.000      6272.36         0.00       10.445
       203        203.000     19183.66         0.00       31.946
       204        204.000     10200.93         0.00       16.987
       205        205.000     53144.58         0.00       88.501
       206        206.000     11121.58         0.00       18.521
       207        207.000      8212.39         0.00       13.676
       208        208.000      9294.24         0.00       15.477
       209        209.000     10338.58         0.00       17.217
       210        210.000     15011.37         0.00       24.998
       211        211.000      6334.11         0.00       10.548
       212        212.000      2412.90         0.00        4.018
       213        213.000     22197.80         0.00       36.966
       214        214.000       977.19         0.00        1.627
       215        215.000     14652.99         0.00       24.401
       216        216.000      3694.67         0.00        6.153
       217        217.000      7688.83         0.00       12.804
       218        218.000      5409.05         0.00        9.008
       219        219.000     11020.49         0.00       18.352
       220        220.000      7702.02         0.00       12.826
       221        221.000     12437.17         0.00       20.711
       222        222.000     24357.03         0.00       40.561
       223        223.000     11250.26         0.00       18.735
       224        224.000       665.55         0.00        1.108
       225        225.000      4522.24         0.00        7.531
       226        226.000      4186.78         0.00        6.972
       227        227.000      1716.74         0.00        2.859
       228        228.000      6723.56         0.00       11.197
       229        229.000      6061.00         0.00       10.093
       230        230.000     16633.71         0.00       27.700
       231        231.000     10351.74         0.00       17.239
       232        232.000      5664.62         0.00        9.433
       233        233.000     18896.76         0.00       31.468
       234        234.000      8959.74         0.00       14.920
       235        235.000     19994.97         0.00       33.297
       236        236.000     13583.57         0.00       22.620
       237        237.000     10199.16         0.00       16.984
       238        238.000       662.40         0.00        1.103
       239        239.000     10868.92         0.00       18.100
       240        240.000      3221.93         0.00        5.365
       241        241.000     15884.09         0.00       26.451
       242        242.000     13435.06         0.00       22.373
       243        243.000     10353.98         0.00       17.242
       244        244.000     15771.03         0.00       26.263
       245        245.000      3357.47         0.00        5.591
       246        246.000     11023.25         0.00       18.357
       247        247.000      4257.20         0.00        7.089
       248        248.000      4605.45         0.00        7.669
       249        249.000     33074.46         0.00       55.078
       250        250.000      9116.18         0.00       15.181
       251        251.000      5006.06         0.00        8.336
       252        252.000      4400.40         0.00        7.328
       253        253.000     12753.38         0.00       21.238
       254        254.000      2735.73         0.00        4.556
       255        255.000      4863.73         0.00        8.099
       256        256.000     41699.31         0.00       69.441
       257        257.000     22917.37         0.00       38.164
       258        258.000      5332.66         0.00        8.880
       259        259.000      6607.06         0.00       11.003
       260        260.000      8837.86         0.00       14.718
       261        261.000      5441.91         0.00        9.062
       262        262.000       226.56         0.00        0.377
       263        263.000     12341.74         0.00       20.552
       264        264.000     20138.06         0.00       33.535
       265        265.000     15236.50         0.00       25.373
       266        266.000     30155.26         0.00       50.217
       267        267.000     13432.57         0.00       22.369
       268        268.000     27040.72         0.00       45.030
       269        269.000      1284.04         0.00        2.138
       270        270.000     18825.61         0.00       31.350
       271        271.000      7790.51         0.00       12.973
       272        272.000     28082.53         0.00       46.765
       273        273.000      6007.78         0.00       10.005
       274        274.000      7510.37         0.00       12.507
       275        275.000     27224.31         0.00       45.336
       276        276.000      2821.12         0.00        4.698
       277        277.000      1602.91         0.00        2.669
       278        278.000      5065.74         0.00        8.436
       279        279.000      9544.42         0.00       15.894
       280        280.000       618.76         0.00        1.030
       281        281.000     12964.27         0.00       21.589
       282        282.000     15795.69         0.00       26.304
       283        283.000      2989.76         0.00        4.979
       284        284.000      7668.42         0.00       12.770
       285        285.000     25361.55         0.00       42.234
       286        286.000     16746.63         0.00       27.888
       287        287.000      5845.21         0.00        9.734
       288        288.000      3796.69         0.00        6.323
       289        289.000     13368.39         0.00       22.262
       290        290.000     24184.09         0.00       40.273
       291        291.000      7018.66         0.00       11.688
       292        292.000     18255.91         0.00       30.401
       293        293.000     11501.22         0.00       19.153
       294        294.000      2355.65         0.00        3.923
       295        295.000     12279.69         0.00       20.449
       296        296.000      4807.35         0.00        8.006
       297        297.000     21975.30         0.00       36.595
       298        298.000      1519.42         0.00        2.530
       299        299.000     15558.00         0.00       25.908
       300        300.000     17913.23         0.00       29.831
       301        301.000      5662.11         0.00        9.429
       302        302.000     13887.81         0.00       23.127
       303        303.000      2373.14         0.00        3.952
       304        304.000      6516.78         0.00       10.852
       305        305.000      4085.79         0.00        6.804
       306        306.000      2740.38         0.00        4.563
       307        307.000       991.71         0.00        1.651
       308        308.000      1490.60         0.00        2.482
       309        309.000      5878.94         0.00        9.790
       310        310.000     22145.92         0.00       36.879
       311        311.000     20218.34         0.00       33.669
       312        312.000      4469.34         0.00        7.443
       313        313.000     19307.02         0.00       32.152
       314        314.000     15340.45         0.00       25.546
       315        315.000      1023.65         0.00        1.705
       316        316.000     26648.79         0.00       44.378
       317        317.000     10001.47         0.00       16.655
       318        318.000      7037.82         0.00       11.720
       319        319.000      4589.39         0.00        7.643
       320        320.000      7761.27         0.00       12.925
       321        321.000     25629.90         0.00       42.681
       322        322.000      4167.48         0.00        6.940
       323        323.000     21045.55         0.00       35.047
       324        324.000      3505.92         0.00        5.838
       325        325.000      8234.55         0.00       13.713
       326        326.000      3500.70         0.00        5.830
       327        327.000     26701.28         0.00       44.465
       328        328.000     11785.71         0.00       19.626
       329        329.000      6680.16         0.00       11.124
       330        330.000     16038.89         0.00       26.709
       331        331.000     25887.89         0.00       43.111
       332        332.000      5981.60         0.00        9.961
       333        333.000      6544.96         0.00       10.899
       334        334.000      8604.12         0.00       14.328
       335        335.000      9147.44         0.00       15.233
       336        336.000      2163.61         0.00        3.603
       337        337.000     18483.35         0.00       30.780
       338        338.000       432.45         0.00        0.720
       339        339.000     18445.70         0.00       30.717
       340        340.000     15711.68         0.00       26.164
       341        341.000     10776.27         0.00       17.945
       342        342.000      4980.65         0.00        8.294
       343        343.000      3418.03         0.00        5.692
       344        344.000     12834.78         0.00       21.373
       345        345.000      1172.04         0.00        1.952
       346        346.000     18257.83         0.00       30.404
       347        347.000     10323.13         0.00       17.191
       348        348.000      2134.09         0.00        3.554
       349        349.000     10494.00         0.00       17.475
       350        350.000      6697.48         0.00       11.153
       351        351.000     12030.64         0.00       20.034
       352        352.000      6058.50         0.00       10.089
       353        353.000     11073.84         0.00       18.441
       354        354.000     25213.27         0.00       41.987
       355        355.000      5094.28         0.00        8.483
       356        356.000      6997.59         0.00       11.653
       357        357.000       755.36         0.00        1.258
       358        358.000      7036.88         0.00       11.718
       359        359.000      4597.39         0.00        7.656
       360        360.000     13420.00         0.00       22.348
       361        361.000      6829.48         0.00       11.373
       362        362.000      8171.45         0.00       13.608
       363        363.000      8894.35         0.00       14.812
       364        364.000      2800.16         0.00        4.663
       365        365.000     40015.97         0.00       66.638
       366        366.000      2954.20         0.00        4.920
       367        367.000     26615.01         0.00       44.321
       368        368.000     32756.82         0.00       54.549
       369        369.000     13668.34         0.00       22.762
       370        370.000     22061.71         0.00       36.739
       371        371.000      5017.40         0.00        8.355
       372        372.000      6929.71         0.00       11.540
       373        373.000     21276.56         0.00       35.431
       374        374.000     23220.46         0.00       38.669
       375        375.000     15507.11         0.00       25.824
       376        376.000     40714.39         0.00       67.801
       377        377.000     18961.54         0.00       31.576
       378        378.000      4422.36         0.00        7.364
       379        379.000      8518.75         0.00       14.186
       380        380.000      5839.49         0.00        9.724
       381        381.000     22297.81         0.00       37.132
       382        382.000      3295.90         0.00        5.489
       383        383.000      9459.93         0.00       15.753
       384        384.000     17408.61         0.00       28.990
       385        385.000     13053.47         0.00       21.738
       386        386.000      7308.41         0.00       12.171
       387        387.000     10837.54         0.00       18.048
       388        388.000     40223.00         0.00       66.983
       389        389.000     10654.55         0.00       17.743
       390        390.000      5225.18         0.00        8.701
       391        391.000      5527.38         0.00        9.205
       392        392.000      8561.12         0.00       14.257
       393        393.000     10141.49         0.00       16.888
       394        394.000      8138.62         0.00       13.553
       395        395.000     29324.33         0.00       48.833
       396        396.000      1261.36         0.00        2.101
       397        397.000     28820.41         0.00       47.994
       398        398.000     14579.44         0.00       24.279
       399        399.000      3400.93         0.00        5.663
       400        400.000      5180.88         0.00        8.628
       401        401.000      3049.17         0.00        5.078
       402        402.000     15273.87         0.00       25.435
       403        403.000     16648.77         0.00       27.725
       404        404.000     11371.67         0.00       18.937
       405        405.000      3830.10         0.00        6.378
       406        406.000     32238.74         0.00       53.686
       407        407.000       872.32         0.00        1.453
       408        408.000     25387.98         0.00       42.278
       409        409.000     16313.54         0.00       27.167
       410        410.000     23075.68         0.00       38.427
       411        411.000     10009.32         0.00       16.668
       412        412.000      3857.43         0.00        6.424
       413        413.000      7727.16         0.00       12.868
       414        414.000     13518.60         0.00       22.512
       415        415.000      3053.05         0.00        5.084
       416        416.000      1282.63         0.00        2.136
       417        417.000      8227.49         0.00       13.701
       418        418.000      8272.20         0.00       13.776
       419        419.000     33177.73         0.00       55.250
       420        420.000     13382.71         0.00       22.286
       421        421.000      2276.54         0.00        3.791
       422        422.000      2842.10         0.00        4.733
       423        423.000      8335.77         0.00       13.881
       424        424.000     34388.71         0.00       57.267
       425        425.000      6874.48         0.00       11.448
       426        426.000      7164.60         0.00       11.931
       427        427.000      1665.11         0.00        2.773
       428        428.000     16618.51         0.00       27.674
       429        429.000     13813.68         0.00       23.004
       430        430.000     25833.88         0.00       43.021
       431        431.000     19869.22         0.00       33.088
       432        432.000     13443.99         0.00       22.388
       433        433.000     29409.78         0.00       48.975
       434        434.000       921.12         0.00        1.534
       435        435.000     18057.62         0.00       30.071
       436        436.000     15693.03         0.00       26.133
       437        437.000     37338.18         0.00       62.178
       438        438.000       659.60         0.00        1.098
       439        439.000      1234.24         0.00        2.055
       440        440.000     23190.46         0.00       38.619
       441        441.000     25704.35         0.00       42.805
       442        442.000     16270.21         0.00       27.094
       443        443.000     12969.34         0.00       21.598
       444        444.000      7977.65         0.00       13.285
       445        445.000      1170.83         0.00        1.950
       446        446.000     11753.04         0.00       19.572
       447        447.000      9186.23         0.00       15.298
       448        448.000     15721.75         0.00       26.181
       449        449.000      5017.03         0.00        8.355
       450        450.000     10739.74         0.00       17.885
       451        451.000      7565.69         0.00       12.599
       452        452.000      1995.58         0.00        3.323
       453        453.000      4651.79         0.00        7.747
       454        454.000      9305.16         0.00       15.496
       455        455.000     17741.18         0.00       29.544
       456        456.000     13613.08         0.00       22.670
       457        457.000      6877.10         0.00       11.452
       458        458.000      4313.25         0.00        7.183
       459        459.000      3170.87         0.00        5.280
       460        460.000      7558.25         0.00       12.587
       461        461.000      6031.21         0.00       10.044
       462        462.000     17951.94         0.00       29.895
       463        463.000     30354.95         0.00       50.549
       464        464.000     15637.92         0.00       26.041
       465        465.000      2375.31         0.00        3.956
       466        466.000      6235.11         0.00       10.383
       467        467.000      2637.72         0.00        4.393
       468        468.000     11536.74         0.00       19.212
       469        469.000     14724.84         0.00       24.521
       470        470.000     10185.29         0.00       16.961
       471        471.000      2995.33         0.00        4.988
       472        472.000      8427.63         0.00       14.034
       473        473.000      2630.92         0.00        4.381
       474        474.000      8324.53         0.00       13.863
       475        475.000      4259.23         0.00        7.093
       476        476.000      4982.76         0.00        8.298
       477        477.000     13095.94         0.00       21.808
       478        478.000     10631.86         0.00       17.705
       479        479.000     16014.45         0.00       26.669
       480        480.000     21696.08         0.00       36.130
       481        481.000     29709.35         0.00       49.474
       482        482.000     21231.83         0.00       35.357
       483        483.000      4624.73         0.00        7.701
       484        484.000     12542.75         0.00       20.887
       485        485.000      5505.80         0.00        9.169
       486        486.000     10528.08         0.00       17.532
       487        487.000      2658.85         0.00        4.428
       488        488.000     20722.81         0.00       34.509
       489        489.000      8921.33         0.00       14.857
       490        490.000     12426.37         0.00       20.693
       491        491.000       687.38         0.00        1.145
       492        492.000     11525.25         0.00       19.193
       493        493.000     12032.43         0.00       20.037
       494        494.000     22156.92         0.00       36.897
       495        495.000     18059.18         0.00       30.074
       496        496.000     12477.32         0.00       20.778
       497        497.000      7759.84         0.00       12.922
       498        498.000     21389.68         0.00       35.620
       499        499.000      6026.39         0.00       10.036
       500        500.000     26189.53         0.00       43.613
       501        501.000      6396.49         0.00       10.652
       502        502.000      7166.56         0.00       11.934
       503        503.000      4748.31         0.00        7.907
       504        504.000     13880.55         0.00       23.115
       505        505.000      4608.69         0.00        7.675
       506        506.000     13076.57         0.00       21.776
       507        507.000      5802.21         0.00        9.662
       508        508.000      3834.84         0.00        6.386
       509        509.000      9068.90         0.00       15.102
       510        510.000     12099.88         0.00       20.150
       511        511.000     25366.74         0.00       42.243
       512        512.000       359.58         0.00        0.599
       513        513.000     14103.42         0.00       23.486
       514        514.000      6286.21         0.00       10.468
       515        515.000     10917.13         0.00       18.180
       516        516.000     24860.90         0.00       41.400
       517        517.000      1964.51         0.00        3.271
       518        518.000      8877.38         0.00       14.783
       519        519.000     21448.39         0.00       35.718
       520        520.000      6140.88         0.00       10.226
       521        521.000      9598.50         0.00       15.984
       522        522.000     11183.96         0.00       18.624
       523        523.000     31958.89         0.00       53.220
       524        524.000       767.72         0.00        1.278
       525        525.000     17322.02         0.00       28.846
       526        526.000     15168.94         0.00       25.261
       527        527.000      3061.78         0.00        5.099
       528        528.000     27187.26         0.00       45.274
       529        529.000     22055.74         0.00       36.729
       530        530.000      6833.56         0.00       11.380
       531        531.000      1493.98         0.00        2.488
       532        532.000      3298.00         0.00        5.492
       533        533.000      2998.14         0.00        4.993
       534        534.000      3225.53         0.00        5.371
       535        535.000      3801.78         0.00        6.331
       536        536.000      4383.40         0.00        7.300
       537        537.000      8163.42         0.00       13.594
       538        538.000      1576.68         0.00        2.626
       539        539.000      3425.89         0.00        5.705
       540        540.000     10064.53         0.00       16.760
       541        541.000      2752.36         0.00        4.583
       542        542.000     14246.84         0.00       23.725
       543        543.000      8383.18         0.00       13.960
       544        544.000     19840.03         0.00       33.039
       545        545.000      4844.58         0.00        8.068
       546        546.000     18656.54         0.00       31.068
       547        547.000      1854.29         0.00        3.088
       548        548.000      4154.88         0.00        6.919
       549        549.000      1574.59         0.00        2.622
       550        550.000      5431.61         0.00        9.045
       551        551.000     10829.79         0.00       18.035
       552        552.000      7881.87         0.00       13.126
       553        553.000     13128.95         0.00       21.863
       554        554.000      6637.88         0.00       11.054
       555        555.000      1706.69         0.00        2.842
       556        556.000     17752.49         0.00       29.563
       557        557.000      2816.92         0.00        4.691
       558        558.000     13132.64         0.00       21.870
       559        559.000     10260.90         0.00       17.087
       560        560.000     29352.74         0.00       48.880
       561        561.000      1993.94         0.00        3.320
       562        562.000      1601.25         0.00        2.667
       563        563.000      6536.81         0.00       10.886
       564        564.000      7083.92         0.00       11.797
       565        565.000      3340.61         0.00        5.563
       566        566.000     10739.66         0.00       17.885
       567        567.000      4772.37         0.00        7.947
       568        568.000      5005.14         0.00        8.335
       569        569.000      6763.26         0.00       11.263
       570        570.000     14812.94         0.00       24.668
       571        571.000      9752.47         0.00       16.241
       572        572.000      7372.34         0.00       12.277
       573        573.000      1540.34         0.00        2.565
       574        574.000      4947.17         0.00        8.238
       575        575.000     19483.31         0.00       32.445
       576        576.000      4696.11         0.00        7.820
       577        577.000      3039.66         0.00        5.062
       578        578.000     23458.66         0.00       39.065
       579        579.000     17636.30         0.00       29.369
       580        580.000      6804.74         0.00       11.332
       581        581.000      2449.51         0.00        4.079
       582        582.000      7725.50         0.00       12.865
       583        583.000     25078.14         0.00       41.762
       584        584.000      2097.05         0.00        3.492
       585        585.000      9042.42         0.00       15.058
       586        586.000     16261.45         0.00       27.080
       587        587.000     24184.63         0.00       40.274
       588        588.000     10364.12         0.00       17.259
       589        589.000      3898.99         0.00        6.493
       590        590.000      4310.38         0.00        7.178
       591        591.000      1970.73         0.00        3.282
       592        592.000     13896.77         0.00       23.142
       593        593.000      7717.00         0.00       12.851
       594        594.000     12959.33         0.00       21.581
       595        595.000     15873.80         0.00       26.434
       596        596.000     16215.18         0.00       27.003
       597        597.000     10528.38         0.00       17.533
       598        598.000     26521.00         0.00       44.165
       599        599.000      7779.82         0.00       12.956
       600        600.000     20343.09         0.00       33.877
       601        601.000      6213.38         0.00       10.347
       602        602.000      3688.70         0.00        6.143
       603        603.000      4073.54         0.00        6.784
       604        604.000      4205.30         0.00        7.003
       605        605.000      7516.10         0.00       12.516
       606        606.000     17754.97         0.00       29.567
       607        607.000     15857.88         0.00       26.408
       608        608.000     28630.45         0.00       47.678
       609        609.000      5983.78         0.00        9.965
       610        610.000      7825.30         0.00       13.031
       611        611.000      4004.85         0.00        6.669
       612        612.000     20836.38         0.00       34.698
       613        613.000     21422.17         0.00       35.674
       614        614.000      4532.73         0.00        7.548
       615        615.000      9992.31         0.00       16.640
       616        616.000     31867.75         0.00       53.069
       617        617.000      4520.86         0.00        7.528
       618        618.000     27399.92         0.00       45.629
       619        619.000       882.61         0.00        1.470
       620        620.000      3627.34         0.00        6.041
       621        621.000     19511.29         0.00       32.492
       622        622.000      3174.45         0.00        5.286
       623        623.000      9004.85         0.00       14.996
       624        624.000      6425.62         0.00       10.700
       625        625.000     13555.96         0.00       22.574
       626        626.000      7392.75         0.00       12.311
       627        627.000     13343.44         0.00       22.221
       628        628.000      7778.34         0.00       12.953
       629        629.000      5811.34         0.00        9.677
       630        630.000     13916.71         0.00       23.175
       631        631.000     11554.57         0.00       19.242
       632        632.000     13535.53         0.00       22.540
       633        633.000      2111.03         0.00        3.515
       634        634.000     20440.29         0.00       34.039
       635        635.000     13653.33         0.00       22.737
       636        636.000      6623.37         0.00       11.030
       637        637.000      3251.68         0.00        5.415
       638        638.000     17046.54         0.00       28.387
       639        639.000      6960.46         0.00       11.591
       640        640.000      7229.04         0.00       12.038
       641        641.000      2774.55         0.00        4.620
       642        642.000     29402.55         0.00       48.963
       643        643.000      6752.10         0.00       11.244
       644        644.000      3426.88         0.00        5.707
       645        645.000     16251.65         0.00       27.064
       646        646.000     25507.57         0.00       42.477
       647        647.000      1632.23         0.00        2.718
       648        648.000     21871.67         0.00       36.422
       649        649.000      4514.31         0.00        7.518
       650        650.000      2506.66         0.00        4.174
       651        651.000      1643.05         0.00        2.736
       652        652.000     25606.38         0.00       42.642
       653        653.000     21237.56         0.00       35.366
       654        654.000      3188.40         0.00        5.310
       655        655.000     46561.03         0.00       77.537
       656        656.000     13097.97         0.00       21.812
       657        657.000      7145.34         0.00       11.899
       658        658.000      6882.33         0.00       11.461
       659        659.000      3871.55         0.00        6.447
       660        660.000      9213.11         0.00       15.342
       661        661.000      8693.07         0.00       14.476
       662        662.000      2809.47         0.00        4.679
       663        663.000      1823.39         0.00        3.036
       664        664.000      2158.74         0.00        3.595
       665        665.000      3765.81         0.00        6.271
       666        666.000      9745.05         0.00       16.228
       667        667.000     21634.66         0.00       36.028
       668        668.000      3113.72         0.00        5.185
       669        669.000     11670.72         0.00       19.435
       670        670.000     10307.02         0.00       17.164
       671        671.000      2639.35         0.00        4.395
       672        672.000     17982.37         0.00       29.946
       673        673.000     15434.00         0.00       25.702
       674        674.000      8198.45         0.00       13.653
       675        675.000      2242.36         0.00        3.734
       676        676.000      6753.97         0.00       11.247
       677        677.000     26334.63         0.00       43.855
       678        678.000      8992.55         0.00       14.975
       679        679.000      4659.16         0.00        7.759
       680        680.000     17264.12         0.00       28.750
       681        681.000      8216.73         0.00       13.683
       682        682.000     22166.76         0.00       36.914
       683        683.000      4341.46         0.00        7.230
       684        684.000     10218.79         0.00       17.017
       685        685.000     11144.10         0.00       18.558
       686        686.000      8495.86         0.00       14.148
       687        687.000      1669.64         0.00        2.780
       688        688.000     12121.32         0.00       20.185
       689        689.000     16173.28         0.00       26.933
       690        690.000      7125.98         0.00       11.867
       691        691.000      5492.89         0.00        9.147
       692        692.000      4554.93         0.00        7.585
       693        693.000      4720.52         0.00        7.861
       694        694.000     27428.54         0.00       45.676
       695        695.000       964.90         0.00        1.607
       696        696.000     16994.30         0.00       28.300
       697        697.000       822.30         0.00        1.369
       698        698.000      8772.84         0.00       14.609
       699        699.000      4983.21         0.00        8.298
       700        700.000     28772.86         0.00       47.915
       701        701.000      5780.85         0.00        9.627
       702        702.000     11858.37         0.00       19.748
       703        703.000     13684.81         0.00       22.789
       704        704.000      6295.97         0.00       10.485
       705        705.000     15617.71         0.00       26.008
       706        706.000      6174.21         0.00       10.282
       707        707.000     28198.22         0.00       46.958
       708        708.000      3385.68         0.00        5.638
       709        709.000     40283.73         0.00       67.084
       710        710.000      3634.49         0.00        6.052
       711        711.000     21385.56         0.00       35.613
       712        712.000      1348.77         0.00        2.246
       713        713.000      4415.42         0.00        7.353
       714        714.000      6480.37         0.00       10.792
       715        715.000     20382.46         0.00       33.942
       716        716.000     14102.61         0.00       23.485
       717        717.000     11492.73         0.00       19.139
       718        718.000      8385.85         0.00       13.965
       719        719.000      4728.92         0.00        7.875
       720        720.000      5881.39         0.00        9.794
       721        721.000     34862.23         0.00       58.055
       722        722.000      8020.96         0.00       13.357
       723        723.000     23086.09         0.00       38.445
       724        724.000     13599.03         0.00       22.646
       725        725.000     10493.39         0.00       17.474
       726        726.000      3987.21         0.00        6.640
       727        727.000     16687.14         0.00       27.789
       728        728.000     27731.97         0.00       46.181
       729        729.000      2426.10         0.00        4.040
       730        730.000     33836.91         0.00       56.348
       731        731.000      4109.14         0.00        6.843
       732        732.000       850.67         0.00        1.417
       733        733.000      1500.04         0.00        2.498
       734        734.000      1484.91         0.00        2.473
       735        735.000      7310.84         0.00       12.175
       736        736.000     15881.88         0.00       26.448
       737        737.000      5576.15         0.00        9.286
       738        738.000      2228.04         0.00        3.710
       739        739.000     19534.27         0.00       32.530
       740        740.000     12279.59         0.00       20.449
       741        741.000      8650.57         0.00       14.406
       742        742.000      4898.19         0.00        8.157
       743        743.000     10217.32         0.00       17.015
       744        744.000      5220.52         0.00        8.694
       745        745.000      5148.82         0.00        8.574
       746        746.000     10558.89         0.00       17.583
       747        747.000      6156.87         0.00       10.253
       748        748.000     10157.29         0.00       16.915
       749        749.000      7173.62         0.00       11.946
       750        750.000      8201.78         0.00       13.658
       751        751.000     13866.08         0.00       23.091
       752        752.000      3752.02         0.00        6.248
       753        753.000       268.36         0.00        0.447
       754        754.000     17101.37         0.00       28.479
       755        755.000     10390.62         0.00       17.303
       756        756.000      1288.05         0.00        2.145
       757        757.000      3213.95         0.00        5.352
       758        758.000      4247.69         0.00        7.074
       759        759.000      7614.98         0.00       12.681
       760        760.000     15367.96         0.00       25.592
       761        761.000      9843.56         0.00       16.392
       762        762.000      1497.95         0.00        2.494
       763        763.000     20650.75         0.00       34.389
       764        764.000     13478.18         0.00       22.445
       765        765.000      8473.82         0.00       14.111
       766        766.000       770.75         0.00        1.284
       767        767.000       968.27         0.00        1.612
       768        768.000     29831.07         0.00       49.677
       769        769.000      5629.24         0.00        9.374
       770        770.000     11184.46         0.00       18.625
       771        771.000      9086.72         0.00       15.132
       772        772.000      3872.23         0.00        6.448
       773        773.000     10846.07         0.00       18.062
       774        774.000     19342.06         0.00       32.210
       775        775.000      7277.90         0.00       12.120
       776        776.000      5472.93         0.00        9.114
       777        777.000      6152.02         0.00       10.245
       778        778.000      6721.23         0.00       11.193
       779        779.000     10209.60         0.00       17.002
       780        780.000      9597.47         0.00       15.982
       781        781.000      2753.30         0.00        4.585
       782        782.000      8397.50         0.00       13.984
       783        783.000     10616.96         0.00       17.680
       784        784.000     15341.90         0.00       25.549
       785        785.000      8415.59         0.00       14.014
       786        786.000      9349.20         0.00       15.569
       787        787.000     11938.10         0.00       19.880
       788        788.000     10378.14         0.00       17.282
       789        789.000      3966.48         0.00        6.605
       790        790.000      9416.84         0.00       15.682
       791        791.000     17558.18         0.00       29.239
       792        792.000      8657.81         0.00       14.418
       793        793.000     14087.72         0.00       23.460
       794        794.000      1691.14         0.00        2.816
       795        795.000     39879.80         0.00       66.411
       796        796.000      6152.69         0.00       10.246
       797        797.000      4798.35         0.00        7.991
       798        798.000       989.12         0.00        1.647
       799        799.000     22688.41         0.00       37.783
       800        800.000      3253.28         0.00        5.418
       801        801.000     12696.88         0.00       21.144
       802        802.000      1429.06         0.00        2.380
       803        803.000       781.76         0.00        1.302
       804        804.000     12290.46         0.00       20.467
       805        805.000     12023.29         0.00       20.022
       806        806.000      5634.10         0.00        9.382
       807        807.000      2090.80         0.00        3.482
       808        808.000      2345.75         0.00        3.906
       809        809.000      6286.15         0.00       10.468
       810        810.000     26777.00         0.00       44.591
       811        811.000      4726.60         0.00        7.871
       812        812.000      1486.73         0.00        2.476
       813        813.000     15806.82         0.00       26.323
       814        814.000      3620.85         0.00        6.030
       815        815.000     15112.88         0.00       25.167
       816        816.000     18352.93         0.00       30.563
       817        817.000     11053.22         0.00       18.407
       818        818.000      8176.58         0.00       13.616
       819        819.000      3598.72         0.00        5.993
       820        820.000     14413.96         0.00       24.003
       821        821.000     14546.36         0.00       24.224
       822        822.000      1844.62         0.00        3.072
       823        823.000      5619.30         0.00        9.358
       824        824.000      9369.42         0.00       15.603
       825        825.000      4292.21         0.00        7.148
       826        826.000      4212.83         0.00        7.016
       827        827.000      6805.24         0.00       11.333
       828        828.000      2696.82         0.00        4.491
       829        829.000     36392.29         0.00       60.603
       830        830.000     10882.93         0.00       18.123
       831        831.000      9886.24         0.00       16.463
       832        832.000     12619.99         0.00       21.016
       833        833.000      5397.41         0.00        8.988
       834        834.000     28153.19         0.00       46.883
       835        835.000     17756.85         0.00       29.570
       836        836.000     11902.04         0.00       19.820
       837        837.000     14538.12         0.00       24.210
       838        838.000     14940.26         0.00       24.880
       839        839.000     10516.53         0.00       17.513
       840        840.000     20036.78         0.00       33.367
       841        841.000      6592.44         0.00       10.978
       842        842.000      7799.73         0.00       12.989
       843        843.000      4357.44         0.00        7.256
       844        844.000      8569.34         0.00       14.270
       845        845.000     16775.07         0.00       27.935
       846        846.000      5723.78         0.00        9.532
       847        847.000     21363.83         0.00       35.577
       848        848.000       468.18         0.00        0.780
       849        849.000      6130.34         0.00       10.209
       850        850.000      3511.29         0.00        5.847
       851        851.000      7528.94         0.00       12.538
       852        852.000     12766.51         0.00       21.260
       853        853.000      3064.77         0.00        5.104
       854        854.000      3342.66         0.00        5.566
       855        855.000     17236.20         0.00       28.703
       856        856.000     13921.34         0.00       23.183
       857        857.000     10517.36         0.00       17.514
       858        858.000      5924.89         0.00        9.867
       859        859.000      9373.28         0.00       15.609
       860        860.000      5042.68         0.00        8.397
       861        861.000     22977.38         0.00       38.264
       862        862.000      1383.30         0.00        2.304
       863        863.000     10161.06         0.00       16.921
       864        864.000      9570.00         0.00       15.937
       865        865.000     20512.72         0.00       34.159
       866        866.000     15110.52         0.00       25.163
       867        867.000     18938.30         0.00       31.538
       868        868.000      3947.75         0.00        6.574
       869        869.000      1542.83         0.00        2.569
       870        870.000      1374.61         0.00        2.289
       871        871.000     11556.96         0.00       19.246
       872        872.000     13420.37         0.00       22.349
       873        873.000      7367.89         0.00       12.270
       874        874.000      4806.50         0.00        8.004
       875        875.000      3918.63         0.00        6.526
       876        876.000     19235.36         0.00       32.032
       877        877.000      7467.11         0.00       12.435
       878        878.000      6087.90         0.00       10.138
       879        879.000      1710.04         0.00        2.848
       880        880.000     14668.93         0.00       24.428
       881        881.000     29343.54         0.00       48.865
       882        882.000     45483.29         0.00       75.742
       883        883.000     18971.49         0.00       31.593
       884        884.000      5173.56         0.00        8.615
       885        885.000      2227.65         0.00        3.710
       886        886.000     16861.93         0.00       28.080
       887        887.000      2788.38         0.00        4.643
       888        888.000      7229.00         0.00       12.038
       889        889.000     29182.31         0.00       48.597
       890        890.000      4741.59         0.00        7.896
       891        891.000      8604.65         0.00       14.329
       892        892.000      7710.63         0.00       12.840
       893        893.000      7467.72         0.00       12.436
       894        894.000      6675.98         0.00       11.117
       895        895.000       611.56         0.00        1.018
       896        896.000      5931.67         0.00        9.878
       897        897.000      2641.56         0.00        4.399
       898        898.000      6434.91         0.00       10.716
       899        899.000      9481.01         0.00       15.789
       900        900.000     30139.94         0.00       50.191
       901        901.000     10917.22         0.00       18.180
       902        902.000      7952.48         0.00       13.243
       903        903.000     13947.19         0.00       23.226
       904        904.000      4799.02         0.00        7.992
       905        905.000      2019.54         0.00        3.363
       906        906.000      2443.46         0.00        4.069
       907        907.000      4791.42         0.00        7.979
       908        908.000      9516.06         0.00       15.847
       909        909.000      6249.79         0.00       10.408
       910        910.000      4834.27         0.00        8.050
       911        911.000     10685.86         0.00       17.795
       912        912.000     11232.41         0.00       18.705
       913        913.000     15030.68         0.00       25.030
       914        914.000      3877.07         0.00        6.456
       915        915.000      6102.78         0.00       10.163
       916        916.000     10742.74         0.00       17.890
       917        917.000      9537.71         0.00       15.883
       918        918.000      5057.39         0.00        8.422
       919        919.000      6498.22         0.00       10.821
       920        920.000      3137.72         0.00        5.225
       921        921.000     19244.82         0.00       32.048
       922        922.000     13182.83         0.00       21.953
       923        923.000      7098.07         0.00       11.820
       924        924.000     26079.86         0.00       43.430
       925        925.000       645.15         0.00        1.074
       926        926.000     23171.76         0.00       38.587
       927        927.000     17284.71         0.00       28.784
       928        928.000      1926.20         0.00        3.208
       929        929.000     10666.58         0.00       17.763
       930        930.000      1409.52         0.00        2.347
       931        931.000      3516.71         0.00        5.856
       932        932.000      3361.22         0.00        5.597
       933        933.000      6353.23         0.00       10.580
       934        934.000     11021.05         0.00       18.353
       935        935.000      8077.91         0.00       13.452
       936        936.000     18079.66         0.00       30.108
       937        937.000      4099.31         0.00        6.826
       938        938.000      4214.12         0.00        7.018
       939        939.000     22359.01         0.00       37.234
       940        940.000      4257.47         0.00        7.090
       941        941.000     36561.42         0.00       60.885
       942        942.000     12589.29         0.00       20.965
       943        943.000      4571.78         0.00        7.613
       944        944.000      7190.10         0.00       11.974
       945        945.000      9104.02         0.00       15.161
       946        946.000     20248.83         0.00       33.720
       947        947.000      1833.81         0.00        3.054
       948        948.000     28183.36         0.00       46.933
       949        949.000      9104.00         0.00       15.161
       950        950.000      1816.19         0.00        3.024
       951        951.000      4958.42         0.00        8.257
       952        952.000     11057.78         0.00       18.414
       953        953.000     13866.54         0.00       23.092
       954        954.000      8227.08         0.00       13.700
       955        955.000     17448.58         0.00       29.057
       956        956.000     27217.37         0.00       45.325
       957        957.000      2819.76         0.00        4.696
       958        958.000      6439.86         0.00       10.724
       959        959.000     13692.52         0.00       22.802
       960        960.000      3750.49         0.00        6.246
       961        961.000     13137.48         0.00       21.878
       962        962.000      5055.99         0.00        8.420
       963        963.000     19174.24         0.00       31.930
       964        964.000     11964.22         0.00       19.924
       965        965.000     12635.48         0.00       21.042
       966        966.000      9084.14         0.00       15.128
       967        967.000     11855.23         0.00       19.742
       968        968.000      8628.83         0.00       14.369
       969        969.000      2208.28         0.00        3.677
       970        970.000      1297.62         0.00        2.161
       971        971.000      7771.91         0.00       12.942
       972        972.000     16326.68         0.00       27.188
       973        973.000      8008.95         0.00       13.337
       974        974.000     34498.47         0.00       57.450
       975        975.000     11250.48         0.00       18.735
       976        976.000      6407.97         0.00       10.671
       977        977.000     10479.99         0.00       17.452
       978        978.000      1864.37         0.00        3.105
       979        979.000      7400.79         0.00       12.324
       980        980.000     10550.76         0.00       17.570
       981        981.000     11486.20         0.00       19.128
       982        982.000       345.91         0.00        0.576
       983        983.000      5550.07         0.00        9.242
       984        984.000      2268.88         0.00        3.778
       985        985.000      4755.09         0.00        7.919
       986        986.000      9301.17         0.00       15.489
       987        987.000     25333.64         0.00       42.188
       988        988.000     19543.69         0.00       32.546
       989        989.000      1301.28         0.00        2.167
       990        990.000     28786.03         0.00       47.937
       991        991.000      3244.25         0.00        5.403
       992        992.000     14745.83         0.00       24.556
       993        993.000     21264.43         0.00       35.411
       994        994.000     21722.24         0.00       36.174
       995        995.000     26985.81         0.00       44.939
       996        996.000      5707.23         0.00        9.504
       997        997.000     23249.86         0.00       38.718
       998        998.000      3334.34         0.00        5.553
       999        999.000     15926.62         0.00       26.522
      1000       1000.000      9341.64         0.00       15.556
