#  iFrame          Time(ps)     <Rg^2>(A^2)     stdRg^2(A^2)     <Rg^2>/M(molnm2/kg)
#===================================================================================
         0          0.000      1559.70         0.00        2.597
         1          1.000      1242.12         0.00        2.068
         2          2.000       470.24         0.00        0.783
         3          3.000      1624.43         0.00        2.705
         4          4.000      1591.26         0.00        2.650
         5          5.000      3257.10         0.00        5.424
         6          6.000       635.21         0.00        1.058
         7          7.000      3412.36         0.00        5.683
         8          8.000      1739.27         0.00        2.896
         9          9.000      1270.44         0.00        2.116
        10         10.000      2298.49         0.00        3.828
        11         11.000      1550.68         0.00        2.582
        12         12.000       939.69         0.00        1.565
        13         13.000      2530.73         0.00        4.214
        14         14.000      1275.31         0.00        2.124
        15         15.000      1670.68         0.00        2.782
        16         16.000      2826.45         0.00        4.707
        17         17.000      2074.12         0.00        3.454
        18         18.000      1062.41         0.00        1.769
        19         19.000      1514.20         0.00        2.522
        20         20.000       949.38         0.00        1.581
        21         21.000       964.46         0.00        1.606
        22         22.000      1402.42         0.00        2.335
        23         23.000       976.48         0.00        1.626
        24         24.000       967.12         0.00        1.611
        25         25.000      4139.20         0.00        6.893
        26         26.000      1229.62         0.00        2.048
        27         27.000      1054.28         0.00        1.756
        28         28.000       578.10         0.00        0.963
        29         29.000      1957.98         0.00        3.261
        30         30.000       954.69         0.00        1.590
        31         31.000      1252.97         0.00        2.087
        32         32.000      1629.93         0.00        2.714
        33         33.000      1539.61         0.00        2.564
        34         34.000      2803.47         0.00        4.669
        35         35.000      1270.93         0.00        2.116
        36         36.000      1492.17         0.00        2.485
        37         37.000      1594.59         0.00        2.655
        38         38.000       828.03         0.00        1.379
        39         39.000      2668.52         0.00        4.444
        40         40.000      1433.90         0.00        2.388
        41         41.000      3653.60         0.00        6.084
        42         42.000      1483.65         0.00        2.471
        43         43.000      1743.95         0.00        2.904
        44         44.000       539.46         0.00        0.898
        45         45.000      1068.64         0.00        1.780
        46         46.000       981.52         0.00        1.634
        47         47.000       860.57         0.00        1.433
        48         48.000      1131.73         0.00        1.885
        49         49.000      2909.38         0.00        4.845
        50         50.000      2122.78         0.00        3.535
        51         51.000      1059.31         0.00        1.764
        52         52.000      1373.41         0.00        2.287
        53         53.000      3427.35         0.00        5.708
        54         54.000      1988.55         0.00        3.311
        55         55.000       974.24         0.00        1.622
        56         56.000      1215.67         0.00        2.024
        57         57.000       734.51         0.00        1.223
        58         58.000      2168.64         0.00        3.611
        59         59.000      1639.37         0.00        2.730
        60         60.000      1254.39         0.00        2.089
        61         61.000      3248.99         0.00        5.410
        62         62.000      1923.50         0.00        3.203
        63         63.000      3225.09         0.00        5.371
        64         64.000      1756.78         0.00        2.926
        65         65.000      1287.48         0.00        2.144
        66         66.000      1790.54         0.00        2.982
        67         67.000      1998.64         0.00        3.328
        68         68.000      1095.98         0.00        1.825
        69         69.000      1631.29         0.00        2.717
        70         70.000      1001.23         0.00        1.667
        71         71.000      1247.67         0.00        2.078
        72         72.000      1625.56         0.00        2.707
        73         73.000      3230.97         0.00        5.380
        74         74.000      6232.74         0.00       10.379
        75         75.000       729.55         0.00        1.215
        76         76.000      1045.26         0.00        1.741
        77         77.000       901.33         0.00        1.501
        78         78.000      1902.55         0.00        3.168
        79         79.000      2163.66         0.00        3.603
        80         80.000       550.01         0.00        0.916
        81         81.000      2142.51         0.00        3.568
        82         82.000       963.04         0.00        1.604
        83         83.000      1097.07         0.00        1.827
        84         84.000      2597.49         0.00        4.326
        85         85.000       945.29         0.00        1.574
        86         86.000      1739.76         0.00        2.897
        87         87.000      1912.84         0.00        3.185
        88         88.000      2880.16         0.00        4.796
        89         89.000      3039.36         0.00        5.061
        90         90.000       885.70         0.00        1.475
        91         91.000      1135.41         0.00        1.891
        92         92.000      1474.89         0.00        2.456
        93         93.000       892.88         0.00        1.487
        94         94.000      1401.06         0.00        2.333
        95         95.000      1901.52         0.00        3.167
        96         96.000      1991.59         0.00        3.317
        97         97.000      1047.14         0.00        1.744
        98         98.000      1490.25         0.00        2.482
        99         99.000      2208.42         0.00        3.678
       100        100.000      1617.07         0.00        2.693
       101        101.000      1807.46         0.00        3.010
       102        102.000       791.57         0.00        1.318
       103        103.000      4470.24         0.00        7.444
       104        104.000      1255.54         0.00        2.091
       105        105.000      1793.71         0.00        2.987
       106        106.000      1520.68         0.00        2.532
       107        107.000      2077.22         0.00        3.459
       108        108.000      1073.46         0.00        1.788
       109        109.000      2327.07         0.00        3.875
       110        110.000      3547.82         0.00        5.908
       111        111.000       878.44         0.00        1.463
       112        112.000      3420.67         0.00        5.696
       113        113.000      2274.40         0.00        3.788
       114        114.000      1266.18         0.00        2.109
       115        115.000      2845.87         0.00        4.739
       116        116.000      1692.46         0.00        2.818
       117        117.000      3229.52         0.00        5.378
       118        118.000      1877.87         0.00        3.127
       119        119.000      2854.90         0.00        4.754
       120        120.000      1118.19         0.00        1.862
       121        121.000      1238.57         0.00        2.063
       122        122.000      1108.56         0.00        1.846
       123        123.000      3727.60         0.00        6.207
       124        124.000      3619.13         0.00        6.027
       125        125.000      1297.11         0.00        2.160
       126        126.000      3347.94         0.00        5.575
       127        127.000      1683.84         0.00        2.804
       128        128.000      2653.00         0.00        4.418
       129        129.000      2128.71         0.00        3.545
       130        130.000      1615.35         0.00        2.690
       131        131.000       995.81         0.00        1.658
       132        132.000       968.56         0.00        1.613
       133        133.000       776.22         0.00        1.293
       134        134.000      1997.23         0.00        3.326
       135        135.000      4115.35         0.00        6.853
       136        136.000      2806.73         0.00        4.674
       137        137.000      1028.49         0.00        1.713
       138        138.000      1715.39         0.00        2.857
       139        139.000      2989.36         0.00        4.978
       140        140.000       885.30         0.00        1.474
       141        141.000      1581.41         0.00        2.633
       142        142.000       774.00         0.00        1.289
       143        143.000      2139.14         0.00        3.562
       144        144.000       834.00         0.00        1.389
       145        145.000      3120.60         0.00        5.197
       146        146.000      1810.10         0.00        3.014
       147        147.000      1576.50         0.00        2.625
       148        148.000      2100.29         0.00        3.498
       149        149.000      1922.00         0.00        3.201
       150        150.000       798.96         0.00        1.330
       151        151.000       930.57         0.00        1.550
       152        152.000       701.87         0.00        1.169
       153        153.000       467.34         0.00        0.778
       154        154.000      1609.24         0.00        2.680
       155        155.000      3579.83         0.00        5.961
       156        156.000       697.55         0.00        1.162
       157        157.000       662.29         0.00        1.103
       158        158.000      2326.64         0.00        3.875
       159        159.000      1535.33         0.00        2.557
       160        160.000      2992.23         0.00        4.983
       161        161.000       941.94         0.00        1.569
       162        162.000      1803.58         0.00        3.003
       163        163.000      2518.38         0.00        4.194
       164        164.000      1394.41         0.00        2.322
       165        165.000      2063.70         0.00        3.437
       166        166.000      3033.66         0.00        5.052
       167        167.000      1380.18         0.00        2.298
       168        168.000      1375.12         0.00        2.290
       169        169.000      1904.86         0.00        3.172
       170        170.000      2005.87         0.00        3.340
       171        171.000       600.72         0.00        1.000
       172        172.000       584.51         0.00        0.973
       173        173.000       639.81         0.00        1.065
       174        174.000      2151.49         0.00        3.583
       175        175.000      1612.13         0.00        2.685
       176        176.000      2495.75         0.00        4.156
       177        177.000      3323.23         0.00        5.534
       178        178.000      1238.20         0.00        2.062
       179        179.000      4639.88         0.00        7.727
       180        180.000      1266.35         0.00        2.109
       181        181.000      3096.70         0.00        5.157
       182        182.000       798.44         0.00        1.330
       183        183.000      1598.94         0.00        2.663
       184        184.000       909.22         0.00        1.514
       185        185.000      1383.58         0.00        2.304
       186        186.000      3743.42         0.00        6.234
       187        187.000      1916.95         0.00        3.192
       188        188.000      3468.82         0.00        5.777
       189        189.000      1054.36         0.00        1.756
       190        190.000      1300.40         0.00        2.166
       191        191.000      1792.75         0.00        2.985
       192        192.000       795.77         0.00        1.325
       193        193.000       982.72         0.00        1.637
       194        194.000       839.66         0.00        1.398
       195        195.000      1823.03         0.00        3.036
       196        196.000       647.64         0.00        1.078
       197        197.000      1258.91         0.00        2.096
       198        198.000      3188.19         0.00        5.309
       199        199.000       936.21         0.00        1.559
       200        200.000      1270.36         0.00        2.116
       201        201.000      1311.22         0.00        2.184
       202        202.000       982.48         0.00        1.636
       203        203.000      1946.78         0.00        3.242
       204        204.000      1822.69         0.00        3.035
       205        205.000      5724.56         0.00        9.533
       206        206.000      2906.68         0.00        4.840
       207        207.000      1281.55         0.00        2.134
       208        208.000      1240.11         0.00        2.065
       209        209.000      1095.18         0.00        1.824
       210        210.000      2473.27         0.00        4.119
       211        211.000      1738.18         0.00        2.895
       212        212.000      1535.11         0.00        2.556
       213        213.000      3171.01         0.00        5.281
       214        214.000      1475.25         0.00        2.457
       215        215.000      2490.58         0.00        4.148
       216        216.000       968.90         0.00        1.613
       217        217.000      1108.68         0.00        1.846
       218        218.000      1047.36         0.00        1.744
       219        219.000      1520.77         0.00        2.532
       220        220.000      1541.85         0.00        2.568
       221        221.000      2354.90         0.00        3.922
       222        222.000      2913.50         0.00        4.852
       223        223.000      1629.47         0.00        2.714
       224        224.000      1049.30         0.00        1.747
       225        225.000      1281.41         0.00        2.134
       226        226.000       774.52         0.00        1.290
       227        227.000       936.55         0.00        1.560
       228        228.000      1096.07         0.00        1.825
       229        229.000      1572.11         0.00        2.618
       230        230.000      1296.35         0.00        2.159
       231        231.000       834.32         0.00        1.389
       232        232.000       628.07         0.00        1.046
       233        233.000      1848.78         0.00        3.079
       234        234.000      1645.70         0.00        2.741
       235        235.000      2409.17         0.00        4.012
       236        236.000      1663.55         0.00        2.770
       237        237.000      1623.11         0.00        2.703
       238        238.000       485.89         0.00        0.809
       239        239.000      1209.14         0.00        2.014
       240        240.000      1238.41         0.00        2.062
       241        241.000      1423.90         0.00        2.371
       242        242.000      1642.52         0.00        2.735
       243        243.000      1932.32         0.00        3.218
       244        244.000      2500.22         0.00        4.164
       245        245.000      1131.33         0.00        1.884
       246        246.000      1334.38         0.00        2.222
       247        247.000      1299.86         0.00        2.165
       248        248.000       676.21         0.00        1.126
       249        249.000      4329.27         0.00        7.209
       250        250.000      1576.68         0.00        2.626
       251        251.000      1039.25         0.00        1.731
       252        252.000      1837.81         0.00        3.060
       253        253.000      2176.04         0.00        3.624
       254        254.000       917.79         0.00        1.528
       255        255.000      2258.08         0.00        3.760
       256        256.000      3930.35         0.00        6.545
       257        257.000      3586.33         0.00        5.972
       258        258.000      1257.07         0.00        2.093
       259        259.000      1463.33         0.00        2.437
       260        260.000       955.64         0.00        1.591
       261        261.000       564.69         0.00        0.940
       262        262.000       575.60         0.00        0.959
       263        263.000      1181.36         0.00        1.967
       264        264.000      3774.11         0.00        6.285
       265        265.000      2048.36         0.00        3.411
       266        266.000      3996.45         0.00        6.655
       267        267.000      3341.30         0.00        5.564
       268        268.000      2930.09         0.00        4.879
       269        269.000       351.70         0.00        0.586
       270        270.000      2183.22         0.00        3.636
       271        271.000      2100.27         0.00        3.498
       272        272.000      4230.40         0.00        7.045
       273        273.000      1722.50         0.00        2.868
       274        274.000      1731.95         0.00        2.884
       275        275.000      4149.99         0.00        6.911
       276        276.000       581.38         0.00        0.968
       277        277.000      1360.47         0.00        2.266
       278        278.000       879.10         0.00        1.464
       279        279.000      1989.56         0.00        3.313
       280        280.000       727.70         0.00        1.212
       281        281.000      2169.67         0.00        3.613
       282        282.000      1637.50         0.00        2.727
       283        283.000      1272.54         0.00        2.119
       284        284.000      2395.28         0.00        3.989
       285        285.000      2782.77         0.00        4.634
       286        286.000      3040.69         0.00        5.064
       287        287.000      1619.90         0.00        2.698
       288        288.000       881.97         0.00        1.469
       289        289.000      1181.98         0.00        1.968
       290        290.000      2389.09         0.00        3.979
       291        291.000      1326.34         0.00        2.209
       292        292.000      1716.92         0.00        2.859
       293        293.000      2300.85         0.00        3.832
       294        294.000       833.09         0.00        1.387
       295        295.000      3676.79         0.00        6.123
       296        296.000      1623.15         0.00        2.703
       297        297.000      2990.97         0.00        4.981
       298        298.000       795.38         0.00        1.325
       299        299.000      2421.60         0.00        4.033
       300        300.000      1717.26         0.00        2.860
       301        301.000       994.06         0.00        1.655
       302        302.000      2403.70         0.00        4.003
       303        303.000       907.41         0.00        1.511
       304        304.000      2360.03         0.00        3.930
       305        305.000      1199.93         0.00        1.998
       306        306.000       856.58         0.00        1.426
       307        307.000       659.70         0.00        1.099
       308        308.000       977.12         0.00        1.627
       309        309.000       861.85         0.00        1.435
       310        310.000      2176.94         0.00        3.625
       311        311.000      2371.56         0.00        3.949
       312        312.000      1528.87         0.00        2.546
       313        313.000      2669.54         0.00        4.446
       314        314.000      1645.69         0.00        2.741
       315        315.000      1026.57         0.00        1.710
       316        316.000      2593.71         0.00        4.319
       317        317.000      1331.95         0.00        2.218
       318        318.000      1420.81         0.00        2.366
       319        319.000       713.53         0.00        1.188
       320        320.000      1730.21         0.00        2.881
       321        321.000      1957.76         0.00        3.260
       322        322.000       983.44         0.00        1.638
       323        323.000      2395.49         0.00        3.989
       324        324.000      1112.35         0.00        1.852
       325        325.000      1232.05         0.00        2.052
       326        326.000       806.46         0.00        1.343
       327        327.000      4811.49         0.00        8.012
       328        328.000      1296.44         0.00        2.159
       329        329.000      1690.23         0.00        2.815
       330        330.000      2936.75         0.00        4.891
       331        331.000      3185.25         0.00        5.304
       332        332.000       620.30         0.00        1.033
       333        333.000      1297.44         0.00        2.161
       334        334.000      1603.97         0.00        2.671
       335        335.000      1605.81         0.00        2.674
       336        336.000      1170.12         0.00        1.949
       337        337.000      1443.24         0.00        2.403
       338        338.000       483.76         0.00        0.806
       339        339.000      1322.01         0.00        2.202
       340        340.000      2478.96         0.00        4.128
       341        341.000      1108.95         0.00        1.847
       342        342.000      1607.56         0.00        2.677
       343        343.000      1271.97         0.00        2.118
       344        344.000      1563.42         0.00        2.604
       345        345.000      2117.90         0.00        3.527
       346        346.000      1297.25         0.00        2.160
       347        347.000      2328.00         0.00        3.877
       348        348.000      1242.13         0.00        2.068
       349        349.000      1814.38         0.00        3.021
       350        350.000       952.75         0.00        1.587
       351        351.000      3159.21         0.00        5.261
       352        352.000      2179.77         0.00        3.630
       353        353.000      1674.05         0.00        2.788
       354        354.000      2275.69         0.00        3.790
       355        355.000      1192.48         0.00        1.986
       356        356.000      1074.88         0.00        1.790
       357        357.000      1256.51         0.00        2.092
       358        358.000       985.96         0.00        1.642
       359        359.000      1220.94         0.00        2.033
       360        360.000      1694.24         0.00        2.821
       361        361.000      1218.16         0.00        2.029
       362        362.000      1776.14         0.00        2.958
       363        363.000      1355.23         0.00        2.257
       364        364.000      1061.02         0.00        1.767
       365        365.000      3392.90         0.00        5.650
       366        366.000      1434.80         0.00        2.389
       367        367.000      3615.92         0.00        6.022
       368        368.000      3643.73         0.00        6.068
       369        369.000      2133.07         0.00        3.552
       370        370.000      2737.52         0.00        4.559
       371        371.000      1972.58         0.00        3.285
       372        372.000      1379.86         0.00        2.298
       373        373.000      1812.53         0.00        3.018
       374        374.000      4065.99         0.00        6.771
       375        375.000      1845.38         0.00        3.073
       376        376.000      3721.57         0.00        6.197
       377        377.000      2183.74         0.00        3.637
       378        378.000      1596.40         0.00        2.658
       379        379.000       793.59         0.00        1.322
       380        380.000      1413.66         0.00        2.354
       381        381.000      2319.58         0.00        3.863
       382        382.000      1250.05         0.00        2.082
       383        383.000      1750.02         0.00        2.914
       384        384.000      2216.69         0.00        3.691
       385        385.000      1412.44         0.00        2.352
       386        386.000      1054.45         0.00        1.756
       387        387.000      1741.09         0.00        2.899
       388        388.000      4061.67         0.00        6.764
       389        389.000      1686.59         0.00        2.809
       390        390.000      1099.07         0.00        1.830
       391        391.000      1236.29         0.00        2.059
       392        392.000      1292.89         0.00        2.153
       393        393.000      1315.22         0.00        2.190
       394        394.000      1745.65         0.00        2.907
       395        395.000      3679.22         0.00        6.127
       396        396.000       741.10         0.00        1.234
       397        397.000      3802.86         0.00        6.333
       398        398.000      2106.14         0.00        3.507
       399        399.000       562.42         0.00        0.937
       400        400.000      1603.89         0.00        2.671
       401        401.000       813.69         0.00        1.355
       402        402.000      1661.60         0.00        2.767
       403        403.000      2229.76         0.00        3.713
       404        404.000      1300.25         0.00        2.165
       405        405.000       893.05         0.00        1.487
       406        406.000      3693.83         0.00        6.151
       407        407.000       334.85         0.00        0.558
       408        408.000      2634.94         0.00        4.388
       409        409.000      2070.88         0.00        3.449
       410        410.000      1913.49         0.00        3.186
       411        411.000      1668.81         0.00        2.779
       412        412.000      1185.25         0.00        1.974
       413        413.000      1289.64         0.00        2.148
       414        414.000      1739.51         0.00        2.897
       415        415.000      1269.20         0.00        2.114
       416        416.000      1670.43         0.00        2.782
       417        417.000       724.13         0.00        1.206
       418        418.000      1339.12         0.00        2.230
       419        419.000      3190.15         0.00        5.312
       420        420.000      2247.10         0.00        3.742
       421        421.000      1989.87         0.00        3.314
       422        422.000       760.23         0.00        1.266
       423        423.000      1920.62         0.00        3.198
       424        424.000      2891.91         0.00        4.816
       425        425.000       807.24         0.00        1.344
       426        426.000      1622.06         0.00        2.701
       427        427.000       821.72         0.00        1.368
       428        428.000      2533.34         0.00        4.219
       429        429.000      3040.60         0.00        5.063
       430        430.000      3688.69         0.00        6.143
       431        431.000      2006.87         0.00        3.342
       432        432.000      1981.91         0.00        3.300
       433        433.000      2805.59         0.00        4.672
       434        434.000       815.30         0.00        1.358
       435        435.000      1926.17         0.00        3.208
       436        436.000      1900.36         0.00        3.165
       437        437.000      3865.49         0.00        6.437
       438        438.000       570.45         0.00        0.950
       439        439.000      1122.94         0.00        1.870
       440        440.000      2408.64         0.00        4.011
       441        441.000      3357.21         0.00        5.591
       442        442.000      2281.95         0.00        3.800
       443        443.000      2153.91         0.00        3.587
       444        444.000      1780.49         0.00        2.965
       445        445.000      1073.67         0.00        1.788
       446        446.000      1297.38         0.00        2.160
       447        447.000      1253.83         0.00        2.088
       448        448.000      3015.60         0.00        5.022
       449        449.000       681.22         0.00        1.134
       450        450.000       844.29         0.00        1.406
       451        451.000      1555.99         0.00        2.591
       452        452.000       686.82         0.00        1.144
       453        453.000       728.62         0.00        1.213
       454        454.000      1546.86         0.00        2.576
       455        455.000      1672.91         0.00        2.786
       456        456.000      2765.39         0.00        4.605
       457        457.000      1201.61         0.00        2.001
       458        458.000       605.59         0.00        1.008
       459        459.000       764.58         0.00        1.273
       460        460.000      1727.50         0.00        2.877
       461        461.000      1195.00         0.00        1.990
       462        462.000      2124.57         0.00        3.538
       463        463.000      2633.42         0.00        4.385
       464        464.000      3132.97         0.00        5.217
       465        465.000       800.99         0.00        1.334
       466        466.000      2666.20         0.00        4.440
       467        467.000      1360.85         0.00        2.266
       468        468.000      1348.11         0.00        2.245
       469        469.000      1083.37         0.00        1.804
       470        470.000      2459.58         0.00        4.096
       471        471.000       713.23         0.00        1.188
       472        472.000      1448.22         0.00        2.412
       473        473.000       686.59         0.00        1.143
       474        474.000       981.39         0.00        1.634
       475        475.000      1056.46         0.00        1.759
       476        476.000      1140.03         0.00        1.898
       477        477.000      1744.38         0.00        2.905
       478        478.000      1475.54         0.00        2.457
       479        479.000      2107.57         0.00        3.510
       480        480.000      2500.75         0.00        4.164
       481        481.000      3384.21         0.00        5.636
       482        482.000      2069.97         0.00        3.447
       483        483.000      2435.08         0.00        4.055
       484        484.000      1760.57         0.00        2.932
       485        485.000      1221.56         0.00        2.034
       486        486.000      2298.55         0.00        3.828
       487        487.000      1036.74         0.00        1.726
       488        488.000      2704.11         0.00        4.503
       489        489.000      2018.71         0.00        3.362
       490        490.000      2009.14         0.00        3.346
       491        491.000       767.01         0.00        1.277
       492        492.000      1455.37         0.00        2.424
       493        493.000      2324.53         0.00        3.871
       494        494.000      2159.16         0.00        3.596
       495        495.000      1489.94         0.00        2.481
       496        496.000      1059.46         0.00        1.764
       497        497.000      1295.50         0.00        2.157
       498        498.000      1874.02         0.00        3.121
       499        499.000      1639.99         0.00        2.731
       500        500.000      2389.32         0.00        3.979
       501        501.000      1407.47         0.00        2.344
       502        502.000      1294.91         0.00        2.156
       503        503.000      1410.89         0.00        2.350
       504        504.000      1820.59         0.00        3.032
       505        505.000       767.99         0.00        1.279
       506        506.000      1419.22         0.00        2.363
       507        507.000      1207.33         0.00        2.011
       508        508.000      1171.17         0.00        1.950
       509        509.000      2127.56         0.00        3.543
       510        510.000      1865.97         0.00        3.107
       511        511.000      3709.23         0.00        6.177
       512        512.000      1056.55         0.00        1.759
       513        513.000      1109.41         0.00        1.847
       514        514.000       925.64         0.00        1.541
       515        515.000      1231.82         0.00        2.051
       516        516.000      2364.81         0.00        3.938
       517        517.000      1179.45         0.00        1.964
       518        518.000      1354.48         0.00        2.256
       519        519.000      1884.96         0.00        3.139
       520        520.000      2526.87         0.00        4.208
       521        521.000      1028.76         0.00        1.713
       522        522.000      1365.30         0.00        2.274
       523        523.000      3891.42         0.00        6.480
       524        524.000       600.05         0.00        0.999
       525        525.000      2786.21         0.00        4.640
       526        526.000      1683.87         0.00        2.804
       527        527.000      1496.64         0.00        2.492
       528        528.000      3101.65         0.00        5.165
       529        529.000      2429.00         0.00        4.045
       530        530.000      1939.73         0.00        3.230
       531        531.000       490.53         0.00        0.817
       532        532.000      1193.92         0.00        1.988
       533        533.000       883.99         0.00        1.472
       534        534.000       606.82         0.00        1.011
       535        535.000       616.66         0.00        1.027
       536        536.000      1625.23         0.00        2.706
       537        537.000      2550.72         0.00        4.248
       538        538.000      1076.06         0.00        1.792
       539        539.000       475.91         0.00        0.793
       540        540.000      1182.58         0.00        1.969
       541        541.000      1259.79         0.00        2.098
       542        542.000      2375.56         0.00        3.956
       543        543.000      1692.77         0.00        2.819
       544        544.000      1922.85         0.00        3.202
       545        545.000       932.59         0.00        1.553
       546        546.000      2672.69         0.00        4.451
       547        547.000      1213.63         0.00        2.021
       548        548.000      2459.05         0.00        4.095
       549        549.000       532.16         0.00        0.886
       550        550.000       834.21         0.00        1.389
       551        551.000      1334.83         0.00        2.223
       552        552.000      1600.14         0.00        2.665
       553        553.000      1239.66         0.00        2.064
       554        554.000      1764.30         0.00        2.938
       555        555.000       375.31         0.00        0.625
       556        556.000      1419.15         0.00        2.363
       557        557.000      1411.43         0.00        2.350
       558        558.000      1361.39         0.00        2.267
       559        559.000      1135.88         0.00        1.892
       560        560.000      2870.58         0.00        4.780
       561        561.000      1552.56         0.00        2.585
       562        562.000      1752.28         0.00        2.918
       563        563.000      1128.47         0.00        1.879
       564        564.000      1732.29         0.00        2.885
       565        565.000      1127.40         0.00        1.877
       566        566.000      2988.28         0.00        4.976
       567        567.000       729.14         0.00        1.214
       568        568.000      1497.30         0.00        2.493
       569        569.000      1364.76         0.00        2.273
       570        570.000      1636.00         0.00        2.724
       571        571.000      2033.45         0.00        3.386
       572        572.000      1654.77         0.00        2.756
       573        573.000      1291.88         0.00        2.151
       574        574.000       743.86         0.00        1.239
       575        575.000      2792.91         0.00        4.651
       576        576.000       750.24         0.00        1.249
       577        577.000      1537.35         0.00        2.560
       578        578.000      2906.01         0.00        4.839
       579        579.000      2002.91         0.00        3.335
       580        580.000      2949.46         0.00        4.912
       581        581.000       590.63         0.00        0.984
       582        582.000      1406.34         0.00        2.342
       583        583.000      3789.19         0.00        6.310
       584        584.000       574.21         0.00        0.956
       585        585.000      1616.25         0.00        2.691
       586        586.000      3248.27         0.00        5.409
       587        587.000      2011.02         0.00        3.349
       588        588.000      2563.49         0.00        4.269
       589        589.000      1794.58         0.00        2.988
       590        590.000       949.79         0.00        1.582
       591        591.000      1430.77         0.00        2.383
       592        592.000      1497.05         0.00        2.493
       593        593.000      1975.73         0.00        3.290
       594        594.000      2824.87         0.00        4.704
       595        595.000      2031.92         0.00        3.384
       596        596.000      3515.16         0.00        5.854
       597        597.000      1497.00         0.00        2.493
       598        598.000      2521.68         0.00        4.199
       599        599.000      1480.82         0.00        2.466
       600        600.000      3547.30         0.00        5.907
       601        601.000      1513.62         0.00        2.521
       602        602.000       816.54         0.00        1.360
       603        603.000      1259.45         0.00        2.097
       604        604.000       591.44         0.00        0.985
       605        605.000      1721.90         0.00        2.867
       606        606.000      2063.97         0.00        3.437
       607        607.000      2312.64         0.00        3.851
       608        608.000      2917.41         0.00        4.858
       609        609.000       918.17         0.00        1.529
       610        610.000      1341.18         0.00        2.233
       611        611.000      1484.73         0.00        2.472
       612        612.000      2368.30         0.00        3.944
       613        613.000      1934.01         0.00        3.221
       614        614.000       959.54         0.00        1.598
       615        615.000      1083.59         0.00        1.804
       616        616.000      3181.57         0.00        5.298
       617        617.000      1066.26         0.00        1.776
       618        618.000      3073.21         0.00        5.118
       619        619.000       441.50         0.00        0.735
       620        620.000       630.26         0.00        1.050
       621        621.000      3057.27         0.00        5.091
       622        622.000       577.94         0.00        0.962
       623        623.000      1686.28         0.00        2.808
       624        624.000      1763.95         0.00        2.937
       625        625.000      2138.14         0.00        3.561
       626        626.000      1338.49         0.00        2.229
       627        627.000      1655.22         0.00        2.756
       628        628.000      1271.97         0.00        2.118
       629        629.000      1203.99         0.00        2.005
       630        630.000      1847.29         0.00        3.076
       631        631.000      2227.31         0.00        3.709
       632        632.000      1061.16         0.00        1.767
       633        633.000      1133.34         0.00        1.887
       634        634.000      2675.38         0.00        4.455
       635        635.000      1520.12         0.00        2.531
       636        636.000      2457.75         0.00        4.093
       637        637.000       949.93         0.00        1.582
       638        638.000      2373.73         0.00        3.953
       639        639.000       972.27         0.00        1.619
       640        640.000      1354.46         0.00        2.256
       641        641.000       813.21         0.00        1.354
       642        642.000      2204.84         0.00        3.672
       643        643.000      2114.60         0.00        3.521
       644        644.000      1376.26         0.00        2.292
       645        645.000      2208.21         0.00        3.677
       646        646.000      2585.81         0.00        4.306
       647        647.000      1130.11         0.00        1.882
       648        648.000      2937.03         0.00        4.891
       649        649.000       767.79         0.00        1.279
       650        650.000       558.20         0.00        0.930
       651        651.000       737.53         0.00        1.228
       652        652.000      2637.51         0.00        4.392
       653        653.000      2102.87         0.00        3.502
       654        654.000      1161.26         0.00        1.934
       655        655.000      6343.35         0.00       10.563
       656        656.000      2597.17         0.00        4.325
       657        657.000      1574.62         0.00        2.622
       658        658.000      1110.73         0.00        1.850
       659        659.000      1204.24         0.00        2.005
       660        660.000      2220.32         0.00        3.697
       661        661.000      1339.73         0.00        2.231
       662        662.000      1488.69         0.00        2.479
       663        663.000      1429.67         0.00        2.381
       664        664.000       976.79         0.00        1.627
       665        665.000      1068.27         0.00        1.779
       666        666.000      1188.91         0.00        1.980
       667        667.000      2899.96         0.00        4.829
       668        668.000      1558.52         0.00        2.595
       669        669.000      1127.61         0.00        1.878
       670        670.000      1170.02         0.00        1.948
       671        671.000      1466.94         0.00        2.443
       672        672.000      1425.93         0.00        2.375
       673        673.000      1747.96         0.00        2.911
       674        674.000      1472.88         0.00        2.453
       675        675.000       796.15         0.00        1.326
       676        676.000       960.00         0.00        1.599
       677        677.000      3439.02         0.00        5.727
       678        678.000      2401.41         0.00        3.999
       679        679.000       912.20         0.00        1.519
       680        680.000      2308.15         0.00        3.844
       681        681.000      1595.62         0.00        2.657
       682        682.000      4394.37         0.00        7.318
       683        683.000      1230.49         0.00        2.049
       684        684.000       982.55         0.00        1.636
       685        685.000      1216.94         0.00        2.027
       686        686.000      2626.69         0.00        4.374
       687        687.000       810.84         0.00        1.350
       688        688.000      1426.65         0.00        2.376
       689        689.000      2031.57         0.00        3.383
       690        690.000      1624.53         0.00        2.705
       691        691.000      1139.62         0.00        1.898
       692        692.000       972.47         0.00        1.619
       693        693.000       930.04         0.00        1.549
       694        694.000      3876.92         0.00        6.456
       695        695.000       512.34         0.00        0.853
       696        696.000      1688.91         0.00        2.813
       697        697.000      1787.68         0.00        2.977
       698        698.000      1133.51         0.00        1.888
       699        699.000      1816.19         0.00        3.024
       700        700.000      2877.47         0.00        4.792
       701        701.000       904.95         0.00        1.507
       702        702.000      2539.79         0.00        4.229
       703        703.000      1247.20         0.00        2.077
       704        704.000       949.49         0.00        1.581
       705        705.000      3897.90         0.00        6.491
       706        706.000      1018.88         0.00        1.697
       707        707.000      4127.74         0.00        6.874
       708        708.000      1105.02         0.00        1.840
       709        709.000      3023.16         0.00        5.034
       710        710.000      1066.32         0.00        1.776
       711        711.000      2318.31         0.00        3.861
       712        712.000       732.24         0.00        1.219
       713        713.000       811.06         0.00        1.351
       714        714.000      1691.55         0.00        2.817
       715        715.000      3631.88         0.00        6.048
       716        716.000      3181.79         0.00        5.299
       717        717.000      1885.76         0.00        3.140
       718        718.000      1739.06         0.00        2.896
       719        719.000      1067.47         0.00        1.778
       720        720.000      1210.36         0.00        2.016
       721        721.000      4615.25         0.00        7.686
       722        722.000      2230.46         0.00        3.714
       723        723.000      3280.10         0.00        5.462
       724        724.000      2274.03         0.00        3.787
       725        725.000      1082.15         0.00        1.802
       726        726.000      1548.68         0.00        2.579
       727        727.000      2457.68         0.00        4.093
       728        728.000      3188.51         0.00        5.310
       729        729.000       747.87         0.00        1.245
       730        730.000      2308.19         0.00        3.844
       731        731.000      1085.14         0.00        1.807
       732        732.000       560.56         0.00        0.933
       733        733.000      1297.48         0.00        2.161
       734        734.000       825.82         0.00        1.375
       735        735.000      1122.89         0.00        1.870
       736        736.000      1058.57         0.00        1.763
       737        737.000      1043.45         0.00        1.738
       738        738.000      1228.18         0.00        2.045
       739        739.000      3506.20         0.00        5.839
       740        740.000      1415.48         0.00        2.357
       741        741.000      1317.37         0.00        2.194
       742        742.000      1045.43         0.00        1.741
       743        743.000      2205.46         0.00        3.673
       744        744.000      1546.21         0.00        2.575
       745        745.000      1046.67         0.00        1.743
       746        746.000      2356.80         0.00        3.925
       747        747.000      1978.68         0.00        3.295
       748        748.000      2057.40         0.00        3.426
       749        749.000      1630.90         0.00        2.716
       750        750.000      1472.85         0.00        2.453
       751        751.000      2495.38         0.00        4.155
       752        752.000      1651.39         0.00        2.750
       753        753.000       421.69         0.00        0.702
       754        754.000      1986.31         0.00        3.308
       755        755.000      2569.69         0.00        4.279
       756        756.000       723.09         0.00        1.204
       757        757.000      1454.27         0.00        2.422
       758        758.000       724.44         0.00        1.206
       759        759.000      1201.53         0.00        2.001
       760        760.000      2235.27         0.00        3.722
       761        761.000      2833.69         0.00        4.719
       762        762.000      1627.36         0.00        2.710
       763        763.000      1591.03         0.00        2.650
       764        764.000      2728.01         0.00        4.543
       765        765.000      1434.73         0.00        2.389
       766        766.000       931.77         0.00        1.552
       767        767.000      1070.19         0.00        1.782
       768        768.000      2853.22         0.00        4.751
       769        769.000      1013.11         0.00        1.687
       770        770.000      1942.72         0.00        3.235
       771        771.000      1768.87         0.00        2.946
       772        772.000      1370.47         0.00        2.282
       773        773.000      2010.82         0.00        3.349
       774        774.000      2510.32         0.00        4.180
       775        775.000      1313.75         0.00        2.188
       776        776.000      1186.33         0.00        1.976
       777        777.000       856.37         0.00        1.426
       778        778.000       930.72         0.00        1.550
       779        779.000       903.29         0.00        1.504
       780        780.000      1961.60         0.00        3.267
       781        781.000       573.32         0.00        0.955
       782        782.000      2201.57         0.00        3.666
       783        783.000      1627.06         0.00        2.710
       784        784.000      2759.67         0.00        4.596
       785        785.000       974.36         0.00        1.623
       786        786.000      1487.18         0.00        2.477
       787        787.000      2288.19         0.00        3.810
       788        788.000      2648.27         0.00        4.410
       789        789.000      1071.00         0.00        1.784
       790        790.000      1884.93         0.00        3.139
       791        791.000      2788.12         0.00        4.643
       792        792.000      1048.41         0.00        1.746
       793        793.000      1854.92         0.00        3.089
       794        794.000       811.71         0.00        1.352
       795        795.000      4488.69         0.00        7.475
       796        796.000      2230.10         0.00        3.714
       797        797.000      1702.37         0.00        2.835
       798        798.000       804.90         0.00        1.340
       799        799.000      3134.39         0.00        5.220
       800        800.000      1712.34         0.00        2.852
       801        801.000      1707.00         0.00        2.843
       802        802.000       971.01         0.00        1.617
       803        803.000      1496.88         0.00        2.493
       804        804.000      1810.27         0.00        3.015
       805        805.000      1457.20         0.00        2.427
       806        806.000      1016.01         0.00        1.692
       807        807.000       972.88         0.00        1.620
       808        808.000      1586.36         0.00        2.642
       809        809.000      1085.52         0.00        1.808
       810        810.000      3318.67         0.00        5.527
       811        811.000      2237.25         0.00        3.726
       812        812.000       870.44         0.00        1.450
       813        813.000      2386.43         0.00        3.974
       814        814.000      2002.94         0.00        3.335
       815        815.000      1704.77         0.00        2.839
       816        816.000      2774.00         0.00        4.619
       817        817.000       967.13         0.00        1.611
       818        818.000      1170.35         0.00        1.949
       819        819.000      1089.41         0.00        1.814
       820        820.000      2216.48         0.00        3.691
       821        821.000      1246.23         0.00        2.075
       822        822.000      1029.32         0.00        1.714
       823        823.000      1699.33         0.00        2.830
       824        824.000       850.56         0.00        1.416
       825        825.000      1018.27         0.00        1.696
       826        826.000      2193.45         0.00        3.653
       827        827.000      1089.86         0.00        1.815
       828        828.000       963.41         0.00        1.604
       829        829.000      5235.67         0.00        8.719
       830        830.000      1914.74         0.00        3.189
       831        831.000      1668.11         0.00        2.778
       832        832.000      1303.19         0.00        2.170
       833        833.000      1529.97         0.00        2.548
       834        834.000      4224.37         0.00        7.035
       835        835.000      3095.07         0.00        5.154
       836        836.000      2368.56         0.00        3.944
       837        837.000      2771.51         0.00        4.615
       838        838.000      2498.94         0.00        4.161
       839        839.000      1982.00         0.00        3.301
       840        840.000      1801.07         0.00        2.999
       841        841.000      1285.03         0.00        2.140
       842        842.000      2039.95         0.00        3.397
       843        843.000      1095.97         0.00        1.825
       844        844.000      1344.50         0.00        2.239
       845        845.000      2054.99         0.00        3.422
       846        846.000      1259.10         0.00        2.097
       847        847.000      3234.94         0.00        5.387
       848        848.000      1449.14         0.00        2.413
       849        849.000       658.08         0.00        1.096
       850        850.000      1712.34         0.00        2.852
       851        851.000      1614.80         0.00        2.689
       852        852.000      1675.29         0.00        2.790
       853        853.000       508.67         0.00        0.847
       854        854.000      1407.83         0.00        2.344
       855        855.000      2450.84         0.00        4.081
       856        856.000      3041.78         0.00        5.065
       857        857.000      1462.54         0.00        2.436
       858        858.000      1159.82         0.00        1.931
       859        859.000      1328.98         0.00        2.213
       860        860.000      1884.74         0.00        3.139
       861        861.000      2485.17         0.00        4.139
       862        862.000       656.68         0.00        1.094
       863        863.000      1053.22         0.00        1.754
       864        864.000       941.71         0.00        1.568
       865        865.000      2371.18         0.00        3.949
       866        866.000      2855.39         0.00        4.755
       867        867.000      2522.32         0.00        4.200
       868        868.000       906.04         0.00        1.509
       869        869.000       874.65         0.00        1.457
       870        870.000      1483.69         0.00        2.471
       871        871.000      1803.96         0.00        3.004
       872        872.000      2113.76         0.00        3.520
       873        873.000      1036.96         0.00        1.727
       874        874.000      1997.44         0.00        3.326
       875        875.000      1002.09         0.00        1.669
       876        876.000      2471.09         0.00        4.115
       877        877.000      1855.63         0.00        3.090
       878        878.000      1308.70         0.00        2.179
       879        879.000       504.16         0.00        0.840
       880        880.000      1951.72         0.00        3.250
       881        881.000      3130.70         0.00        5.213
       882        882.000      4466.11         0.00        7.437
       883        883.000      2619.31         0.00        4.362
       884        884.000       656.64         0.00        1.093
       885        885.000       669.95         0.00        1.116
       886        886.000      1939.79         0.00        3.230
       887        887.000      1079.85         0.00        1.798
       888        888.000       828.74         0.00        1.380
       889        889.000      3028.02         0.00        5.042
       890        890.000      1381.60         0.00        2.301
       891        891.000      1442.20         0.00        2.402
       892        892.000      1503.47         0.00        2.504
       893        893.000      1269.64         0.00        2.114
       894        894.000      1650.17         0.00        2.748
       895        895.000      1768.09         0.00        2.944
       896        896.000      1064.44         0.00        1.773
       897        897.000       580.04         0.00        0.966
       898        898.000      1263.04         0.00        2.103
       899        899.000       782.02         0.00        1.302
       900        900.000      3124.38         0.00        5.203
       901        901.000      1065.79         0.00        1.775
       902        902.000      1193.09         0.00        1.987
       903        903.000      2186.06         0.00        3.640
       904        904.000      1177.18         0.00        1.960
       905        905.000      1535.72         0.00        2.557
       906        906.000      1550.32         0.00        2.582
       907        907.000      1121.02         0.00        1.867
       908        908.000      2150.14         0.00        3.581
       909        909.000      1046.88         0.00        1.743
       910        910.000       851.07         0.00        1.417
       911        911.000      1473.39         0.00        2.454
       912        912.000      1206.99         0.00        2.010
       913        913.000      2392.17         0.00        3.984
       914        914.000       541.18         0.00        0.901
       915        915.000      1151.90         0.00        1.918
       916        916.000      2223.70         0.00        3.703
       917        917.000      1332.68         0.00        2.219
       918        918.000       602.73         0.00        1.004
       919        919.000      1140.05         0.00        1.899
       920        920.000      1607.00         0.00        2.676
       921        921.000      1869.44         0.00        3.113
       922        922.000      2440.19         0.00        4.064
       923        923.000      1085.90         0.00        1.808
       924        924.000      3917.59         0.00        6.524
       925        925.000      1070.32         0.00        1.782
       926        926.000      2477.13         0.00        4.125
       927        927.000      2021.40         0.00        3.366
       928        928.000       551.54         0.00        0.918
       929        929.000      1982.48         0.00        3.301
       930        930.000       691.67         0.00        1.152
       931        931.000       943.05         0.00        1.570
       932        932.000      1260.75         0.00        2.100
       933        933.000      1717.76         0.00        2.861
       934        934.000      2675.06         0.00        4.455
       935        935.000      1257.11         0.00        2.093
       936        936.000      1891.37         0.00        3.150
       937        937.000       827.94         0.00        1.379
       938        938.000      1037.26         0.00        1.727
       939        939.000      2131.29         0.00        3.549
       940        940.000       492.46         0.00        0.820
       941        941.000      3825.16         0.00        6.370
       942        942.000      1732.08         0.00        2.884
       943        943.000       729.04         0.00        1.214
       944        944.000      1128.98         0.00        1.880
       945        945.000      1626.13         0.00        2.708
       946        946.000      1595.45         0.00        2.657
       947        947.000      1219.47         0.00        2.031
       948        948.000      4207.75         0.00        7.007
       949        949.000      1300.61         0.00        2.166
       950        950.000       677.84         0.00        1.129
       951        951.000      1538.80         0.00        2.563
       952        952.000      2009.07         0.00        3.346
       953        953.000      1423.16         0.00        2.370
       954        954.000      1415.45         0.00        2.357
       955        955.000      2560.07         0.00        4.263
       956        956.000      3497.25         0.00        5.824
       957        957.000       749.47         0.00        1.248
       958        958.000      1188.40         0.00        1.979
       959        959.000      2618.84         0.00        4.361
       960        960.000       615.02         0.00        1.024
       961        961.000      1328.32         0.00        2.212
       962        962.000       816.95         0.00        1.360
       963        963.000      2779.41         0.00        4.628
       964        964.000       977.93         0.00        1.629
       965        965.000      1932.02         0.00        3.217
       966        966.000      1443.34         0.00        2.404
       967        967.000      1944.42         0.00        3.238
       968        968.000      1448.28         0.00        2.412
       969        969.000      2016.65         0.00        3.358
       970        970.000      1417.19         0.00        2.360
       971        971.000       973.49         0.00        1.621
       972        972.000      2202.41         0.00        3.668
       973        973.000      1045.03         0.00        1.740
       974        974.000      3494.88         0.00        5.820
       975        975.000      1745.58         0.00        2.907
       976        976.000      1369.29         0.00        2.280
       977        977.000      1396.05         0.00        2.325
       978        978.000      1523.67         0.00        2.537
       979        979.000      1835.73         0.00        3.057
       980        980.000      1049.61         0.00        1.748
       981        981.000      1841.07         0.00        3.066
       982        982.000       420.11         0.00        0.700
       983        983.000       907.79         0.00        1.512
       984        984.000       866.24         0.00        1.443
       985        985.000       754.39         0.00        1.256
       986        986.000      1446.37         0.00        2.409
       987        987.000      3877.11         0.00        6.456
       988        988.000      2013.40         0.00        3.353
       989        989.000       884.57         0.00        1.473
       990        990.000      2772.10         0.00        4.616
       991        991.000       480.04         0.00        0.799
       992        992.000      2307.94         0.00        3.843
       993        993.000      1729.34         0.00        2.880
       994        994.000      2057.26         0.00        3.426
       995        995.000      2075.67         0.00        3.457
       996        996.000      1224.47         0.00        2.039
       997        997.000      1891.50         0.00        3.150
       998        998.000      1715.37         0.00        2.857
       999        999.000      1200.60         0.00        1.999
      1000       1000.000      1690.47         0.00        2.815
