# /home/jramos/Programacion/hmeyer/yasp_cJ/bin/rdf_all.x VERSION2.2 28JAN2003 HM
# INTER-molecular RDF - 603 particles per molecule
# weed=1 maxmean=99999 #frames=51 #particles=12060
# norm=9.27024e-06 norm2=nfr*nmol=0.0196078 ns*(ns-1)=145431540//-1172926052
0.00833333 0 0 0
0.025 0 0 0
0.0416667 0 0 0
0.0583333 0 0 0
0.075 0 0 0
0.0916667 0 0 0
0.108333 0 0 0
0.125 0 0 0
0.141667 0 0 0
0.158333 0 0 0
0.175 0 0 0
0.191667 0 0 0
0.208333 0 0 0
0.225 0 0 0
0.241667 0 0 0
0.258333 0 0 0
0.275 0 0 0
0.291667 0 0 0
0.308333 0 0 0
0.325 0 0 0
0.341667 0 0 0
0.358333 0 0 0
0.375 0 0 0
0.391667 0 0 0
0.408333 0 0 0
0.425 0 0 0
0.441667 0 0 0
0.458333 0 0 0
0.475 0 0 0
0.491667 0 0 0
0.508333 0 0 0
0.525 0 0 0
0.541667 0 0 0
0.558333 0 0 0
0.575 0 0 0
0.591667 0 0 0
0.608333 0 0 0
0.625 0 0 0
0.641667 0 0 0
0.658333 0 0 0
0.675 0 0 0
0.691667 0 0 0
0.708333 0 0 0
0.725 0 0 0
0.741667 0 0 0
0.758333 0 0 0
0.775 0 0 0
0.791667 0 0 0
0.808333 0 0 0
0.825 0 0 0
0.841667 0 0 0
0.858333 0 0 0
0.875 0 0 0
0.891667 0 0 0
0.908333 0 0 0
0.925 0 0 0
0.941667 0 0 0
0.958333 0 0 0
0.975 0 0 0
0.991667 0 0 0
1.00833 0 0 0
1.025 0 0 0
1.04167 0 0 0
1.05833 0 0 0
1.075 0 0 0
1.09167 0 0 0
1.10833 0 0 0
1.125 0 0 0
1.14167 0 0 0
1.15833 0 0 0
1.175 0 0 0
1.19167 0 0 0
1.20833 0 0 0
1.225 0 0 0
1.24167 0 0 0
1.25833 0 0 0
1.275 0 0 0
1.29167 0 0 0
1.30833 0 0 0
1.325 0 0 0
1.34167 0 0 0
1.35833 0 0 0
1.375 0 0 0
1.39167 0 0 0
1.40833 9.347704759e-05 3.25198493e-06 1
1.425 0 3.25198493e-06 0
1.44167 0 3.25198493e-06 0
1.45833 0 3.25198493e-06 0
1.475 0 3.25198493e-06 0
1.49167 0 3.25198493e-06 0
1.50833 0.0002444798954 1.300793972e-05 3
1.525 7.972177555e-05 1.625992465e-05 1
1.54167 0.0001560147911 2.276389451e-05 2
1.55833 0.000152695454 2.926786437e-05 2
1.575 0.0005231832651 5.203175888e-05 7
1.59167 0.0006586508727 8.129962326e-05 9
1.60833 0.0004300472856 0.0001008115328 6
1.625 0.0005616948242 0.0001268274123 8
1.64167 0.0008943152463 0.0001691032164 13
1.65833 0.001348353144 0.000234142915 20
1.675 0.0006608269815 0.0002666627643 10
1.69167 0.0009718050133 0.0003154425382 15
1.70833 0.001270580816 0.0003804822368 20
1.725 0.001495376795 0.0004585298752 24
1.74167 0.001650256085 0.0005463334683 27
1.75833 0.001978924579 0.000653648971 33
1.775 0.002236169212 0.0007772243983 38
1.79167 0.00283008509 0.0009365716599 49
1.80833 0.003175038164 0.001118682816 56
1.825 0.004620301421 0.001388597565 83
1.84167 0.004099748512 0.001632496435 75
1.85833 0.005851905788 0.001986962792 109
1.875 0.007066760412 0.002422728773 134
1.89167 0.007460903678 0.002891014603 144
1.90833 0.008807564713 0.003453607996 173
1.925 0.01185782777 0.004224328424 237
1.94167 0.01381895734 0.00513813619 281
1.95833 0.0143582519 0.006103975714 297
1.975 0.0179194859 0.007329974033 377
1.99167 0.02075238896 0.008773855342 444
2.00833 0.02362707752 0.0104453756 514
2.025 0.02893666257 0.01252664595 640
2.04167 0.02953363912 0.01468596395 664
2.05833 0.03137663323 0.01701763714 717
2.075 0.03518070128 0.01967450883 817
2.09167 0.03746157126 0.02254926351 884
2.10833 0.03962449736 0.02563864919 950
2.125 0.04430189693 0.02914754093 1079
2.14167 0.04531277285 0.03279301604 1121
2.15833 0.04835685598 0.03674417773 1215
2.175 0.05122428589 0.04099452203 1307
2.19167 0.05357464983 0.04550827711 1388
2.20833 0.05801551999 0.05047080612 1526
2.225 0.05992097814 0.05567398201 1600
2.24167 0.06095185779 0.06104626111 1652
2.25833 0.06572662589 0.06692584987 1808
2.275 0.0729346666 0.07354689118 2036
2.29167 0.06983006563 0.07997931738 1978
2.30833 0.07348791976 0.08684750955 2112
2.325 0.07669110544 0.09411894785 2236
2.34167 0.07793632467 0.1016147731 2305
2.35833 0.08170565154 0.1095853882 2451
2.375 0.08615073431 0.1181088407 2621
2.39167 0.08971891227 0.127110335 2768
2.40833 0.09202963741 0.1364727996 2879
2.425 0.09552969823 0.1463263139 3030
2.44167 0.09646912322 0.1564139712 3102
2.45833 0.0999513926 0.1670089381 3258
2.475 0.1041486387 0.1781990182 3441
2.49167 0.1056567621 0.1897045409 3538
2.50833 0.1093847663 0.201775909 3712
2.525 0.1121330555 0.2143155629 3856
2.54167 0.1180144906 0.2276877249 4112
2.55833 0.1188330224 0.2413298017 4195
2.575 0.1258560226 0.2559669858 4501
2.59167 0.122282671 0.2703732791 4430
2.60833 0.1293364827 0.2858071996 4746
2.625 0.1346143632 0.3020768802 5003
2.64167 0.1323897576 0.3182815211 4983
2.65833 0.1350376416 0.3350194875 5147
2.675 0.1405114125 0.3526550018 5423
2.69167 0.1433062262 0.3708661174 5600
2.70833 0.1507485027 0.3902609555 5964
2.725 0.1493096198 0.4097078254 5980
2.74167 0.1535675473 0.4299546836 6226
2.75833 0.1550070859 0.4506405597 6361
2.775 0.1604218446 0.4723085353 6663
2.79167 0.1601297964 0.4941976459 6731
2.80833 0.167403053 0.5173550306 7121
2.825 0.1715203591 0.5413644353 7383
2.84167 0.1719021447 0.5657120465 7487
2.85833 0.1804102145 0.5915653267 7950
2.875 0.1809265393 0.6177958371 8066
2.89167 0.1862970553 0.6451190145 8402
2.90833 0.189560176 0.6732421802 8648
2.925 0.1901365839 0.701775096 8774
2.94167 0.196665537 0.7316250656 9179
2.95833 0.1980996312 0.7620343767 9351
2.975 0.2027781955 0.7935135909 9680
2.99167 0.2116285853 0.8267358689 10216
3.00833 0.2118100124 0.8603581411 10339
3.025 0.218316417 0.8953982787 10775
3.04167 0.2229444518 0.9315766111 11125
3.05833 0.2306304515 0.9694134557 11635
3.075 0.2320391331 1.007897445 11834
3.09167 0.23189115 1.046774925 11955
3.10833 0.2394088094 1.087346689 12476
3.125 0.2458040578 1.129450138 12947
3.14167 0.2486317028 1.172493411 13236
3.15833 0.2470925843 1.215725298 13294
3.175 0.2544554046 1.26071651 13835
3.19167 0.2575380304 1.306732097 14150
3.20833 0.260380927 1.353742791 14456
3.225 0.2638288495 1.401872168 14800
3.24167 0.2671746369 1.451116976 15143
3.25833 0.2724291664 1.50184794 15600
3.275 0.281279682 1.554764239 16272
3.29167 0.2806287707 1.608096792 16400
3.30833 0.2893781086 1.663650451 17083
3.325 0.2839520602 1.718713059 16932
3.34167 0.289511345 1.775417921 17437
3.35833 0.2945684644 1.833690239 17919
3.375 0.2993002165 1.893487738 18388
3.39167 0.300620906 1.95414376 18652
3.40833 0.3051892959 2.016328216 19122
3.425 0.3098127944 2.080073625 19602
3.44167 0.3136595811 2.145240151 20039
3.45833 0.3193712468 2.212237544 20602
3.475 0.324713511 2.281013774 21149
3.49167 0.3280537495 2.351165593 21572
3.50833 0.3295536108 2.422312519 21878
3.525 0.3291155212 2.494041551 22057
3.54167 0.3343174173 2.567594946 22618
3.55833 0.3375772801 2.642566206 23054
3.575 0.3440404726 2.719690281 23716
3.59167 0.3513755045 2.799194809 24448
3.60833 0.3511274223 2.879382253 24658
3.625 0.3598001973 2.962311121 25501
3.64167 0.3587372585 3.045757054 25660
3.65833 0.3700774261 3.132630579 26714
3.675 0.3652594419 3.219156142 26607
3.69167 0.3726345871 3.308231262 27391
3.70833 0.3802536731 3.399950245 28204
3.725 0.3775667535 3.491841583 28257
3.74167 0.3802097567 3.58520607 28710
3.75833 0.3906010522 3.681978638 29758
3.775 0.3876280253 3.778868277 29794
3.79167 0.3895281178 3.877094482 30205
3.80833 0.3998428615 3.978810066 31278
3.825 0.4039820758 4.082480094 31879
3.84167 0.4069039267 4.187811886 32390
3.85833 0.4114416614 4.29524446 33036
3.875 0.4159852202 4.404803832 33690
3.89167 0.4180488475 4.515855866 34149
3.90833 0.4234122309 4.629298108 34884
3.925 0.4276587063 4.744857392 35535
3.94167 0.4268899188 4.861190649 35773
3.95833 0.4312780853 4.979715744 36447
3.975 0.4371501566 5.100868443 37255
3.99167 0.4425369641 5.224544681 38031
4.00833 0.4444265912 5.349788377 38513
4.025 0.4508818555 5.477910079 39398
4.04167 0.4541512212 5.608031752 40013
4.05833 0.4620459758 5.741509474 41045
4.075 0.4635999766 5.876538392 41522
4.09167 0.4643935413 6.012907128 41934
4.10833 0.4696847004 6.1519555 42758
4.125 0.4720314652 6.292834739 43321
4.14167 0.4738281229 6.435395254 43838
4.15833 0.480609556 6.581162227 44824
4.175 0.4897993547 6.730909629 46048
4.19167 0.4889089305 6.881580595 46332
4.20833 0.494141513 7.035077535 47201
4.225 0.4940001623 7.189748443 47562
4.24167 0.5011520045 7.347898974 48632
4.25833 0.4995986287 7.506800713 48863
4.275 0.5060889639 7.669029234 49886
4.29167 0.5076720616 7.83303659 50433
4.30833 0.5176159215 8.001557701 51821
4.325 0.5142884526 8.170293443 51887
4.34167 0.5191407248 8.341936459 52781
4.35833 0.529301525 8.518285098 54228
4.375 0.5244434037 8.694354066 54142
4.39167 0.5316215178 8.874195337 55302
4.40833 0.5302329394 9.054930903 55577
4.425 0.5357623658 9.238934715 56582
4.44167 0.544041572 9.427192122 57890
4.45833 0.547751568 9.618158433 58723
4.475 0.5451696816 9.809648314 58884
4.49167 0.5477664322 10.00348613 59606
4.50833 0.5525630788 10.20047511 60575
4.525 0.5582975274 10.40098275 61657
4.54167 0.5582163504 10.60294077 62103
4.55833 0.5620921427 10.80779631 62994
4.575 0.5691033589 11.01672658 64247
4.59167 0.5726125144 11.22847958 65115
4.60833 0.5737949423 11.44221304 65724
4.625 0.5779791323 11.65906515 66683
4.64167 0.5845066645 11.87994972 67923
4.65833 0.5847915837 12.10253183 68445
4.675 0.5873056248 12.32767325 69232
4.69167 0.5901567038 12.55552358 70065
4.70833 0.5912466204 12.7854194 70694
4.725 0.5928961247 13.01759161 71394
4.74167 0.5972621288 13.25312638 72428
4.75833 0.6048607255 13.4933375 73866
4.775 0.599694293 13.73316813 73749
4.79167 0.6038148078 13.97633531 74775
4.80833 0.6079440734 14.22287154 75811
4.825 0.6128939318 14.47314104 76959
4.84167 0.6146767679 14.72587556 77717
4.85833 0.6128702982 14.97960518 78023
4.875 0.6166755103 15.23666483 79047
4.89167 0.6238704669 15.4985049 80517
4.90833 0.627082669 15.76348964 81484
4.925 0.6263464906 16.02996379 81942
4.94167 0.6297817289 16.29971594 82950
4.95833 0.636919837 16.57436883 84457
4.975 0.6359854822 16.8504656 84901
4.99167 0.6378248653 17.12921925 85718
5.00833 0.6403426969 17.41094521 86632
5.025 0.6403754115 17.69456382 87214
5.04167 0.644916047 17.98209132 88416
5.05833 0.6477381633 18.2727895 89391
5.075 0.6482489947 18.56563725 90052
5.09167 0.6487821774 18.86065407 90719
5.10833 0.6497422251 19.15804484 91449
5.125 0.6579184438 19.4611461 93205
5.14167 0.6528325359 19.76386362 93087
5.15833 0.6602292459 20.07199895 94753
5.175 0.6593688037 20.3817245 95242
5.19167 0.6620001689 20.69469227 96239
5.20833 0.6650970095 21.01114618 97311
5.225 0.6660967704 21.33010736 98082
5.24167 0.668325535 21.6521807 99039
5.25833 0.6678774836 21.97608815 99603
5.275 0.6701202938 22.30314678 100572
5.29167 0.6716065541 22.63300537 101433
5.30833 0.6741795104 22.96621675 102464
5.325 0.6772563845 23.3030541 103579
5.34167 0.6776826669 23.64221662 104294
5.35833 0.6818423288 23.98559371 105590
5.375 0.6813297047 24.33085044 106168
5.39167 0.6853258991 24.68028923 107454
5.40833 0.6855962551 25.03203043 108162
5.425 0.6873433903 25.38684475 109107
5.44167 0.6889686347 25.74468666 110038
5.45833 0.6918494053 26.10622934 111176
5.475 0.688540498 26.46824355 111321
5.49167 0.6926115969 26.83461868 112662
5.50833 0.6952460178 27.20462302 113778
5.525 0.6969614751 27.57778829 114750
5.54167 0.6985350786 27.95405596 115704
5.55833 0.6987390566 28.33270082 116435
5.575 0.6972399384 28.71280258 116883
5.59167 0.6986637 29.0959612 117823
5.60833 0.7036539423 29.48416039 119373
5.625 0.7035217973 29.87459696 120061
5.64167 0.7038857161 30.26755381 120836
5.65833 0.70379304 30.6627838 121535
5.675 0.7093368308 31.06347712 123215
5.69167 0.7077412379 31.46562083 123661
5.70833 0.710499216 31.87169944 124871
5.725 0.7096380401 32.2796577 125449
5.74167 0.7111763202 32.6908842 126454
5.75833 0.7166325146 33.10767485 128165
5.775 0.7170884657 33.52714838 128990
5.79167 0.7129285878 33.94659916 128983
5.80833 0.7149761732 34.36967914 130099
5.825 0.7162837994 34.79596884 131086
5.84167 0.7193632378 35.22654465 132404
5.85833 0.7191115361 35.65942937 133114
5.875 0.7179218184 36.09406041 133651
5.89167 0.7213435486 36.53324423 135051
5.90833 0.7225377164 36.97564751 136041
5.925 0.7201843987 37.41910118 136364
5.94167 0.7250567324 37.86807022 138060
5.95833 0.7212933793 38.31721812 138115
5.975 0.7210557773 38.76873347 138843
5.99167 0.7234796821 39.22429753 140088
6.00833 0.7297688817 39.68638183 142093
6.025 0.7293990822 40.15079779 142810
6.04167 0.7274476555 40.61653732 143217
6.05833 0.7272998904 41.08475486 143979
6.075 0.7307096575 41.55775932 145451
6.09167 0.7287751938 42.0321036 145863
6.10833 0.7312088099 42.51063968 147152
6.125 0.7310204811 42.99166679 147918
6.14167 0.7329222487 43.47657351 149111
6.15833 0.7317030831 43.9633046 149672
6.175 0.7305398695 44.45189583 150244
6.19167 0.732618824 44.94452602 151486
6.20833 0.7398937323 45.44473008 153815
6.225 0.7317553853 45.9420919 152941
6.24167 0.7331828267 46.44309595 154061
6.25833 0.7334580757 46.94696826 154943
6.275 0.7361685399 47.45539984 156345
6.29167 0.7381000034 47.96787689 157589
6.30833 0.737857671 48.4829035 158373
6.325 0.740457836 49.00247964 159772
6.34167 0.7375851574 49.52277121 159992
6.35833 0.7423680757 50.04919278 161877
6.375 0.7392670379 50.57616718 162047
6.39167 0.7372728591 51.10447164 162456
6.40833 0.7365264306 51.63499721 163139
6.425 0.7393663834 52.17034222 164621
6.44167 0.7390171016 52.70821403 165398
6.45833 0.7379059085 53.24805978 166005
6.475 0.7431599359 53.7945591 168051
6.49167 0.7364407648 54.33890886 167390
6.50833 0.7431043144 54.8910081 169773
6.525 0.7446039524 55.4470585 170988
6.54167 0.742963574 56.00472188 171484
6.55833 0.744416593 56.56632667 172696
6.575 0.7451720187 57.13136231 173751
6.59167 0.7443570804 57.69864506 174442
6.60833 0.7450565447 58.2693359 175490
6.625 0.7466224244 58.84411448 176747
6.64167 0.7473982639 59.42238894 177822
6.65833 0.7479478862 60.00399669 178847
6.675 0.7470054821 60.58778327 179517
6.69167 0.744324168 61.17238284 179767
6.70833 0.7476753661 61.76254331 181477
6.725 0.7470486729 62.35514277 182227
6.74167 0.7502454184 62.95323158 183915
6.75833 0.7511121878 63.55497562 185039
6.775 0.7498972947 64.15871312 185652
6.79167 0.7473065899 64.76332867 185922
6.80833 0.7511999238 65.3740807 187809
6.825 0.7490520342 65.98607175 188190
6.84167 0.7513563331 66.60294727 189692
6.85833 0.7520803248 67.22342925 190801
6.875 0.749646461 67.84491284 191109
6.89167 0.7515759953 68.47102075 192531
6.90833 0.7512483017 69.09988634 193379
6.925 0.7509150521 69.73150962 194227
6.94167 0.7505494044 70.36586782 195068
6.95833 0.7552600145 71.00727632 197236
6.975 0.7521808717 71.64913359 197374
6.99167 0.7525018505 72.29433716 198403
7.00833 0.7544872728 72.9443309 199876
7.025 0.7555888345 73.59837336 201121
7.04167 0.7529473589 74.25322556 201370
7.05833 0.7533181738 74.91150536 202424
7.075 0.7551513233 75.57450704 203876
7.09167 0.754916571 76.240429 204774
7.10833 0.7549876068 76.90954767 205757
7.125 0.7555391082 77.5822988 206874
7.14167 0.755833689 78.25846451 207924
7.15833 0.7548147729 78.93687409 208614
7.175 0.7576831173 79.62103644 210383
7.19167 0.7581831078 80.3088345 211501
7.20833 0.7596123871 81.00112681 212883
7.225 0.7560550471 81.69336709 212867
7.24167 0.7553754727 82.38817969 213658
7.25833 0.759269152 83.08979218 215749
7.275 0.7561585663 83.79174289 215853
7.29167 0.7583026246 84.49891302 217458
7.30833 0.7617800064 85.21257738 219455
7.325 0.7596131725 85.92746122 219830
7.34167 0.7592571488 86.64526535 220728
7.35833 0.7602970597 87.36731983 222035
7.375 0.7581121802 88.09056453 222401
7.39167 0.7618268159 88.82064165 224502
7.40833 0.7603959932 89.55263744 225092
7.425 0.7603525223 90.28788847 226093
7.44167 0.7644733712 91.03044671 228340
7.45833 0.763053692 91.77494963 228938
7.475 0.7638290504 92.52354356 230196
7.49167 0.7646395149 93.27627726 231469
7.50833 0.7674282596 94.03512144 233348
7.525 0.7637411594 94.79367619 233259
7.54167 0.7657608885 95.55760973 234913
7.55833 0.7624945963 96.32165058 234946
7.575 0.764613294 97.09119704 236639
7.59167 0.7659146828 97.86544912 238086
7.60833 0.765217958 98.6423971 238915
7.625 0.7654160808 99.42295479 240025
7.64167 0.7677864265 100.2093563 241822
7.65833 0.7644166179 100.9957253 241812
7.675 0.7671591958 101.7883543 243737
7.69167 0.7696734168 102.5870386 245599
7.70833 0.7695782352 103.3890886 246634
7.725 0.7678673473 104.1928199 247151
7.74167 0.7686017309 105.0007951 248456
7.75833 0.771956325 105.8157946 250616
7.775 0.7677117918 106.6297989 250310
7.79167 0.7705083119 107.4502747 252300
7.80833 0.7706983317 108.2744675 253443
7.825 0.773002353 109.104657 255287
7.84167 0.7702476154 109.9354156 255462
7.85833 0.7735529798 110.7732895 257650
7.875 0.7749011497 111.6161877 259195
7.89167 0.7726020416 112.4601461 259521
7.90833 0.7754439891 113.3107906 261577
7.925 0.7738950572 114.1633179 262156
7.94167 0.7760092241 115.0217737 263979
7.95833 0.7776305328 115.8856374 265642
7.975 0.7750424676 116.7502362 265868
7.99167 0.7761385893 117.6196804 267358
8.00833 0.7760104759 118.4926107 268430
8.025 0.7769908754 119.3702856 269889
8.04167 0.7768928296 120.2514988 270977
8.05833 0.7802722411 121.1402175 273285
8.075 0.7783057179 122.030367 273725
8.09167 0.780327276 122.9265165 275570
8.10833 0.7804813369 123.8265391 276761
8.125 0.7817650098 124.7317519 278357
8.14167 0.7812163809 125.6400443 279304
8.15833 0.7815041692 126.5523952 280552
8.175 0.7825571341 127.4697118 282079
8.19167 0.780221481 128.3880236 282385
8.20833 0.7827799514 129.3130995 284465
8.225 0.7832859792 130.2425363 285806
8.24167 0.784122709 131.1767405 287272
8.25833 0.7831520728 132.1135658 288078
8.275 0.7864825588 133.0581764 290472
8.29167 0.7865465886 134.0066731 291667
8.30833 0.7862089452 134.9585778 292715
8.325 0.7862208212 135.91432 293895
8.34167 0.7867085991 136.874488 295256
8.35833 0.788507871 137.8407015 297115
8.375 0.7894169481 138.8118906 298645
8.39167 0.7885459544 139.7858731 299504
8.40833 0.7899125742 140.7654229 301216
8.425 0.7930514712 141.7527678 303613
8.44167 0.7899438811 142.7401388 303621
8.45833 0.789549762 143.7309178 304669
8.475 0.7930917205 144.7300674 307243
8.49167 0.793799785 145.7340462 308728
8.50833 0.7938866712 146.7420802 309975
8.525 0.7945637742 147.7549304 311456
8.54167 0.7938776444 148.7708668 312405
8.55833 0.7933097982 149.7900421 313401
8.575 0.7951660116 150.8155848 315359
8.59167 0.7967105093 151.8471177 317201
8.60833 0.794556693 152.879857 317572
8.625 0.7986393571 153.9219263 320441
8.64167 0.7949336272 154.9631729 320188
8.65833 0.7997581553 156.0147835 323375
8.675 0.7978238203 157.0678933 323836
8.69167 0.8004632885 158.128551 326157
8.70833 0.802455735 159.1959305 328224
8.725 0.8021864609 160.26704 329371
8.74167 0.8029202909 161.3432291 330933
8.75833 0.8017913032 162.4220068 331729
8.775 0.8056541243 163.5101112 334597
8.79167 0.8019931345 164.5973896 334343
8.80833 0.8031429065 165.690359 336093
8.825 0.8059590029 166.7913152 338549
8.84167 0.8047353282 167.894756 339313
8.85833 0.8082099218 169.007143 342064
8.875 0.8093153619 170.1252469 343822
8.89167 0.8065984602 171.2437867 343956
8.90833 0.8089472787 172.369793 346252
8.925 0.8100532919 173.5015618 348024
8.94167 0.80868972 174.6356492 348737
8.95833 0.8120367382 175.7786797 351487
8.975 0.8133830704 176.9278693 353381
8.99167 0.8126660293 178.0803143 354382
9.00833 0.8155951259 179.2412046 356979
9.025 0.8116363428 180.4007389 356562
9.04167 0.8125318061 181.5658438 358275
9.05833 0.8143506485 182.7378656 360402
9.075 0.8153311981 183.9156207 362165
9.09167 0.8150093523 185.0972392 363353
9.10833 0.8169326315 186.2859926 365547
9.125 0.8169036882 187.479058 366873
9.14167 0.8170935989 188.6767641 368300
9.15833 0.8192749979 189.8820505 370631
9.175 0.8186248252 191.0907678 371686
9.19167 0.8181736745 192.3032118 372832
9.20833 0.8221569273 193.5259809 376007
9.225 0.8195810125 194.7493354 376187
9.24167 0.8206283591 195.9786832 378030
9.25833 0.8231985843 197.2163334 380583
9.275 0.8198332646 198.4533657 380393
9.29167 0.8228712959 199.6994483 383176
9.30833 0.8218594721 200.9484674 384079
9.325 0.8245446803 202.2060588 386715
9.34167 0.8248132389 203.4685606 388225
9.35833 0.8218567934 204.73103 388215
9.375 0.8276494446 206.00693 392345
9.39167 0.8259526066 207.2847454 392934
9.40833 0.8298613802 208.5731688 396196
9.425 0.8282084471 209.8635857 396809
9.44167 0.8300311251 211.1614204 399090
9.45833 0.8286421231 212.4616615 399830
9.475 0.8312766311 213.7706375 402516
9.49167 0.833130214 215.0871516 404834
9.50833 0.8305053294 216.4041307 404977
9.525 0.8319481548 217.7280267 407104
9.54167 0.8317711227 219.0562772 408443
9.55833 0.8317830534 220.3891911 409877
9.575 0.8343197448 221.7308365 412562
9.59167 0.8343227741 223.0771615 414001
9.60833 0.8347123768 224.4288002 415635
9.625 0.8352984159 225.7860844 417371
9.64167 0.8348363251 227.1473198 418586
9.65833 0.8371868071 228.5171111 421217
9.675 0.8362024392 229.8900179 422175
9.69167 0.8360015472 231.2673278 423529
9.70833 0.8380888029 232.6528295 426048
9.725 0.83730645 234.0417945 427113
9.74167 0.8371692559 235.4352961 428508
9.75833 0.8428126985 236.8429958 432874
9.775 0.8408006972 238.2521361 433317
9.79167 0.8389889438 239.6630391 433859
9.80833 0.8405033051 241.0813045 436123
9.825 0.8415780999 242.5062137 438166
9.84167 0.8419746636 243.9366351 439861
9.85833 0.8429074363 245.3734953 441841
9.875 0.8442435999 246.8175035 444039
9.89167 0.8433167562 248.2647994 445050
9.90833 0.8424423557 249.7154708 446088
9.925 0.845871718 251.1769519 449412
9.94167 0.845092056 252.6419939 450507
9.95833 0.846350729 254.1141414 452692
9.975 0.8452335471 255.5892711 453609
9.99167 0.8461786733 257.0709892 455635
10.0083 0.847599624 258.5601512 457924
10.025 0.8465823727 260.0524838 458899
10.0417 0.8498973219 261.5556455 462229
10.0583 0.8489486867 263.0621178 463247
10.075 0.8494336843 264.5744501 465049
10.0917 0.8484307681 266.0899987 466038
10.1083 0.8476185525 267.6091017 467131
10.125 0.8495325692 269.1366598 469731
10.1417 0.8503875265 270.6707934 471753
10.1583 0.8520515997 272.2129855 474231
10.175 0.8528639025 273.7617173 476242
10.1917 0.852149116 275.3142247 477403
10.2083 0.8522848779 276.872062 479042
10.225 0.853307222 278.4368652 481184
10.2417 0.8519374694 280.0042536 481979
10.2583 0.8553273213 281.5830045 485473
10.275 0.8545040947 283.1653651 486583
10.2917 0.8535136669 284.7510232 487597
10.3083 0.8564178056 286.3472339 490842
10.325 0.8570987164 287.9498837 492822
10.3417 0.8562660593 289.5561496 493934
10.3583 0.8561583466 291.1673943 495465
10.375 0.8554509411 292.7824926 496650
10.3917 0.8539521648 294.3999454 497374
10.4083 0.8616352677 296.0371897 503460
10.425 0.8562586757 297.6694325 501922
10.4417 0.8560747664 299.3065467 503420
10.4583 0.8601339106 300.9566787 507423
10.475 0.8580816317 302.6081244 507827
10.4917 0.857899247 304.2644774 509336
10.5083 0.8607140917 305.931549 512632
10.525 0.8607050507 307.6038952 514254
10.5417 0.8598542229 309.2798837 515374
10.5583 0.8633286511 310.9679696 519094
10.575 0.864490668 312.6636683 521435
10.5917 0.8636512584 314.3630646 522572
10.6083 0.8628968749 316.0663242 523760
10.625 0.8616289185 317.7724293 524635
10.6417 0.8627418797 319.4861018 526962
10.6583 0.8626702032 321.2050035 528570
10.675 0.8633936206 322.9307311 530669
10.6917 0.861247267 324.6575481 531004
10.7083 0.8636535083 326.3945926 534149
10.725 0.8643288531 328.138411 536232
10.7417 0.8653107955 329.8896406 538511
10.7583 0.864251321 331.6441581 539522
10.775 0.8646426729 333.4049128 541440
10.7917 0.8672690263 335.1764836 544766
10.8083 0.8644868869 336.94783 544697
10.825 0.8650467337 338.7257943 546732
10.8417 0.8664035045 340.5120348 549277
10.8583 0.86684997 342.3046947 551251
10.875 0.8686284446 344.1065513 554079
10.8917 0.865625126 345.9076859 553857
10.9083 0.8697661021 347.7229797 558211
10.925 0.8686397984 349.5414669 559193
10.9417 0.8679406466 351.3640386 560449
10.9583 0.8713748675 353.1994003 564382
10.975 0.8679052897 355.033019 563846
10.9917 0.8665121593 356.8692588 564652
11.0083 0.8703559156 358.7192415 568878
11.025 0.8698634303 360.5737802 570279
11.0417 0.869785109 362.4337628 571953
11.0583 0.8716318478 364.3033256 574899
11.075 0.8701108366 366.175256 575627
11.0917 0.8707576393 368.0542203 577790
11.1083 0.8749020477 369.9478056 582286
11.125 0.8702482561 371.8369747 580928
11.1417 0.870618789 373.7326153 582918
11.1583 0.8717158612 375.6363273 585400
11.175 0.8719072728 377.5461497 587279
11.1917 0.872739062 379.4635005 589594
11.2083 0.8720921167 381.3851407 590913
11.225 0.8731652983 383.3148718 593401
11.2417 0.8723885442 385.2486159 594635
11.2583 0.8733810344 387.1903045 597078
11.275 0.8728018616 389.1364549 598450
11.2917 0.8724505995 391.0875776 599979
11.3083 0.8727862946 393.0452172 601983
11.325 0.8757688895 395.0153412 605822
11.3417 0.8728869943 396.9847661 605607
11.3583 0.8740982013 398.9627241 608231
11.375 0.8749646996 400.9484577 610622
11.3917 0.874642268 402.9392806 612187
11.4083 0.8773152292 404.942035 615856
11.425 0.87616507 406.9480121 616847
11.4417 0.8768278618 408.961368 619116
11.4583 0.8762630032 410.979293 620521
11.475 0.8765355092 413.0037219 622521
11.4917 0.875033759 415.0305573 623261
11.5083 0.8746331445 417.0623454 624784
11.525 0.87675628 419.1049692 628116
11.5417 0.8756275258 421.1508677 629123
11.5583 0.8759865897 423.2035206 631200
11.575 0.8777652884 425.2662774 634307
11.5917 0.8769774366 427.333122 635564
11.6083 0.8784950895 429.4095013 638496
11.625 0.8763071788 431.4866612 638736
11.6417 0.8768231751 433.5710079 640946
11.6583 0.8791796397 435.6669447 644510
11.675 0.8803506608 437.7716781 647215
11.6917 0.8807179783 439.8833058 649335
11.7083 0.8800571635 441.9993691 650699
11.725 0.8769474187 444.1139626 650247
11.7417 0.8781860988 446.2375673 653018
11.7583 0.8797414417 448.3709767 656033
11.775 0.8780805149 450.5063991 656652
11.7917 0.8798297059 452.6521368 659824
11.8083 0.8802238934 454.8049085 661987
11.825 0.8795542773 456.9621193 663352
11.8417 0.8802137461 459.1270372 665722
11.8583 0.8782528075 461.2932168 666110
11.875 0.8815782509 463.473715 670513
11.8917 0.8817402211 465.6607399 672520
11.9083 0.8827437397 467.8563956 675174
11.925 0.8834448569 470.0599503 677603
11.9417 0.8816228476 472.2651116 678097
11.9583 0.8810055422 474.4748841 679515
11.975 0.8819992271 476.6933199 682179
11.9917 0.8813065784 478.9161882 683542
12.0083 0.8833517292 481.1504124 687034
12.025 0.8828972887 483.3896902 688588
12.0417 0.8815226371 485.6316834 689423
12.0583 0.882448673 487.8822489 692059
12.075 0.8832200082 490.1410126 694580
12.0917 0.8833408212 492.4063258 696594
12.1083 0.8824472096 494.6755901 697809
12.125 0.8818351392 496.9495276 699246
12.1417 0.8841798675 499.2357835 703034
12.1583 0.8840188123 501.5279028 704837
12.175 0.8853950421 503.8298887 707871
12.1917 0.8840736156 506.1347362 708751
12.2083 0.8866223431 508.4525527 712739
12.225 0.8836147254 510.768818 712262
12.2417 0.8848934766 513.0947645 715239
12.2583 0.8868467912 515.4321969 718771
12.275 0.8842678842 517.7691741 718631
12.2917 0.8831182851 520.1094553 719647
12.3083 0.8870628138 522.4665688 724823
12.325 0.8854855417 524.8258676 725495
12.3417 0.8872171155 527.1961776 728881
12.3583 0.887298514 529.5731119 730918
12.375 0.8854185811 531.9514121 731338
12.3917 0.8853687622 534.3359886 733268
12.4083 0.8865153865 536.7300804 736194
12.425 0.8879349019 539.1344517 739355
12.4417 0.8870188145 541.5427904 740575
12.4583 0.8877015489 543.9594445 743132
12.475 0.8875328026 546.3821082 744980
12.4917 0.8875115059 548.8111914 746954
12.5083 0.8885122047 551.2495069 749793
12.525 0.8875756448 553.6917476 751000
12.5417 0.888996003 556.1444109 754205
12.5583 0.8888586194 558.6032172 756094
12.575 0.8885722807 561.06776 757858
12.5917 0.8880235714 563.5373141 759399
12.6083 0.8898702103 566.0185591 762994
12.625 0.8880550193 568.5012935 763452
12.6417 0.8884517366 570.9916993 765811
12.6583 0.8907247183 573.4950643 769796
12.675 0.8910842666 576.0060389 772136
12.6917 0.8897756287 578.5199241 773031
12.7083 0.8901043969 581.0413474 775349
12.725 0.8908508959 583.5715087 778036
12.7417 0.8890506241 586.1031757 778499
12.7583 0.8910439688 588.6471613 782287
12.775 0.8898043136 591.1942492 783241
12.7917 0.8908512777 593.7509923 786210
12.8083 0.894002031 596.3234684 791048
12.825 0.8919076462 598.8966015 791250
12.8417 0.8915716341 601.4754548 793009
12.8583 0.8926540291 604.0641454 796034
12.875 0.8908287467 606.6542441 796467
12.8917 0.8916862024 609.2535524 799299
12.9083 0.8937658029 611.8656638 803236
12.925 0.8916975699 614.4784645 803448
12.9417 0.8920535608 617.0990538 805843
12.9583 0.8922292136 619.7269146 808079
12.975 0.8931212718 622.3641735 810969
12.9917 0.8933302549 625.0088308 813244
13.0083 0.8935034612 627.660792 815490
13.025 0.8943897738 630.3221904 818392
13.0417 0.8936073721 632.9880701 819770
13.0583 0.8955051311 635.6664439 823612
13.075 0.8940586709 638.3473217 824382
13.0917 0.8952777994 641.0387035 827612
13.1083 0.8947549489 643.7353665 829236
13.125 0.8951757563 646.4401627 831737
13.1417 0.8948186001 649.1507506 833518
13.1583 0.8946274289 651.8676377 835455
13.175 0.8962020975 654.5962059 839047
13.1917 0.8949809446 657.3279546 840025
13.2083 0.8973944621 660.0739957 844420
13.225 0.8962121026 662.823344 845437
13.2417 0.8969266361 665.581824 848245
13.2583 0.8978129966 668.3499851 851222
13.275 0.8974190552 671.1238925 852989
13.2917 0.8980485291 673.9067201 855732
13.3083 0.8982941332 676.6972939 858114
13.325 0.8969735662 679.4907489 859000
13.3417 0.8967806759 682.2905941 860965
13.3583 0.8956789064 685.0939905 862057
13.375 0.8982591105 687.9124826 866699
13.3917 0.8982866694 690.73809 868887
13.4083 0.8981793134 693.5703965 870947
13.425 0.8968753907 696.4056266 871846
13.4417 0.8966711072 699.2472533 873813
13.4583 0.8984027949 702.1014327 877673
13.475 0.8991408899 704.9650363 880571
13.4917 0.899131081 707.8356967 882741
13.5083 0.89847542 710.7113554 884278
13.525 0.8986260325 713.5945978 886610
13.5417 0.8984395324 716.4843506 888612
13.5583 0.9008977345 719.3891472 893238
13.575 0.9000552399 722.2983664 894598
13.5917 0.8984554184 725.2095498 895202
13.6083 0.9020558389 728.1395719 900995
13.625 0.9007042383 731.0723746 901850
13.6417 0.9018881205 734.0162209 905246
13.6583 0.9008174202 736.9637615 906382
13.675 0.9018818436 739.9219914 909669
13.6917 0.9029908362 742.8910829 913009
13.7083 0.9011358474 745.8612931 913353
13.725 0.9033865147 748.8461665 917862
13.7417 0.9026073964 751.835713 919299
13.7583 0.9021114859 754.8308691 921024
13.775 0.903001832 757.8362496 924168
13.7917 0.9037653495 760.8514542 927189
13.8083 0.9045721435 763.876649 930261
13.825 0.9017337939 766.8996356 929582
13.8417 0.9025886111 769.932788 932708
13.8583 0.9036819171 772.976932 936088
13.875 0.9046421701 776.0316451 939338
13.8917 0.904220377 779.0922734 941157
13.9083 0.9034040823 782.1574806 942565
13.925 0.9035337886 785.2304796 944961
13.9417 0.9047772807 788.3150783 948528
13.9583 0.9050682751 791.4080509 951103
13.975 0.9054151163 794.5096023 953741
13.9917 0.9053429207 797.618308 955941
14.0083 0.9055462816 800.7351242 958435
14.025 0.9043897563 803.8553712 959490
14.0417 0.9061907065 806.9892668 963687
14.0583 0.9075424823 810.1352923 967417
14.075 0.9059840635 813.2833666 968047
14.0917 0.9053949614 816.4368489 969710
14.1083 0.9078939402 819.6065196 974688
14.125 0.9065797362 822.7790845 975578
14.1417 0.9056242755 825.9557893 976851
14.1583 0.907509329 829.1466141 981193
14.175 0.9078586677 832.3461868 983883
14.1917 0.9048668174 835.5427189 982948
14.2083 0.9083630967 838.7591434 989065
14.225 0.9080627962 841.9820523 991059
14.2417 0.9083263335 845.2134554 993671
14.2583 0.9080280286 848.4513625 995671
14.275 0.9070780986 851.6934484 996956
14.2917 0.9089740355 854.9499015 1001374
14.3083 0.9103098806 858.2187513 1005186
14.325 0.9089509245 861.4903294 1006025
14.3417 0.9084260202 864.767631 1007785
14.3583 0.909176334 868.0552675 1010963
14.375 0.9106080082 871.3557298 1014907
14.3917 0.9083909112 874.6557953 1014785
14.4083 0.9073667553 877.9597795 1015990
14.425 0.9100203776 881.2810967 1021320
14.4417 0.9110725317 884.6139422 1024865
14.4583 0.9108021162 887.9534934 1026927
14.475 0.9123498406 891.3064362 1031045
14.4917 0.9125328731 894.6677788 1033628
14.5083 0.910045542 898.0276744 1033183
14.525 0.9095673601 901.3935243 1035014
14.5417 0.9132905266 904.7809121 1041637
14.5583 0.9128784411 908.1745373 1043555
14.575 0.9124108659 911.5741948 1045410
14.5917 0.9118672856 914.9796019 1047178
14.6083 0.9134749568 918.3988104 1051422
14.625 0.9139356669 921.8275537 1054354
14.6417 0.9133869596 925.2620531 1056124
14.6583 0.9130532411 928.7031182 1058143
14.675 0.9131999379 932.1525669 1060721
14.6917 0.9140522709 935.6130821 1064124
14.7083 0.9139025335 939.080885 1066365
14.725 0.9142915466 942.5580309 1069238
14.7417 0.9116034022 946.032806 1068509
14.7583 0.9142580101 949.5255842 1074045
14.775 0.9130577496 953.0216598 1075059
14.7917 0.9149628931 956.5329385 1079734
14.8083 0.9149666353 960.0521488 1082173
14.825 0.9146331425 963.5779997 1084215
14.8417 0.9146456183 967.1118309 1086669
14.8583 0.914543202 970.6532067 1088989
14.875 0.9145696649 974.2026344 1091465
14.8917 0.9147224705 977.7606149 1094095
14.9083 0.9163663338 981.3329724 1098516
14.925 0.9164699338 984.9137265 1101098
14.9417 0.9154064755 988.4983179 1102278
14.9583 0.9160714906 992.0935206 1105541
14.975 0.9160897017 995.6968109 1108028
14.9917 0.9152459825 999.3048004 1109473
15.0083 0.9173019073 1002.928939 1114439
15.025 0.9168645502 1006.5594 1116383
15.0417 0.9164268781 1010.196182 1118327
15.0583 0.9164778506 1013.841232 1120869
15.075 0.9186818131 1017.503139 1126053
15.0917 0.9171536403 1021.167043 1126667
15.1083 0.9184370945 1024.844183 1130737
15.125 0.9166021323 1028.522077 1130969
15.1417 0.9180999046 1032.214104 1135315
15.1583 0.9170979866 1035.910226 1136574
15.175 0.9176577807 1039.616741 1139770
15.1917 0.9186258389 1043.33532 1143480
15.2083 0.9190816421 1047.063913 1146559
15.225 0.9194204706 1050.80206 1149497
15.2417 0.9182224745 1054.543514 1150514
15.2583 0.9201723218 1058.301118 1155480
15.275 0.9207844652 1062.06944 1158776
15.2917 0.9182677804 1065.835667 1158132
15.3083 0.9188604284 1069.612546 1161407
15.325 0.9213106201 1073.407745 1167041
15.3417 0.91862935 1077.200135 1166177
15.3583 0.9207962721 1081.009735 1171469
15.375 0.9197281087 1084.823178 1172651
15.3917 0.9200319909 1088.646156 1175583
15.4083 0.919880251 1092.476787 1177936
15.425 0.9225743571 1096.326951 1183943
15.4417 0.9215434123 1100.181129 1185177
15.4583 0.9214093581 1104.043069 1187564
15.475 0.9206559224 1107.910177 1189153
15.4917 0.9212122882 1111.787961 1192436
15.5083 0.9208012992 1115.672359 1194470
15.525 0.9216399538 1119.568657 1198129
15.5417 0.9210413514 1123.470788 1199923
15.5583 0.9221826473 1127.386139 1203988
15.575 0.9225396564 1131.311402 1207036
15.5917 0.9213211724 1135.239875 1208023
15.6083 0.9221940819 1139.18048 1211754
15.625 0.9222994763 1143.129957 1214482
15.6417 0.9211762064 1147.083044 1215592
15.6583 0.9223846861 1151.049757 1219782
15.675 0.9234395572 1155.029465 1223778
15.6917 0.9217635904 1159.010401 1224156
15.7083 0.9242387788 1163.010512 1230052
15.725 0.9228414894 1167.013055 1230800
15.7417 0.9226002752 1171.023039 1233088
15.7583 0.9240199953 1175.047702 1237602
15.775 0.9233365939 1179.0779 1239304
15.7917 0.9254271706 1183.125762 1244736
15.8083 0.9235413964 1187.173908 1244823
15.825 0.9240942794 1191.233023 1248196
15.8417 0.9244026867 1195.302049 1251244
15.8583 0.925229719 1199.38329 1255000
15.875 0.9245857524 1203.470268 1256764
15.8917 0.9246494325 1207.566114 1259491
15.9083 0.9259452605 1211.676307 1263903
15.925 0.9248510669 1215.79025 1265056
15.9417 0.9240614552 1219.909289 1266623
15.9583 0.9237092094 1224.035372 1268789
15.975 0.9262588127 1228.18149 1274950
15.9917 0.9263395115 1232.336626 1277723
16.0083 0.9264554876 1236.500949 1280548
16.025 0.9250708701 1240.667711 1281298
16.0417 0.9252426381 1244.843919 1284203
16.0583 0.9262931765 1249.033562 1288334
16.075 0.9249215649 1253.225689 1289098
16.0917 0.925970178 1257.431277 1293237
16.1083 0.9261836199 1261.646552 1296216
16.125 0.9259278651 1265.869387 1298541
16.1417 0.9255302982 1270.09914 1300668
16.1583 0.9276582744 1274.347377 1306352
16.175 0.9261132113 1278.597292 1306868
16.1917 0.9263475947 1282.857048 1309894
16.2083 0.9264880156 1287.126224 1312791
16.225 0.9272006056 1291.407475 1316504
16.2417 0.9244032314 1295.684583 1315230
16.2583 0.9279904436 1299.987106 1323045
16.275 0.9287184553 1304.301836 1326799
16.2917 0.9266173588 1308.615627 1326510
16.3083 0.9270485393 1312.940259 1329844
16.325 0.9272826269 1317.27483 1332900
16.3417 0.9283171015 1321.623101 1337113
16.3583 0.9278038332 1325.977838 1339101
16.375 0.9282117363 1330.343371 1342421
16.3917 0.9273029154 1334.713512 1343838
16.4083 0.9275679344 1339.093795 1346957
16.425 0.9267173227 1343.478957 1348457
16.4417 0.9293201359 1347.885364 1354990
16.4583 0.9284053818 1352.296363 1356402
16.475 0.9271310771 1356.710234 1357285
16.4917 0.9287770093 1361.140891 1362447
16.5083 0.9277815621 1365.575749 1363739
16.525 0.9287829952 1370.024364 1367969
16.5417 0.9279070269 1374.477752 1369437
16.5583 0.9284520863 1378.942741 1373004
16.575 0.9298568993 1383.423491 1377851
16.5917 0.930039867 1387.914141 1380895
16.6083 0.9294035607 1392.410739 1382724
16.625 0.9299566054 1396.919047 1386325
16.6417 0.9290153442 1401.431826 1387700
16.6583 0.929281284 1405.954944 1390879
16.675 0.9301157443 1410.491186 1394915
16.6917 0.9298164014 1415.035039 1397255
16.7083 0.9296193417 1419.587004 1399750
16.725 0.9312293647 1424.155955 1404973
16.7417 0.9294998713 1428.725515 1405160
16.7583 0.931878402 1433.315893 1411562
16.775 0.9298786981 1437.905536 1411336
16.7917 0.9303055604 1442.506415 1414791
16.8083 0.9312460296 1447.121093 1419034
16.825 0.9307603532 1451.742514 1421108
16.8417 0.9309434669 1456.374008 1424205
16.8583 0.9311051188 1461.015478 1427273
16.875 0.9323529194 1465.672363 1432013
16.8917 0.930474972 1470.329052 1431953
16.9083 0.9314645056 1474.999898 1436306
16.925 0.9311286219 1479.678268 1438620
16.9417 0.9303936963 1484.362157 1440317
16.9583 0.9319220959 1489.062976 1445523
16.975 0.932182866 1493.774358 1448771
16.9917 0.9326450298 1498.497336 1452337
17.0083 0.932994638 1503.231358 1455733
17.025 0.9319491981 1507.969347 1456953
17.0417 0.9331270748 1512.722617 1461652
17.0583 0.9319206942 1517.479032 1462619
17.075 0.9316895584 1522.243564 1465115
17.0917 0.9311275199 1527.014522 1467091
17.1083 0.9321761066 1531.800172 1471609
17.125 0.9328572266 1536.598655 1475555
17.1417 0.9327736068 1541.406051 1478296
17.1583 0.9342704927 1546.23053 1483549
17.175 0.9323098018 1551.054241 1483313
17.1917 0.9329131408 1555.890447 1487155
17.2083 0.9335361862 1560.73927 1491035
17.225 0.9338088864 1565.59891 1494361
17.2417 0.9333684155 1570.465661 1496548
17.2583 0.9325326307 1575.33746 1498100
17.275 0.9347096586 1580.230068 1504499
17.2917 0.9320988536 1585.118429 1503193
17.3083 0.9338768394 1590.025561 1508965
17.325 0.9350958948 1594.948565 1513846
17.3417 0.9346285544 1599.878581 1516002
17.3583 0.9332690619 1604.810892 1516708
17.375 0.9344660664 1609.759018 1521571
17.3917 0.9333912369 1614.710939 1522738
17.4083 0.9341205474 1619.676232 1526850
17.425 0.9343183908 1624.652091 1530099
17.4417 0.933297291 1629.632025 1531352
17.4583 0.9349798305 1634.630475 1537046
17.475 0.9341759239 1639.634168 1538658
17.4917 0.9332115854 1644.642235 1540003
17.5083 0.9349939298 1649.669432 1545886
17.525 0.9351137333 1654.706851 1549029
17.5417 0.9343324177 1659.749639 1550680
17.5583 0.934180832 1664.801195 1553376
17.575 0.9354603308 1669.869277 1558458
17.5917 0.9346244368 1674.942438 1560020
17.6083 0.9351958738 1680.028325 1563933
17.625 0.935618445 1685.126146 1567603
17.6417 0.9343453121 1690.226663 1568432
17.6583 0.9357539686 1695.344527 1573766
17.675 0.9352304215 1700.469187 1575856
17.6917 0.9368758039 1705.612549 1581607
17.7083 0.9364020114 1710.763 1583787
17.725 0.9355111208 1715.918242 1585260
17.7417 0.9370245476 1721.091538 1590812
17.7583 0.936440012 1726.271326 1592808
17.775 0.9369463237 1731.463647 1596662
17.7917 0.9351015427 1736.655467 1596508
17.8083 0.9358378632 1741.861114 1600760
17.825 0.9367063417 1747.08135 1605246
17.8417 0.9365005861 1752.310204 1607896
17.8583 0.937499109 1757.554416 1612619
17.875 0.9377060177 1762.809582 1615987
17.8917 0.938019416 1768.076311 1619543
17.9083 0.9367899384 1773.345941 1620435
17.925 0.93740473 1778.628849 1624518
17.9417 0.9369466323 1783.919 1626745
17.9583 0.9383610541 1789.226984 1632229
17.975 0.9366969102 1794.535394 1632360
17.9917 0.9383364584 1799.862961 1638251
18.0083 0.9385350645 1805.201534 1641635
18.025 0.9376499487 1810.544948 1643124
18.0417 0.937168066 1815.895497 1645318
18.0583 0.9383522038 1821.26271 1650442
18.075 0.9364142511 1826.628729 1650075
18.0917 0.935973314 1832.002117 1652341
18.1083 0.9375718492 1837.394604 1658214
18.125 0.937821414 1842.79846 1661710
18.1417 0.9379693326 1848.213112 1665030
18.1583 0.9383861574 1853.640129 1668832
18.175 0.9390563771 1859.080996 1673091
18.1917 0.9386390577 1864.529423 1675416
18.2083 0.9366245675 1869.976124 1674885
18.225 0.9389670022 1875.446447 1682149
18.2417 0.9387257233 1880.925372 1684794
18.2583 0.9391839639 1886.416992 1688698
18.275 0.9377326053 1891.910141 1689168
18.2917 0.9391487364 1897.421625 1694806
18.3083 0.9384678994 1902.939154 1696665
18.325 0.9407445837 1908.480143 1703879
18.3417 0.9386410936 1914.018803 1703163
18.3583 0.9394114438 1919.572088 1707660
18.375 0.9400171133 1925.139047 1711865
18.3917 0.9391084158 1930.710718 1713314
18.4083 0.9411018125 1936.30434 1720064
18.425 0.9394267624 1941.898122 1720113
18.4417 0.9391305652 1947.500261 1722683
18.4583 0.9389949803 1953.11172 1725549
18.475 0.9399539708 1958.739059 1730432
18.4917 0.9388497445 1964.369933 1731519
18.5083 0.93904044 1970.012107 1734994
18.525 0.9397951243 1975.66899 1739517
18.5417 0.94057524 1981.340761 1744095
18.5583 0.9397511423 1987.017754 1745701
18.575 0.9403981593 1992.708864 1750042
18.5917 0.9398162219 1998.406664 1752099
18.6083 0.9399014749 2004.115202 1755401
18.625 0.9413788318 2009.842958 1761311
18.6417 0.9396685533 2015.570546 1761259
18.6583 0.9410602974 2021.316878 1767023
18.675 0.9406949603 2027.071246 1769494
18.6917 0.9404987132 2032.834687 1772284
18.7083 0.9415968503 2038.615152 1777519
18.725 0.9403692905 2044.398371 1778366
18.7417 0.9421205833 2050.20268 1784851
18.7583 0.9410378508 2056.010634 1785972
18.775 0.9420524153 2061.835186 1791076
18.7917 0.9414552867 2067.666385 1793120
18.8083 0.9418844726 2073.510596 1797121
18.825 0.9410341045 2079.359883 1798682
18.8417 0.9419896598 2085.225481 1803698
18.8583 0.9430722655 2091.108215 1808967
18.875 0.9415657363 2096.991937 1809271
18.8917 0.9420984299 2102.889389 1813493
18.9083 0.941817245 2108.795488 1816152
18.925 0.9425424482 2114.716559 1820756
18.9417 0.9412663842 2120.640033 1821495
18.9583 0.9417590918 2126.577042 1825657
18.975 0.9432702594 2132.534038 1831803
18.9917 0.9405266683 2138.484146 1829685
19.0083 0.9433290136 2144.462462 1838359
19.025 0.9430922623 2150.449763 1841122
19.0417 0.9429142096 2156.446426 1844001
19.0583 0.9427087938 2162.452283 1846828
19.075 0.9438514504 2168.475941 1852302
19.0917 0.9438609679 2174.510191 1855559
19.1083 0.943786248 2180.554502 1858653
19.125 0.9440048608 2186.610765 1862328
19.1417 0.9433838305 2192.673597 1864348
19.1583 0.9441789133 2198.752109 1869170
19.175 0.9436284894 2204.837653 1871332
19.1917 0.943897551 2210.935518 1875121
19.2083 0.9440491843 2217.04496 1878681
19.225 0.9432492773 2223.159824 1880348
19.2417 0.9441768673 2229.291318 1885462
19.2583 0.9436241286 2235.429842 1887624
19.275 0.9457202747 2241.592656 1895093
19.2917 0.9445791031 2247.758683 1896081
19.3083 0.9441461504 2253.932538 1898488
19.325 0.9439009463 2260.115449 1901273
19.3417 0.9453218949 2266.318353 1907421
19.3583 0.9448080207 2272.528574 1909671
19.375 0.9445557871 2278.747833 1912450
19.3917 0.9441427833 2284.975072 1914904
19.4083 0.9448431682 2291.217647 1919620
19.425 0.944608635 2297.469396 1922441
19.4417 0.9439364664 2303.727422 1924371
19.4583 0.9456073387 2310.007278 1931084
19.475 0.9446748861 2316.291693 1932486
19.4917 0.9453468423 2322.591347 1937172
19.5083 0.9449053508 2328.898832 1939580
19.525 0.9457304144 2335.222616 1944592
19.5417 0.9452559505 2341.554023 1946936
19.5583 0.9460225167 2347.901377 1951840
19.575 0.9455019129 2354.256055 1954092
19.5917 0.9435838087 2360.608645 1953450
19.6083 0.9459341086 2366.987898 1961649
19.625 0.9459610008 2373.378181 1965041
19.6417 0.9464665374 2379.782745 1969432
19.6583 0.9461932223 2386.196329 1972206
19.675 0.9473122652 2392.628391 1977888
19.6917 0.946220023 2399.063926 1978956
19.7083 0.9463353838 2405.511145 1982549
19.725 0.9465471683 2411.970719 1986348
19.7417 0.9462098086 2418.438907 1988997
19.7583 0.9485859317 2424.934292 1997360
19.775 0.9460375049 2431.42316 1995356
19.7917 0.9465378771 2437.926408 1999778
19.8083 0.946522064 2444.440504 2003114
19.825 0.946770079 2450.967277 2007012
19.8417 0.9474275261 2457.509568 2011784
19.8583 0.947550165 2464.063703 2015426
19.875 0.9464568242 2470.621269 2016481
19.8917 0.9466623613 2477.191264 2020303
19.9083 0.9480391016 2483.781844 2026633
19.925 0.9471155026 2490.377032 2028050
19.9417 0.9464426311 2496.978565 2030001
19.9583 0.9477269688 2503.60011 2036155
19.975 0.948134907 2510.235574 2040435
19.9917 0.9470858463 2516.874761 2041580
20.0083 0.9493827331 2523.541151 2049945
20.025 0.9475376698 2530.205675 2049371
20.0417 0.947922276 2536.884007 2053617
20.0583 0.9471716007 2543.568153 2055405
20.075 0.9466429369 2550.259674 2057673
20.0917 0.9478343129 2556.970747 2063685
20.1083 0.9473050751 2563.689205 2065956
20.125 0.9485908977 2570.427938 2072191
20.1417 0.9477451365 2577.17182 2073774
20.1583 0.9479502708 2583.92833 2077657
20.175 0.9477052162 2590.694266 2080556
20.1917 0.947725255 2597.47153 2084039
20.2083 0.9491790461 2604.270399 2090683
20.225 0.94909566 2611.07989 2093949
20.2417 0.9482922226 2617.894834 2095626
20.2583 0.9490654514 2624.726571 2100790
20.275 0.9489066506 2631.56841 2103896
20.2917 0.9487164716 2638.420127 2106934
20.3083 0.9488241357 2645.283884 2110636
20.325 0.9483929487 2652.155786 2113141
20.3417 0.9497317852 2659.048681 2119596
20.3583 0.9499935916 2665.954778 2123656
20.375 0.9482408588 2672.859425 2123210
20.3917 0.9474039581 2679.769268 2124808
20.4083 0.949566162 2686.706208 2133140
20.425 0.9494739343 2693.653807 2136418
20.4417 0.9494428627 2700.612521 2139836
20.4583 0.94942968 2707.582491 2143297
20.475 0.9504200862 2714.571104 2149030
20.4917 0.9500469668 2721.568351 2151685
20.5083 0.9503359144 2728.579117 2155842
20.525 0.9496386001 2735.596129 2157763
20.5417 0.9508791253 2742.633724 2164092
20.5583 0.9506570951 2749.681097 2167099
20.575 0.9496330568 2756.732298 2168276
20.5917 0.9499163026 2763.797034 2172438
20.6083 0.9488803153 2770.865493 2173583
20.625 0.9499955911 2777.953711 2179659
20.6417 0.9507857644 2785.059295 2184999
20.6583 0.9502757813 2792.172541 2187355
20.675 0.9502658753 2799.297194 2190863
20.6917 0.9505401428 2806.435399 2195030
20.7083 0.9513107906 2813.590904 2200350
20.725 0.9501448018 2820.749147 2201192
20.7417 0.9502944557 2827.920037 2205081
20.7583 0.9507724175 2835.106068 2209737
20.775 0.9513584532 2842.30808 2214651
20.7917 0.9505616609 2849.51561 2216348
20.8083 0.9516918138 2856.743283 2222542
20.825 0.9508180744 2863.975893 2224060
20.8417 0.9508554885 2871.220369 2227709
20.8583 0.9507049157 2878.475287 2230920
20.875 0.9516717439 2885.749194 2236759
20.8917 0.95083614 2893.028323 2238365
20.9083 0.9515198922 2900.324314 2243550
20.925 0.9516980627 2907.633309 2247549
20.9417 0.9512707533 2914.950666 2250120
20.9583 0.9508216501 2922.276214 2252639
20.975 0.952563323 2929.626857 2260356
20.9917 0.9519357407 2936.984337 2262458
21.0083 0.9513996885 2944.349354 2264776
21.025 0.9515284999 2951.727061 2268678
21.0417 0.9521464912 2959.121268 2273752
21.0583 0.9528253031 2966.532474 2278979
21.075 0.9524981058 2973.952866 2281804
21.0917 0.9525233419 2981.385196 2285475
21.1083 0.9517596056 2988.823308 2287253
21.125 0.9513494015 2996.26996 2289879
21.1417 0.9528797586 3003.740365 2297183
21.1583 0.9530465302 3011.223862 2301209
21.175 0.9528646709 3018.717723 2304396
21.1917 0.9522689432 3026.218693 2306582
21.2083 0.9520049069 3033.729383 2309571
21.225 0.952685039 3041.257256 2314855
21.2417 0.9536757983 3048.804798 2320903
21.2583 0.9523266523 3056.353494 2321258
21.275 0.9528025544 3063.917809 2326061
21.2917 0.9541313851 3071.504547 2332956
21.3083 0.9533846101 3079.09722 2334781
21.325 0.9541788938 3086.70811 2340383
21.3417 0.9523781554 3094.316516 2339619
21.3583 0.9529444536 3101.941341 2344668
21.375 0.9524941477 3109.574462 2347219
21.3917 0.9545022225 3117.235608 2355837
21.4083 0.9537504412 3124.902653 2357651
21.425 0.9524541674 3132.571205 2358114
21.4417 0.9536639126 3140.261447 2364784
21.4583 0.9548365396 3147.973119 2371374
21.475 0.9535303082 3155.686209 2371810
21.4917 0.9533709776 3163.409986 2375096
21.5083 0.9518351135 3171.133284 2374949
21.525 0.9536145926 3178.883018 2383078
21.5417 0.9533825259 3186.642869 2386189
21.5583 0.9545139591 3194.423955 2392719
21.575 0.9540204416 3202.213047 2395181
21.5917 0.9524249031 3210.001132 2394871
21.6083 0.95413805 3217.815274 2402884
21.625 0.9533034229 3225.63463 2404487
21.6417 0.9548849685 3233.479035 2412190
21.6583 0.9534692736 3241.32388 2412325
21.675 0.9529183046 3249.176262 2414643
21.6917 0.9523773593 3257.036261 2416985
21.7083 0.953894986 3264.920887 2424558
21.725 0.9549126599 3272.82605 2430873
21.7417 0.9532668079 3280.7297 2430408
21.7583 0.9546188445 3288.656699 2437588
21.775 0.9537864434 3296.588925 2439195
21.7917 0.9534884043 3304.530815 2442167
21.8083 0.9546578742 3312.494614 2448904
21.825 0.9537009384 3320.462595 2450190
21.8417 0.9539739183 3328.445034 2454636
21.8583 0.9547890022 3336.446491 2460484
21.875 0.9543106471 3344.45614 2463003
21.8917 0.9541282088 3352.476465 2466286
21.9083 0.9560404039 3360.525105 2474993
21.925 0.9542306892 3368.570736 2474068
21.9417 0.9559090482 3376.642778 2482189
21.9583 0.9543046945 3384.713518 2481789
21.975 0.9552100817 3392.804183 2487916
21.9917 0.9546633022 3400.902488 2490265
22.0083 0.9539061723 3409.006639 2492063
22.025 0.9556865099 3417.138217 2500497
22.0417 0.9557476596 3425.282628 2504443
22.0583 0.9558803129 3433.440493 2508580
22.075 0.9545782486 3441.59956 2508950
22.0917 0.9550500961 3449.774992 2513982
22.1083 0.9556996147 3457.968332 2519489
22.125 0.9542182669 3466.161311 2519378
22.1417 0.9547677259 3474.371364 2524628
22.1583 0.9554145201 3482.599351 2530143
22.175 0.9545041106 3490.831868 2531536
22.1917 0.955891128 3499.088745 2539027
22.2083 0.9558237579 3507.357447 2542663
22.225 0.9549027177 3515.630584 2544027
22.2417 0.9550541345 3523.917448 2548248
22.2583 0.9553574604 3532.219372 2552879
22.275 0.9558845048 3540.538321 2558114
22.2917 0.9535993937 3548.849805 2555819
22.3083 0.9557936443 3557.192877 2565532
22.325 0.9559171933 3565.549499 2569699
22.3417 0.9552210255 3573.912509 2571663
22.3583 0.956230469 3582.296851 2578223
22.375 0.9558744941 3590.690572 2581107
22.3917 0.9546761512 3599.086264 2581713
22.4083 0.9557466736 3607.503887 2588457
22.425 0.9548795734 3615.926388 2589957
22.4417 0.9560707811 3624.371936 2597044
22.4583 0.9569901631 3632.838167 2603404
22.475 0.9561644969 3641.309652 2605020
22.4917 0.9568106368 3649.79944 2610648
22.5083 0.9571917872 3658.305202 2615560
22.525 0.9574878122 3666.826199 2620245
22.5417 0.9550912975 3675.338452 2617556
22.5583 0.9562320013 3683.873478 2624559
22.575 0.9566923518 3692.425236 2629704
22.5917 0.9566813275 3700.989527 2633558
22.6083 0.9571847356 3709.570972 2638833
22.625 0.9572187518 3718.16538 2642819
22.6417 0.9563510896 3726.764652 2644315
22.6583 0.9573173232 3735.38529 2650885
22.675 0.9566263303 3744.012384 2652870
22.6917 0.9561945048 3752.648264 2655572
22.7083 0.9568339936 3761.302618 2661253
22.725 0.9566434067 3769.967955 2664630
22.7417 0.9571424427 3778.650534 2669932
22.7583 0.9573357952 3787.3476 2674387
22.775 0.957082543 3796.055105 2677597
22.7917 0.9570270971 3804.774854 2681362
22.8083 0.9574412349 3813.511139 2686447
22.825 0.9569349815 3822.25557 2688952
22.8417 0.9566715394 3831.010366 2692139
22.8583 0.9566778806 3839.778 2696087
22.875 0.9574417922 3848.565436 2702176
22.8917 0.9569181471 3857.360868 2704635
22.9083 0.9564639037 3866.164931 2707289
22.925 0.9571748443 3874.988363 2713245
22.9417 0.9573462086 3883.826211 2717678
22.9583 0.9576532511 3892.679743 2722501
22.975 0.9564768447 3901.535243 2723106
22.9917 0.956437472 3910.40323 2726946
23.0083 0.956839197 3919.287809 2732048
23.025 0.9578885385 3928.195022 2739008
23.0417 0.9581030608 3937.117132 2743589
23.0583 0.9581443967 3946.052539 2747678
23.075 0.9585345615 3955.004512 2752772
23.0917 0.9569080018 3963.954209 2752072
23.1083 0.957062816 3972.918279 2756492
23.125 0.9583731376 3981.907575 2764249
23.1417 0.9585275657 3990.911284 2768681
23.1583 0.9578964964 3999.92203 2770845
23.175 0.9573280426 4008.940396 2773188
23.1917 0.957244554 4017.97095 2776936
23.2083 0.9588951742 4027.030082 2785724
23.225 0.957496055 4036.088994 2785656
23.2417 0.9569666194 4045.155895 2788113
23.2583 0.9577713157 4054.24344 2794461
23.275 0.9581390977 4063.347509 2799542
23.2917 0.958370877 4072.466826 2804231
23.3083 0.9589934747 4081.605131 2810070
23.325 0.9576766464 4090.743944 2810226
23.3417 0.957399823 4099.893176 2813430
23.3583 0.9570833962 4109.05245 2816518
23.375 0.9591961362 4118.245047 2826765
23.3917 0.9583061735 4127.442216 2828171
23.4083 0.959318006 4136.662221 2835193
23.425 0.9579354926 4145.882054 2835140
23.4417 0.9592301654 4155.127489 2843013
23.4583 0.9585387672 4164.379403 2845005
23.475 0.9591638517 4173.650509 2850907
23.4917 0.958330128 4182.926715 2852475
23.5083 0.9577205678 4192.210179 2854707
23.525 0.9584612048 4201.514001 2860967
23.5417 0.9591455935 4210.837663 2867068
23.5583 0.9592464806 4220.175513 2871431
23.575 0.9583740324 4229.518075 2872880
23.5917 0.9584011889 4238.874117 2877025
23.6083 0.9595277267 4248.254396 2884478
23.625 0.958253765 4257.635452 2884717
23.6417 0.9596673399 4267.043607 2893050
23.6583 0.9592057581 4276.460501 2895737
23.675 0.9582268517 4285.881042 2896859
23.6917 0.9585082538 4295.317623 2901791
23.7083 0.958992096 4304.772255 2907342
23.725 0.9606857831 4314.256907 2916573
23.7417 0.958264166 4323.730947 2913310
23.7583 0.9596543193 4333.232057 2921634
23.775 0.9592316728 4342.742311 2924446
23.7917 0.9588112337 4352.26173 2927264
23.8083 0.9597353578 4361.803678 2934192
23.825 0.9591012031 4371.352676 2936360
23.8417 0.960245851 4380.926451 2943979
23.8583 0.9590796358 4390.501973 2944516
23.875 0.9584807214 4400.08489 2946790
23.8917 0.9605180443 4409.701588 2957178
23.9083 0.9604787148 4419.331314 2961184
23.925 0.959432839 4428.96397 2962085
23.9417 0.959679524 4438.612531 2966976
23.9583 0.9601852583 4448.279622 2972674
23.975 0.9599035605 4457.957327 2975938
23.9917 0.9594642082 4467.644057 2978713
24.0083 0.9596636451 4477.346266 2983473
24.025 0.9605316573 4487.070739 2990319
24.0417 0.9603592962 4496.806961 2993932
24.0583 0.9594151496 4506.547101 2995137
24.075 0.9601392758 4516.308103 3001552
24.0917 0.9600519817 4526.081735 3005436
24.1083 0.9603771123 4535.87221 3010615
24.125 0.959859758 4545.670945 3013155
24.1417 0.9598509487 4555.483133 3017292
24.1583 0.960091898 4565.31134 3022218
24.175 0.9600990509 4575.153186 3026412
24.1917 0.9594570936 4585.002018 3028560
24.2083 0.9598375425 4594.868335 3033937
24.225 0.958794975 4604.737511 3034816
24.2417 0.9608197406 4614.641142 3045411
24.2583 0.9602790872 4624.552815 3047884
24.275 0.9601206606 4634.476474 3051570
24.2917 0.9598351418 4644.41081 3054853
24.3083 0.9596000199 4654.356346 3058297
24.325 0.9610240875 4664.330304 3067037
24.3417 0.9601187433 4674.308526 3068348
24.3583 0.9597433843 4684.296509 3071350
24.375 0.9606188718 4694.30729 3078360
24.3917 0.9603835413 4704.329309 3081816
24.4083 0.9598890361 4714.359861 3084440
24.425 0.9610632481 4724.416404 3092432
24.4417 0.9604904098 4734.480673 3094808
24.4583 0.9608945274 4744.562912 3100334
24.475 0.9611084714 4754.661145 3105252
24.4917 0.9613626703 4764.77581 3110305
24.5083 0.961093638 4774.901411 3113668
24.525 0.9599126457 4785.02833 3114073
24.5417 0.9603467023 4795.173602 3119717
24.5583 0.961383687 4805.343629 3127329
24.575 0.9607880508 4815.521155 3129635
24.5917 0.9611714451 4825.716557 3135132
24.6083 0.9609865131 4835.923819 3138779
24.625 0.9608207691 4846.143149 3142490
24.6417 0.9600143004 4856.367728 3144104
24.6583 0.9618345407 4866.625555 3154328
24.675 0.960634 4876.884433 3154651
24.6917 0.9611676875 4887.162881 3160669
24.7083 0.9611663848 4897.455195 3164933
24.725 0.9607526568 4907.756963 3167840
24.7417 0.9612908033 4918.078402 3173889
24.7583 0.9614065037 4928.414996 3178549
24.775 0.9616705426 4938.768353 3183704
24.7917 0.9610265316 4949.128702 3185854
24.8083 0.9616284451 4959.509484 3192137
24.825 0.9610166755 4969.897605 3194394
24.8417 0.9608833829 4980.298236 3198241
24.8583 0.9616001927 4990.720598 3204923
24.875 0.9616759935 5001.157762 3209475
24.8917 0.9610149093 5011.601733 3211568
24.9083 0.9614260565 5022.064168 3217246
24.925 0.9615072644 5032.541495 3221825
24.9417 0.960815183 5043.025286 3223813
24.9583 0.9624793094 5053.541275 3233714
24.975 0.9620491236 5064.066607 3236587
24.9917 0.9615346278 5074.600355 3239175

