# /home/jramos/Programacion/hmeyer/yasp_cJ/bin/rdf_all.x VERSION2.2 28JAN2003 HM
# weed=1 maxmean=99999 #frames=51 #particles=12060
# norm=9.27024e-06 norm2=nfr*nmol=0.0196078 ns*(ns-1)=145431540//-1172926052
0.00833333 0 0 0
0.025 0 0 0
0.0416667 0 0 0
0.0583333 0 0 0
0.075 0 0 0
0.0916667 0 0 0
0.108333 0 0 0
0.125 0 0 0
0.141667 0 0 0
0.158333 0 0 0
0.175 0 0 0
0.191667 0 0 0
0.208333 0 0 0
0.225 0 0 0
0.241667 0 0 0
0.258333 0 0 0
0.275 0 0 0
0.291667 0 0 0
0.308333 0 0 0
0.325 0 0 0
0.341667 0 0 0
0.358333 0 0 0
0.375 0 0 0
0.391667 0 0 0
0.408333 0 0 0
0.425 0 0 0
0.441667 0 0 0
0.458333 0 0 0
0.475 0 0 0
0.491667 0 0 0
0.508333 0 0 0
0.525 0 0 0
0.541667 0 0 0
0.558333 0 0 0
0.575 0 0 0
0.591667 0 0 0
0.608333 0 0 0
0.625 0 0 0
0.641667 0 0 0
0.658333 0 0 0
0.675 0 0 0
0.691667 0 0 0
0.708333 0 0 0
0.725 0 0 0
0.741667 0 0 0
0.758333 0 0 0
0.775 0 0 0
0.791667 0 0 0
0.808333 0 0 0
0.825 0 0 0
0.841667 0 0 0
0.858333 0 0 0
0.875 0 0 0
0.891667 0 0 0
0.908333 0 0 0
0.925 0 0 0
0.941667 0.3709102681 0.005769021266 1774
0.958333 0.05369804502 0.006634049258 266
0.975 0 0.006634049258 0
0.991667 0 0.006634049258 0
1.00833 0 0.006634049258 0
1.025 0 0.006634049258 0
1.04167 0 0.006634049258 0
1.05833 0 0.006634049258 0
1.075 2.827161005 0.0639405277 17622
1.09167 47.82589912 1.063662483 307419
1.10833 0.2060177551 1.068101442 1365
1.125 0.002050860027 1.06814697 14
1.14167 0.01493564274 1.068488429 105
1.15833 0.067155663 1.070068893 486
1.175 0.2123096958 1.075210281 1581
1.19167 0.4715763887 1.086956451 3612
1.20833 0.8246180929 1.108074841 6494
1.225 1.098975596 1.137001247 8895
1.24167 1.073880277 1.166041473 8930
1.25833 0.866238632 1.190099657 7398
1.275 0.6155266163 1.20765062 5397
1.29167 0.4795068802 1.221682935 4315
1.30833 0.5202245865 1.237302218 4803
1.325 0.6080722027 1.256027148 5758
1.34167 0.6936872753 1.277929266 6735
1.35833 0.7696173983 1.302836219 7659
1.375 0.8073621299 1.329609811 8233
1.39167 0.8407913104 1.358171994 8783
1.40833 0.8584932051 1.388038224 9184
1.425 0.8071208351 1.416785771 8840
1.44167 0.7465518733 1.444001632 8369
1.45833 0.786860908 1.473354048 9026
1.475 0.9549550496 1.509795792 11206
1.49167 1.276531835 1.559616201 15320
1.50833 1.699950206 1.627452606 20860
1.525 1.989297465 1.708599386 24953
1.54167 2.024837966 1.793011159 25957
1.55833 1.816999555 1.870405149 23799
1.575 1.40362596 1.931477426 18780
1.59167 1.011541374 1.976426361 13822
1.60833 0.7124450032 2.008751091 9940
1.625 0.5457567336 2.03402877 7773
1.64167 0.5018484401 2.057752 7295
1.65833 0.5597013901 2.084749979 8302
1.675 0.646685284 2.116573904 9786
1.69167 0.7493912393 2.154189613 11567
1.70833 0.8342633636 2.19689468 13132
1.725 0.8985968393 2.243794806 14422
1.74167 0.900611978 2.291712804 14735
1.75833 0.8966927038 2.340339735 14953
1.775 0.817731773 2.385529317 13896
1.79167 0.7147986342 2.425775883 12376
1.80833 0.5834132627 2.459238808 10290
1.825 0.4537915324 2.485748989 8152
1.84167 0.3373819709 2.50582024 6172
1.85833 0.2501823942 2.52097449 4660
1.875 0.1972891843 2.533140165 3741
1.89167 0.1595804398 2.543156279 3080
1.90833 0.1662236924 2.55377401 3265
1.925 0.1945784481 2.566420979 3889
1.94167 0.254249144 2.583233741 5170
1.95833 0.3352192548 2.605783005 6934
1.975 0.4440420086 2.636163048 9342
1.99167 0.5707841756 2.675876288 12212
2.00833 0.727520926 2.727345453 15827
2.025 0.9077521476 2.792635555 20077
2.04167 1.122144851 2.874679883 25229
2.05833 1.32285111 2.972984135 30229
2.075 1.535592397 3.08895317 35661
2.09167 1.730648313 3.221760982 40839
2.10833 1.914405452 3.371020587 45898
2.125 2.040679223 3.532650742 49702
2.14167 2.115997353 3.702885649 52348
2.15833 2.130129456 3.876935134 53521
2.175 2.103174333 4.051446402 53663
2.19167 1.986662267 4.218826066 51470
2.20833 1.878813226 4.379535909 49419
2.225 1.713590172 4.528333732 45756
2.24167 1.556891975 4.66555774 42197
2.25833 1.418648146 4.7924632 39024
2.275 1.304262415 4.910864719 36409
2.29167 1.212317722 5.022537882 34340
2.30833 1.156356078 5.130611097 33233
2.325 1.150675267 5.239711939 33549
2.34167 1.148588698 5.350181867 33970
2.35833 1.18684876 5.465962287 35603
2.375 1.224352805 5.587095473 37249
2.39167 1.252077985 5.712716399 38629
2.40833 1.270865681 5.842005564 39757
2.425 1.290344541 5.975099551 40927
2.44167 1.286503768 6.109627664 41368
2.45833 1.274610346 6.244737882 41547
2.475 1.264614479 6.380612316 41782
2.49167 1.262087643 6.518047703 42262
2.50833 1.269947707 6.658195246 43096
2.525 1.266411419 6.799815938 43549
2.54167 1.294141393 6.946454442 45092
2.55833 1.291611559 7.094731947 45596
2.575 1.303019474 7.246274445 46600
2.59167 1.296886395 7.399062453 46983
2.60833 1.278485408 7.551626074 46914
2.625 1.253611393 7.703139304 46591
2.64167 1.20418089 7.850532269 45324
2.65833 1.174567743 7.996120382 44769
2.675 1.144664057 8.139786572 44178
2.69167 1.105735487 8.280301589 43209
2.70833 1.084711811 8.41985727 42914
2.725 1.049037404 8.556489417 42015
2.74167 1.027047719 8.691898818 41639
2.75833 1.014625064 8.827301714 41637
2.775 0.9961900406 8.961855843 41376
2.79167 0.9718172905 9.094699427 40850
2.80833 0.9574486089 9.227146269 40728
2.825 0.952062283 9.360415864 40981
2.84167 0.928207293 9.491883859 40427
2.85833 0.9150088378 9.623007143 40321
2.875 0.9015596817 9.753714173 40193
2.89167 0.9062746418 9.886632553 40873
2.90833 0.9055400084 10.02097855 41312
2.925 0.9014693134 10.15625788 41599
2.94167 0.91384448 10.29496154 42652
2.95833 0.9173256477 10.43577574 43301
2.975 0.9397973333 10.58166954 44863
2.99167 0.9519143256 10.73110475 45952
3.00833 0.9602846038 10.88353829 46874
3.025 0.9757680115 11.04015063 48159
3.04167 0.9694927362 11.19747516 48378
3.05833 0.9649411584 11.35578179 48680
3.075 0.941980057 11.51201039 48041
3.09167 0.9142194631 11.66528295 47132
3.10833 0.8868449924 11.81557343 46215
3.125 0.8495020131 11.9610835 44745
3.14167 0.8263115727 12.10413506 43989
3.15833 0.7983391514 12.24381432 42952
3.175 0.7739784848 12.38066435 42082
3.19167 0.7581446399 12.51612578 41655
3.20833 0.7489013683 12.65133681 41578
3.225 0.7328202821 12.78502266 41109
3.24167 0.7263628494 12.91890363 41169
3.25833 0.7285908495 13.05457969 41721
3.275 0.7280739261 13.19155004 42119
3.29167 0.7198812429 13.32836105 42070
3.30833 0.716220559 13.46585822 42281
3.325 0.7065261218 13.60286435 42130
3.34167 0.7039955576 13.74075176 42401
3.35833 0.7076284456 13.8807367 43046
3.375 0.7160873245 14.02380453 43994
3.39167 0.7135475418 14.16777641 44272
3.40833 0.7257702146 14.31565717 45474
3.425 0.7330908501 14.46649399 46383
3.44167 0.7367924448 14.61957142 47072
3.45833 0.7464190628 14.7761545 48150
3.475 0.7546453157 14.93599281 49151
3.49167 0.7630458436 15.0991644 50176
3.50833 0.7572291807 15.26264168 50270
3.525 0.7515478339 15.42643766 50368
3.54167 0.7455996763 15.59047754 50443
3.55833 0.7494526047 15.75692063 51182
3.575 0.748689863 15.92475557 51610
3.59167 0.7520482104 16.09491894 52326
3.60833 0.7561243814 16.26759608 53099
3.625 0.7685877396 16.44474471 54474
3.64167 0.7739833245 16.6247811 55362
3.65833 0.7944459891 16.81127268 57347
3.675 0.790496277 16.99853173 57583
3.69167 0.8086650771 17.19183622 59442
3.70833 0.8269748901 17.39130647 61338
3.725 0.8245618558 17.59198646 61710
3.74167 0.8289526201 17.79554446 62595
3.75833 0.8401243479 18.00368775 64005
3.775 0.8324231831 18.21175625 63982
3.79167 0.8315048651 18.42143448 64477
3.80833 0.8435204047 18.63601671 65985
3.825 0.8466401858 18.85328182 66810
3.84167 0.8429280542 19.07148351 67098
3.85833 0.8509927739 19.29368839 68329
3.875 0.85482555 19.51882655 69231
3.89167 0.8552930037 19.74602973 69866
3.90833 0.8660506106 19.97806536 71352
3.925 0.8740316179 20.21424077 72625
3.94167 0.8669542001 20.45049747 72650
3.95833 0.8708392848 20.68982405 73594
3.975 0.878149065 20.9331961 74838
3.99167 0.8785111018 21.17871446 75498
4.00833 0.8824255967 21.42739049 76469
4.025 0.8869891419 21.67943559 77505
4.04167 0.8888597352 21.93410828 78313
4.05833 0.8984033435 22.19364269 79808
4.075 0.8982710109 22.45527464 80453
4.09167 0.8986868859 22.71917322 81150
4.10833 0.9013622662 22.98601809 82056
4.125 0.9126493731 23.2584011 83759
4.14167 0.9133713148 23.53320683 84504
4.15833 0.9231769314 23.81320273 86100
4.175 0.9308081075 24.09778068 87509
4.19167 0.9331922056 24.38536997 88435
4.20833 0.9445335847 24.67877381 90223
4.225 0.9428296693 24.97397274 90775
4.24167 0.9537469223 25.27495045 92552
4.25833 0.9527270086 25.57797366 93181
4.275 0.9612606262 25.88610898 94753
4.29167 0.9639960935 26.19753532 95765
4.30833 0.9738123355 26.51458109 97493
4.325 0.9651717511 26.83124962 97377
4.34167 0.9756867362 27.15384003 99198
4.35833 0.9845098163 27.48185149 100865
4.375 0.9773524249 27.80997351 100899
4.39167 0.9835892095 28.14271011 102318
4.40833 0.983960527 28.47810357 103135
4.425 0.9905193404 28.81829046 104609
4.44167 0.9986344018 29.16385289 106262
4.45833 0.9988306695 29.51208194 107082
4.475 0.9958206946 29.86186218 107559
4.49167 0.9974227006 30.21481962 108536
4.50833 1.000925942 30.57165017 109727
4.525 1.004830513 30.93252619 110971
4.54167 1.001514001 31.2948656 111421
4.55833 1.006080155 31.66153341 112752
4.575 1.006894934 32.03118654 113670
4.59167 1.010353522 32.40481684 114893
4.60833 1.012679452 32.78203083 115995
4.625 1.012076712 33.1617521 116766
4.64167 1.018917408 33.54680013 118404
4.65833 1.019935646 33.93500583 119375
4.675 1.018877533 34.32558873 120106
4.69167 1.02286248 34.72050003 121437
4.70833 1.023043828 35.11829258 122323
4.725 1.018862185 35.51726885 122687
4.74167 1.022242814 35.92039791 123964
4.75833 1.030693616 36.329722 125869
4.775 1.018819202 36.7371697 125292
4.79167 1.020982 37.14833767 126436
4.80833 1.025047068 37.56401939 127824
4.825 1.027924719 37.98376284 129073
4.84167 1.024173913 38.40486887 129492
4.85833 1.018706485 38.82661555 129689
4.875 1.02469537 39.25375726 131348
4.89167 1.024930606 39.68392332 132278
4.90833 1.029440962 40.11893159 133767
4.925 1.025313505 40.5551431 134137
4.94167 1.025690084 40.99447325 135096
4.95833 1.029130392 41.43825538 136465
4.975 1.029512782 41.88519192 137435
4.99167 1.02934626 42.33505526 138335
5.00833 1.028782181 42.78767953 139184
5.025 1.023951575 43.24118184 139454
5.04167 1.026230246 43.69871335 140693
5.05833 1.028021934 44.16007896 141872
5.075 1.025844748 44.62350632 142506
5.09167 1.021535676 45.0880231 142841
5.10833 1.027115499 45.5581398 144563
5.125 1.03145772 46.03332959 146123
5.14167 1.019058916 46.50586577 145307
5.15833 1.024817545 46.98415796 147077
5.175 1.022581724 47.46449564 147706
5.19167 1.021151374 47.94725606 148451
5.20833 1.022944366 48.43397414 149668
5.225 1.02736948 48.92593117 151279
5.24167 1.022088172 49.41848656 151463
5.25833 1.019414535 49.91288258 152029
5.275 1.020918659 50.41115171 153220
5.29167 1.019066426 50.91166471 153910
5.30833 1.023270587 51.4174134 155520
5.325 1.020830989 51.92512955 156125
5.34167 1.020039316 52.43563265 156982
5.35833 1.023441526 52.95103974 158490
5.375 1.02241811 53.46913948 159318
5.39167 1.02522086 53.9918863 160747
5.40833 1.023798894 54.5171404 161518
5.425 1.025272892 55.04639769 162749
5.44167 1.024079953 55.57829235 163560
5.45833 1.029982899 56.11653488 165512
5.475 1.025954474 56.65595138 165873
5.49167 1.027796215 57.19963122 167184
5.50833 1.032200009 57.74895977 168921
5.525 1.03380493 58.30247687 170209
5.54167 1.032528351 58.85865085 171026
5.55833 1.034903146 59.41946215 172452
5.575 1.030490361 59.98123605 172748
5.59167 1.030511613 60.5463855 173786
5.60833 1.035235971 61.11751535 175625
5.625 1.034759086 61.69178012 176589
5.64167 1.031549422 62.26766112 177086
5.65833 1.033959331 62.84830303 178550
5.675 1.038597154 63.43499038 180409
5.69167 1.035287827 64.02324844 180892
5.70833 1.035709178 64.6151975 182027
5.725 1.036289098 65.21094163 183194
5.74167 1.035393851 65.80964181 184103
5.75833 1.037757018 66.41319721 185596
5.775 1.038613611 67.02075254 186826
5.79167 1.031727051 67.62776805 186660
5.80833 1.034145969 68.23971357 188176
5.825 1.034946651 68.85565252 189404
5.84167 1.03791091 69.47689546 191035
5.85833 1.034217812 70.09946521 191443
5.875 1.031849787 70.72414875 192093
5.89167 1.034993472 71.35429563 193773
5.90833 1.034516204 71.9877205 194781
5.925 1.03300334 72.6237925 195595
5.94167 1.035529743 73.26501238 197178
5.95833 1.034188948 73.90899971 198029
5.975 1.031242243 74.55474961 198571
5.99167 1.033068748 75.20525716 200034
6.00833 1.038007422 75.86251583 202110
6.025 1.038922527 76.52400859 203412
6.04167 1.036215578 77.18743303 204006
6.05833 1.035477553 77.85404766 204987
6.075 1.038504855 78.52629474 206719
6.09167 1.035742822 79.20043772 207302
6.10833 1.036637759 79.87886031 208618
6.125 1.037048018 80.56126008 209841
6.14167 1.036229404 81.24683704 210818
6.15833 1.036587516 81.93637817 212037
6.175 1.035662456 82.62903795 212996
6.19167 1.036720006 83.32615295 214366
6.20833 1.043898829 84.03187921 217014
6.225 1.034986442 84.73534208 216318
6.24167 1.035129788 85.44267482 217508
6.25833 1.03647823 86.15471644 218956
6.275 1.038861908 86.87220187 220630
6.29167 1.039121567 87.59368399 221859
6.30833 1.039336029 88.3191433 223082
6.325 1.040335566 89.04914237 224478
6.34167 1.035022024 89.77924551 224510
6.35833 1.040760813 90.51726072 226943
6.375 1.035298671 91.25525643 226937
6.39167 1.033509907 91.99583421 227731
6.40833 1.030258439 92.73793717 228200
6.425 1.033871535 93.48652134 230193
6.44167 1.032241544 94.2378079 231024
6.45833 1.02866764 94.9903725 231417
6.475 1.03653058 95.7526085 234391
6.49167 1.028650112 96.51294859 233808
6.50833 1.031617334 97.27940242 235688
6.525 1.034688916 98.05208054 237602
6.54167 1.029544646 98.82484972 237630
6.55833 1.029879166 99.60181396 238920
6.575 1.031106279 100.3836627 240422
6.59167 1.028872834 101.167778 241119
6.60833 1.028325778 101.9554446 242211
6.625 1.030263501 102.7485809 243893
6.64167 1.029760488 103.5453237 245002
6.65833 1.027790057 104.344538 245762
6.675 1.025967923 105.1463344 246556
6.69167 1.020205277 105.9476138 246397
6.70833 1.02455631 106.7563239 248682
6.725 1.023407528 107.5681462 249639
6.74167 1.026083958 108.3861309 251534
6.75833 1.027560636 109.2093482 253143
6.775 1.024155189 110.0338889 253550
6.79167 1.019251394 110.858524 253579
6.80833 1.021894924 111.6893606 255486
6.825 1.019978889 112.5227045 256257
6.84167 1.020901437 113.3608809 257743
6.85833 1.021333918 114.2035027 259110
6.875 1.018380688 115.0477765 259618
6.89167 1.017684747 115.895569 260700
6.90833 1.016097913 116.7461387 261554
6.925 1.016142206 117.6008546 262829
6.94167 1.013042389 118.4570697 263290
6.95833 1.01725524 119.320979 265656
6.975 1.014548986 120.1867225 266220
6.99167 1.01091254 121.0534903 266535
7.00833 1.013002857 121.9261962 268361
7.025 1.014524745 122.8043752 270044
7.04167 1.012263072 123.6847591 270722
7.05833 1.009363885 124.5667819 271226
7.075 1.011566304 125.4549088 273103
7.09167 1.009338799 126.34526 273787
7.10833 1.007498978 127.2381705 274574
7.125 1.008159738 128.1358614 276044
7.14167 1.00634964 129.0361377 276839
7.15833 1.004733599 129.9391684 277686
7.175 1.007699134 130.8490868 279804
7.19167 1.005116622 131.7608946 280385
7.20833 1.005726472 132.6774893 281857
7.225 1.001958429 133.5948775 282101
7.24167 0.9994906738 134.5142331 282706
7.25833 1.003306251 135.4413513 285093
7.275 1.002315674 136.3718124 286121
7.29167 1.000389111 137.3047451 286881
7.30833 1.004881049 138.2461557 289488
7.325 1.001035606 139.188246 289697
7.34167 0.9991960019 140.1328891 290482
7.35833 0.9988968261 141.0815419 291715
7.375 0.9974277576 142.0330955 292607
7.39167 0.9989615395 142.9904245 294383
7.40833 0.9955697331 143.9488105 294708
7.425 0.9968392307 144.9127411 296413
7.44167 0.9979434182 145.8820765 298075
7.45833 0.9980245539 146.8558379 299436
7.475 0.9966284142 147.8325878 300355
7.49167 0.998079051 148.8151263 302135
7.50833 0.999023551 149.8029752 303768
7.525 0.9943116945 150.7905348 303679
7.54167 0.99619359 151.7843511 305603
7.55833 0.9912176611 152.7775789 305422
7.575 0.9933584861 153.7773463 307433
7.59167 0.9936244385 154.7817869 308870
7.60833 0.9923027087 155.7893006 309815
7.625 0.9908746053 156.7997769 310726
7.64167 0.9936246402 157.8174921 312952
7.65833 0.9901896765 158.8361178 313232
7.675 0.9916128346 159.8606524 315049
7.69167 0.993142861 160.8912292 316907
7.70833 0.9928749326 161.9259978 318196
7.725 0.9890240547 162.9612152 318334
7.74167 0.9880957203 163.9999285 319409
7.75833 0.9936901649 165.0490253 322602
7.775 0.9870238424 166.0955661 321816
7.79167 0.988541092 167.1482141 323694
7.80833 0.9891697471 168.2060425 325287
7.825 0.9909710486 169.2703261 327272
7.84167 0.9861480262 170.3339463 327068
7.85833 0.9910214951 171.4073713 330083
7.875 0.9926190892 172.4870921 332019
7.89167 0.9877848136 173.5661072 331802
7.90833 0.9888847418 174.6508913 333576
7.925 0.9879002612 175.739168 334650
7.94167 0.9884851055 176.832674 336258
7.95833 0.9900751124 177.9325408 338214
7.975 0.9868186503 179.0333865 338515
7.99167 0.9869278647 180.1389606 339969
8.00833 0.9857267072 181.2477996 340973
8.025 0.9857534272 182.361289 342403
8.04167 0.9857657236 183.4794223 343831
8.05833 0.9895697022 184.6065277 346590
8.075 0.9865325307 185.7348266 346957
8.09167 0.987145011 186.8684914 348607
8.10833 0.9859787698 188.0054861 349631
8.125 0.98864738 189.1502498 352020
8.14167 0.9865253847 190.2972477 352707
8.15833 0.9868108567 191.4492796 354255
8.175 0.9878903342 192.6072887 356093
8.19167 0.9832611458 193.7645758 355871
8.20833 0.9869221604 194.9309035 358651
8.225 0.9854314574 196.1002034 359565
8.24167 0.9843732674 197.2729862 360636
8.25833 0.9831579086 198.4490633 361649
8.275 0.9874895137 199.6350948 364710
8.29167 0.9878303724 200.8263196 366307
8.30833 0.9862642921 202.020442 367198
8.325 0.9847242233 203.2174879 368097
8.34167 0.9857598154 204.4205955 369961
8.35833 0.9871322911 205.6301973 371958
8.375 0.9865246947 206.8438803 373213
8.39167 0.9864591306 208.0623178 374675
8.40833 0.9860506651 209.2850934 376009
8.425 0.99009386 210.517755 379049
8.44167 0.9856496086 211.7497435 378842
8.45833 0.9859906571 212.9870295 380471
8.475 0.9876507801 214.2312877 382615
8.49167 0.988614062 215.4816629 384496
8.50833 0.9869447477 216.7348315 385355
8.525 0.9864876007 217.9923318 386687
8.54167 0.9868193516 219.2551784 388331
8.55833 0.9829973115 220.5180477 388338
8.575 0.9860886593 221.7898275 391078
8.59167 0.9866243968 223.0672494 392813
8.60833 0.9843714061 224.3467039 393438
8.625 0.9872327024 225.6348509 396111
8.64167 0.9835847528 226.9232027 396174
8.65833 0.9884305949 228.2229008 399663
8.675 0.9851462192 229.523272 399870
8.69167 0.9886951304 230.8333472 402854
8.70833 0.9888651383 232.1486775 404470
8.725 0.9885784992 233.4686647 405902
8.74167 0.9876584608 234.7924665 407075
8.75833 0.9879274265 236.1216828 408740
8.775 0.9903590914 237.4592469 411307
8.79167 0.9862695171 238.7963526 411166
8.80833 0.9852434026 240.1371362 412297
8.825 0.9907290127 241.490492 416163
8.84167 0.987547683 242.8446023 416395
8.85833 0.9900632973 244.2072848 419031
8.875 0.9909524296 245.5763282 420987
8.89167 0.9890936013 246.9479406 421777
8.90833 0.9893934625 248.3251172 423488
8.925 0.9896516014 249.7078124 425185
8.94167 0.9885095967 251.094075 426282
8.95833 0.9915462352 252.4897847 429187
8.975 0.9924658632 253.8919918 431185
8.99167 0.9920532804 255.2988265 432608
9.00833 0.9946390686 256.7145619 435345
9.025 0.9908800429 258.1301705 435306
9.04167 0.9907728562 259.5508586 436868
9.05833 0.992340863 260.9790458 439174
9.075 0.992132436 262.4121923 440699
9.09167 0.9911652103 263.8492055 441888
9.10833 0.9926522488 265.2936559 444175
9.125 0.9932177935 266.7442233 446056
9.14167 0.9918247278 268.1980524 447059
9.15833 0.9937421034 269.6600082 449558
9.175 0.9925423505 271.1255185 450651
9.19167 0.9918099875 272.5952726 451956
9.20833 0.9950384417 274.0751631 455073
9.225 0.9916074694 275.5552943 455147
9.24167 0.9922172489 277.0416921 457074
9.25833 0.9944427858 278.5368019 459753
9.275 0.9917169284 280.0331865 460145
9.29167 0.9942226424 281.5387482 462967
9.30833 0.9914315542 283.0454741 463325
9.325 0.9945815012 284.5624048 466463
9.34167 0.9948833657 286.0852248 468274
9.35833 0.9912751148 287.6079407 468242
9.375 0.9961473917 289.1435963 472221
9.39167 0.9942019781 290.6817071 472976
9.40833 0.998855706 292.2325072 476878
9.425 0.9966306664 293.7853397 477503
9.44167 0.998275225 295.3462405 479984
9.45833 0.9953156013 296.9080127 480252
9.475 0.9984753413 298.4802694 483476
9.49167 0.9998101752 300.0601715 485827
9.50833 0.9976288977 301.6421678 486471
9.525 0.9969608239 303.2286519 487851
9.54167 0.9964012941 304.8197994 489285
9.55833 0.995553463 306.4151516 490578
9.575 0.9972131308 308.0187412 493111
9.59167 0.998182162 309.6294818 495310
9.60833 0.9979576046 311.2454614 496921
9.625 0.9976745792 312.8665922 498505
9.64167 0.9971861088 314.4925456 499988
9.65833 0.9999645732 316.1286713 503116
9.675 0.9981207835 317.7674213 503923
9.69167 0.9978766842 319.41142 505537
9.70833 0.9991725679 321.0632202 507936
9.725 0.9989128504 322.7202659 509549
9.74167 0.9979398722 324.3813765 510799
9.75833 1.003486318 326.0574398 515397
9.775 0.9995880133 327.7326998 515150
9.79167 0.9989069556 329.4125322 516556
9.80833 0.9990919979 331.0984002 518412
9.825 0.9997041111 332.7910388 520494
9.84167 1.000551366 334.4908644 522704
9.85833 0.999719838 336.1950345 524040
9.875 1.002475938 337.9096859 527263
9.89167 1.000140891 339.6261225 527812
9.90833 0.9988016724 341.3460421 528883
9.925 1.00348123 343.0798379 533150
9.94167 1.000905476 344.8149962 533569
9.95833 1.002086128 346.5580309 535991
9.975 1.001021012 348.3050459 537215
9.99167 1.001404132 350.0585748 539218
10.0083 1.003141459 351.8210107 541957
10.025 1.000613104 353.5848646 542393
10.0417 1.004724483 355.3618597 546434
10.0583 1.002253411 357.1403736 546901
10.075 1.002308331 358.924884 548745
10.0917 1.002756115 360.7161033 550808
10.1083 1.000041863 362.5083796 551133
10.125 1.002271953 364.3105808 554185
10.1417 1.002886682 366.1198291 556352
10.1583 1.004338231 367.9376562 558990
10.175 1.004324331 369.7614279 560818
10.1917 1.0031592 371.5890564 562004
10.2083 1.003318223 373.422958 563933
10.225 1.004655476 375.2653051 566530
10.2417 1.001595114 377.1080326 566647
10.2583 1.005328893 378.9636542 570612
10.275 1.005006384 380.8247131 572284
10.2917 1.002175797 382.6865558 572525
10.3083 1.005763383 384.5611202 576437
10.325 1.005799053 386.4418179 578323
10.3417 1.004636577 388.3264115 579521
10.3583 1.004509706 390.2168456 581317
10.375 1.002897165 392.1103236 582253
10.3917 1.001549047 394.0073365 583340
10.4083 1.009386223 395.9253312 589792
10.425 1.003725239 397.838682 588364
10.4417 1.002860078 399.7565011 589738
10.4583 1.006183927 401.6868241 593583
10.475 1.004503669 403.6200706 594482
10.4917 1.003339358 405.557226 595684
10.5083 1.006578058 407.5068137 599507
10.525 1.006092359 409.4616469 601120
10.5417 1.004730452 411.4200215 602209
10.5583 1.007258893 413.3895374 605635
10.575 1.008783276 415.3682662 608468
10.5917 1.006888537 417.3495087 609241
10.6083 1.007373121 419.3379479 611454
10.625 1.005212114 421.328361 612061
10.6417 1.005386153 423.3253692 614089
10.6583 1.00538282 425.328631 616012
10.675 1.00564306 427.3386828 618100
10.6917 1.002961112 429.3496388 618378
10.7083 1.005439115 431.3718531 621840
10.725 1.00578535 433.4010657 623992
10.7417 1.006352771 435.4377383 626286
10.7583 1.005018424 437.4780272 627398
10.775 1.005139123 439.5248883 629419
10.7917 1.006663204 441.5811996 632325
10.8083 1.00340706 443.6371956 632228
10.825 1.004078996 445.7009182 634604
10.8417 1.005669543 447.7742797 637568
10.8583 1.00575643 449.8542005 639585
10.875 1.007584477 451.9443033 642716
10.8917 1.004107767 454.0335832 642463
10.9083 1.008056499 456.1375037 646965
10.925 1.006948185 458.2455379 648230
10.9417 1.005114075 460.3561574 649025
10.9583 1.008616154 462.4805881 653272
10.975 1.003504813 464.6006871 651940
10.9917 1.00279801 466.7257325 653461
11.0083 1.00701427 468.866189 658200
11.025 1.005149487 471.009156 658972
11.0417 1.005088867 473.1584774 660926
11.0583 1.006129318 475.3165238 663609
11.075 1.004330777 477.4772109 664421
11.0917 1.005068829 479.6459987 666912
11.1083 1.009554258 481.8310171 671903
11.125 1.003952033 484.0104356 670181
11.1417 1.003604727 486.1956329 671958
11.1583 1.00424973 488.3887813 674403
11.175 1.005210078 490.5905897 677066
11.1917 1.004968665 492.7984403 678924
11.2083 1.004905769 495.0127331 680905
11.225 1.005133107 497.2341185 683086
11.2417 1.004210343 499.4600599 684487
11.2583 1.004605117 501.6934842 686788
11.275 1.004847325 503.934066 688989
11.2917 1.002294696 506.1755682 689272
11.3083 1.003093199 508.4254832 691859
11.325 1.005670854 510.6878338 695683
11.3417 1.002518439 512.9497357 695545
11.3583 1.004254878 515.2222195 698799
11.375 1.003585321 517.4998577 700384
11.3917 1.003325423 519.7835837 702256
11.4083 1.006575688 522.0814167 706594
11.425 1.004055822 524.3801993 706886
11.4417 1.004588478 526.6869168 709326
11.4583 1.004368177 528.999852 711238
11.475 1.004333595 531.3194409 713284
11.4917 1.001964414 533.6402849 713670
11.5083 1.00238073 535.968833 716039
11.525 1.002999826 538.3055728 718558
11.5417 1.00268004 540.6483287 720408
11.5583 1.002738185 542.9979919 722532
11.575 1.004091244 545.3576159 725595
11.5917 1.00273755 547.7208496 726705
11.6083 1.003700342 550.0931596 729496
11.625 1.001100172 552.4661233 729697
11.6417 1.001933538 554.847877 732400
11.6583 1.002943568 557.2388632 735239
11.675 1.004553127 559.6405386 738526
11.6917 1.004934159 562.0499895 740917
11.7083 1.004946488 564.4663444 743040
11.725 1.000687597 566.879314 741999
11.7417 1.001185246 569.3003517 744480
11.7583 1.002484679 571.7314186 747564
11.775 1.000357518 574.164209 748094
11.7917 1.001983977 576.6078578 751433
11.8083 1.002448439 579.0595552 753908
11.825 1.000721182 581.5139421 754735
11.8417 1.00090363 583.9757012 757002
11.8583 0.9999498431 586.4420423 758411
11.875 1.002147681 588.9207573 762216
11.8917 1.002323297 591.4068705 764491
11.9083 1.00304051 593.9017413 767184
11.925 1.003060101 596.4036494 769348
11.9417 1.001776833 598.909346 770513
11.9583 1.000232327 601.4181679 771474
11.975 1.000350049 603.9342839 773717
11.9917 0.9997193131 606.4558177 775383
12.0083 1.00257131 608.991579 779758
12.025 1.002114861 611.5332263 781568
12.0417 1.000208399 614.0770753 782245
12.0583 1.000347536 616.6283258 784521
12.075 1.001350589 619.1891989 787480
12.0917 1.000245633 621.7543125 788784
12.1083 0.9992276897 624.3238847 790155
12.125 0.9987538427 626.8993137 791956
12.1417 1.001304767 629.4884237 796163
12.1583 1.000667299 632.0829939 797842
12.175 1.001845708 634.687746 800973
12.1917 1.000128774 637.2951583 801791
12.2083 1.002283717 639.9153378 805717
12.225 0.999245038 642.5347109 805469
12.2417 0.9995410612 645.162009 807906
12.2583 1.001846638 647.8025427 811976
12.275 0.9988842877 650.4424325 811778
12.2917 0.9981493236 653.0875483 813385
12.3083 1.001237931 655.7480492 818116
12.325 0.9998671399 658.4121078 819210
12.3417 1.000261431 661.0844297 821751
12.3583 1.001298209 663.7667514 824826
12.375 0.999228849 666.4507544 825343
12.3917 0.998090675 669.1389264 826625
12.4083 0.9997487208 671.8388121 830227
12.425 1.00022335 674.5472408 832854
12.4417 0.9994162524 677.260749 834416
12.4583 1.000015865 679.9831645 837155
12.475 0.9997056644 682.7120221 839136
12.4917 0.9994090037 685.4473642 841130
12.5083 0.9998770747 688.1912948 843771
12.525 0.9988168831 690.9396253 845124
12.5417 0.9997449339 693.6978353 848162
12.5583 0.9999262706 696.4638826 850572
12.575 0.9993937847 699.2357998 852377
12.5917 0.9982560447 702.0119055 853665
12.6083 0.9997158131 704.7994355 857178
12.625 0.9980179157 707.589593 857986
12.6417 0.9976410955 710.3860659 859928
12.6583 1.000083788 713.1967825 864308
12.675 1.000896828 716.0171965 867290
12.6917 0.9985667679 718.8384495 867548
12.7083 0.9985380451 721.6670358 869803
12.725 0.9989663366 724.5042625 872460
12.7417 0.9967966177 727.3427478 872847
12.7583 0.9997422048 730.1970735 877718
12.775 0.9975533846 733.052596 878086
12.7917 0.9986506163 735.9187231 881347
12.8083 1.001949334 738.8018159 886564
12.825 0.9997312493 741.6860176 886905
12.8417 0.9980598315 744.5728859 887725
12.8583 0.9994730152 747.4713508 891291
12.875 0.9970246305 750.3702157 891414
12.8917 0.9979211579 753.279204 894527
12.9083 0.9995163024 756.2003808 898275
12.925 0.997530665 759.1232876 898807
12.9417 0.9973629565 762.0532447 900975
12.9583 0.9975240508 764.9912278 903443
12.975 0.9988241775 767.9406123 906949
12.9917 0.998887354 770.8977657 909338
13.0083 0.9981613363 773.8603565 911010
13.025 0.9988685037 776.832648 913993
13.0417 0.9984471153 779.8112938 915947
13.0583 0.998915113 782.7989574 918720
13.075 0.9978233643 785.7909787 920060
13.0917 0.99938641 788.7953315 923852
13.1083 0.998227809 791.8038468 925132
13.125 0.9984129019 794.8205766 927658
13.1417 0.9977779515 797.8430495 929424
13.1583 0.9976473718 800.872797 931661
13.175 0.9990341924 803.9144468 935321
13.1917 0.9974105961 806.9588413 936165
13.2083 0.9995764065 810.0175607 940570
13.225 0.9983370129 813.0802021 941776
13.2417 0.9985863225 816.1513344 944387
13.2583 1.000052606 819.2347234 948156
13.275 0.9995399274 822.3242847 950054
13.2917 0.9989563603 825.4198004 951885
13.3083 0.9999627047 828.5262102 955235
13.325 0.9978898798 831.6339501 955644
13.3417 0.9967929725 834.7460444 956983
13.3583 0.9959436339 837.8632605 958558
13.375 0.9983342247 840.995761 963258
13.3917 0.9980973332 844.1353281 965431
13.4083 0.9978729715 847.2820073 967618
13.425 0.9962743495 850.4314604 968471
13.4417 0.9960556361 853.5880451 970664
13.4583 0.9972321897 856.7562003 974222
13.475 0.9984601226 859.936118 977839
13.4917 0.9979799778 863.1223738 979788
13.5083 0.9973091589 866.3143596 981550
13.525 0.9975122962 869.5148786 984174
13.5417 0.9963555819 872.71957 985457
13.5583 0.9993740128 875.941887 990877
13.575 0.9983109869 879.1686951 992258
13.5917 0.9959825763 882.3958869 992376
13.6083 0.9994483749 885.6422556 998273
13.625 0.9981992176 888.8925138 999469
13.6417 0.9994508781 892.154814 1003172
13.6583 0.9980388584 895.4204703 1004204
13.675 0.9987117808 898.6963085 1007335
13.6917 0.9999323261 901.9841498 1011026
13.7083 0.997589181 905.2722773 1011114
13.725 0.9998921491 908.5760143 1015914
13.7417 0.9992178137 911.8855464 1017696
13.7583 0.9981363516 915.1995207 1019062
13.775 0.9990358162 918.5245224 1022453
13.7917 0.9997788855 921.8600541 1025691
13.8083 0.9996967101 925.2033775 1028087
13.825 0.9974963626 928.5474001 1028302
13.8417 0.9978429724 931.9006551 1031141
13.8583 0.9983481797 935.2636921 1034149
13.875 0.9994894818 938.6386768 1037823
13.8917 0.9987403189 942.0192387 1039538
13.9083 0.9973660045 945.4032543 1040600
13.925 0.9981372025 948.7980078 1043902
13.9417 0.9980300223 952.2005271 1046290
13.9583 0.999086216 955.6147959 1049903
13.975 0.9985567483 959.0354092 1051854
13.9917 0.9988187171 962.4650859 1054641
14.0083 0.9993477756 965.9047591 1057715
14.025 0.9970334111 969.3446372 1057778
14.0417 0.998887264 972.799107 1062265
14.0583 1.000358037 976.2668806 1066356
14.075 0.9986856921 979.7370705 1067099
14.0917 0.998010953 983.2131335 1068905
14.1083 0.9998981591 986.7040125 1073461
14.125 0.9988697016 990.199545 1074892
14.1417 0.9975141966 993.6985768 1075968
14.1583 0.9993707942 997.2123888 1080513
14.175 0.9993972055 1000.734571 1083087
14.1917 0.9965531785 1004.254995 1082546
14.2083 0.999429467 1007.793876 1088222
14.225 0.9989617092 1011.339405 1090266
14.2417 0.9994056856 1014.894826 1093308
14.2583 0.998994896 1018.457109 1095418
14.275 0.997938217 1022.023948 1096819
14.2917 0.9989842268 1025.602868 1100534
14.3083 1.000119559 1029.194217 1104356
14.325 0.9988968825 1032.789536 1105577
14.3417 0.9986714391 1036.392414 1107901
14.3583 0.9989497662 1040.004676 1110787
14.375 1.000019067 1043.629205 1114559
14.3917 0.9979906588 1047.254775 1114879
14.4083 0.9965583916 1050.883532 1115859
14.425 0.9990265222 1054.529696 1121212
14.4417 0.9996573372 1058.186599 1124514
14.4583 0.9993114128 1061.850679 1126721
14.475 1.000599686 1065.527945 1130776
14.4917 1.00143179 1069.21675 1134324
14.5083 0.9986363923 1072.903723 1133761
14.525 0.9970463442 1076.593289 1134558
14.5417 1.000730429 1080.304991 1141365
14.5583 1.00111025 1084.026617 1144417
14.575 1.000008977 1087.752667 1145777
14.5917 0.9989597554 1091.483325 1147194
14.6083 1.000743265 1095.229185 1151869
14.625 1.001068464 1098.984818 1154874
14.6417 1.000401068 1102.746506 1156736
14.6583 0.9994286577 1106.513098 1158244
14.675 1.000518272 1110.292376 1162145
14.6917 1.000732811 1114.081056 1165036
14.7083 1.000308752 1117.876727 1167186
14.725 1.000991386 1121.683601 1170631
14.7417 0.9979998123 1125.487695 1169776
14.7583 0.9998116094 1129.307317 1174551
14.775 0.9993076704 1133.133642 1176612
14.7917 1.00080925 1136.974366 1181040
14.8083 1.00081348 1140.823767 1183708
14.825 0.9997741701 1144.677831 1185142
14.8417 0.9999069602 1148.541078 1187966
14.8583 0.9997788176 1152.412511 1190483
14.875 0.9997224761 1156.292415 1193088
14.8917 0.9995117202 1160.180199 1195511
14.9083 1.001388208 1164.084005 1200438
14.925 1.000789316 1167.994205 1202404
14.9417 0.9997911474 1171.909234 1203889
14.9583 1.00045632 1175.835612 1207379
14.975 1.00023058 1179.769857 1209798
14.9917 0.9985671539 1183.706307 1210476
15.0083 1.001153406 1187.661732 1216311
15.025 1.000760084 1191.624389 1218535
15.0417 1.000211987 1195.593668 1220571
15.0583 0.9998208526 1199.570192 1222799
15.075 1.002100886 1203.564611 1228302
15.0917 1.000746743 1207.562458 1229356
15.1083 1.001221251 1211.57104 1232657
15.125 0.9996569905 1215.582195 1233448
15.1417 1.000951807 1219.607401 1237769
15.1583 0.9994821555 1223.63555 1238674
15.175 1.000100207 1227.675058 1242167
15.1917 1.000829628 1231.726397 1245805
15.2083 1.0011767 1235.788039 1248973
15.225 1.001479862 1239.85982 1252091
15.2417 0.9999317079 1243.934212 1252894
15.2583 1.001876756 1248.025463 1258078
15.275 1.002858192 1252.129673 1262063
15.2917 0.9993158943 1256.228315 1260351
15.3083 0.9997464 1260.337667 1263644
15.325 1.002633359 1264.467863 1270054
15.3417 0.9995053023 1268.594134 1268847
15.3583 1.001327795 1272.736916 1273924
15.375 0.9998835627 1276.882706 1274849
15.3917 1.00040917 1281.039673 1278286
15.4083 1.000350718 1285.205403 1280981
15.425 1.003150769 1289.391837 1287347
15.4417 1.001344151 1293.579765 1287807
15.4583 1.001423726 1297.777073 1290691
15.475 1.000728746 1301.980517 1292578
15.4917 1.00070269 1306.192911 1295330
15.5083 0.9998727124 1310.410872 1297042
15.525 1.001050918 1314.642885 1301363
15.5417 1.000441746 1318.881408 1303365
15.5583 1.00164127 1323.13412 1307728
15.575 1.001333046 1327.394637 1310128
15.5917 1.000073566 1331.658906 1311282
15.6083 1.001146725 1335.936882 1315497
15.625 1.000901516 1340.22295 1317985
15.6417 0.9994736681 1344.512038 1318914
15.6583 1.000570759 1348.81499 1323177
15.675 1.001491901 1353.131076 1327216
15.6917 0.9999032188 1357.449484 1327930
15.7083 1.00248919 1361.788263 1334194
15.725 1.00102059 1366.129884 1335068
15.7417 1.000288449 1370.477531 1336921
15.7583 1.001817933 1374.841051 1341802
15.775 1.000772046 1379.209241 1343238
15.7917 1.003227122 1383.597404 1349380
15.8083 1.000695148 1387.983737 1348817
15.825 1.00127513 1392.381871 1352446
15.8417 1.001961275 1396.792294 1356225
15.8583 1.002216204 1401.213127 1359426
15.875 1.001267212 1405.639062 1360995
15.8917 1.001455717 1410.075131 1364111
15.9083 1.002398018 1414.524692 1368260
15.925 1.001015212 1418.97743 1369237
15.9417 1.00038524 1423.436685 1371241
15.9583 0.9997564426 1427.90246 1373246
15.975 1.00223245 1432.388651 1379524
15.9917 1.00218097 1436.883977 1382333
16.0083 1.002048672 1441.388084 1385033
16.025 1.000576207 1445.894941 1385879
16.0417 1.000679061 1450.411643 1388906
16.0583 1.001658651 1454.942165 1393156
16.075 0.9995884153 1459.472713 1393164
16.0917 1.001088899 1464.019476 1398150
16.1083 1.001180559 1468.576079 1401176
16.125 1.000612268 1473.139525 1403280
16.1417 1.000440537 1477.711624 1405941
16.1583 1.00235086 1482.301918 1411536
16.175 1.000708642 1486.89415 1412132
16.1917 1.000805802 1491.496297 1415181
16.2083 1.000468534 1496.106369 1417618
16.225 1.001155282 1500.729098 1421510
16.2417 0.9983235807 1505.348227 1420403
16.2583 1.002074248 1509.994231 1428667
16.275 1.002024131 1514.649532 1431526
16.2917 1.000031585 1519.305096 1431607
16.3083 1.00047382 1523.972254 1435172
16.325 1.000731286 1528.65016 1438477
16.3417 1.001390381 1533.340709 1442365
16.3583 1.00113915 1538.039651 1444946
16.375 1.001279609 1542.748835 1448095
16.3917 0.9997150965 1547.460236 1448777
16.4083 1.000683556 1552.185796 1453131
16.425 0.9994420397 1556.915086 1454278
16.4417 1.001346064 1561.663007 1460007
16.4583 1.000789957 1566.417916 1462156
16.475 0.9993125777 1571.175427 1462956
16.4917 1.000735657 1575.949357 1468005
16.5083 0.9999256219 1580.729069 1469783
16.525 1.000509344 1585.521233 1473612
16.5417 0.9996217182 1590.318808 1475276
16.5583 0.9998513991 1595.127161 1478590
16.575 1.001179507 1599.951597 1483536
16.5917 1.001395715 1604.786785 1486842
16.6083 1.000567873 1609.627687 1488599
16.625 1.001449881 1614.482585 1492903
16.6417 1.000326661 1619.341766 1494220
16.6583 1.000229497 1624.210212 1497069
16.675 1.001008219 1629.092202 1501234
16.6917 1.000546745 1633.981701 1503543
16.7083 0.9999476434 1638.878036 1505645
16.725 1.001587249 1643.792188 1511124
16.7417 0.999705172 1648.706887 1511292
16.7583 1.002274217 1653.644031 1518194
16.775 0.9997163218 1658.578375 1517333
16.7917 1.000420851 1663.526013 1521421
16.8083 1.001534061 1668.488994 1526139
16.825 1.00069634 1673.457663 1527888
16.8417 1.000370479 1678.434559 1530418
16.8583 1.000595853 1683.422434 1533794
16.875 1.001668042 1688.425532 1538475
16.8917 0.9996676737 1693.428506 1538437
16.9083 1.000796486 1698.447018 1543215
16.925 1.000149368 1703.472177 1545259
16.9417 0.9995719759 1708.504331 1547410
16.9583 1.000685957 1713.55201 1552184
16.975 1.000840718 1718.610398 1555477
16.9917 1.000850385 1723.678772 1558548
17.0083 1.001516949 1728.760477 1562647
17.025 1.000458949 1733.846766 1564057
17.0417 1.001350308 1738.94756 1568517
17.0583 1.000117084 1744.052042 1569651
17.075 0.999815838 1749.164962 1572246
17.0917 0.998983275 1754.283602 1574005
17.1083 1.000490084 1759.419966 1579455
17.125 1.000670353 1764.56727 1582819
17.1417 1.000569767 1769.724079 1585742
17.1583 1.001891557 1774.897746 1590926
17.175 1.00013407 1780.072376 1591222
17.1917 1.000578992 1785.25936 1595021
17.2083 1.000540723 1790.456208 1598054
17.225 1.001173733 1795.666421 1602164
17.2417 1.000258193 1800.881948 1603798
17.2583 0.9991905686 1806.101985 1605185
17.275 1.001618637 1811.344819 1612195
17.2917 0.9988156651 1816.583074 1610787
17.3083 1.000246759 1821.838952 1616206
17.325 1.00155808 1827.11186 1621443
17.3417 1.001054294 1832.392261 1623747
17.3583 0.9997285199 1837.67581 1624715
17.375 1.000605858 1842.974155 1629265
17.3917 0.9996409298 1848.27755 1630818
17.4083 0.999867804 1853.592321 1634316
17.425 0.9996962959 1858.916361 1637166
17.4417 0.9989232992 1864.246465 1639031
17.4583 1.000364414 1869.594464 1644534
17.475 1.000217231 1874.951892 1647433
17.4917 0.9984605215 1880.310116 1647678
17.5083 1.000355188 1885.688743 1653952
17.525 1.000246294 1891.077028 1656922
17.5417 0.9995732446 1896.471935 1658958
17.5583 0.9997224419 1901.877904 1662360
17.575 1.000661602 1907.29923 1667082
17.5917 0.9992049592 1912.722936 1667814
17.6083 0.9998341914 1918.160346 1672028
17.625 1.00011249 1923.60957 1675661
17.6417 0.9986591746 1929.061171 1676392
17.6583 1.000494107 1934.533114 1682647
17.675 0.9996408073 1940.010715 1684387
17.6917 1.001057673 1945.50643 1689957
17.7083 1.000524022 1951.009569 1692240
17.725 0.9994258524 1956.51702 1693566
17.7417 1.000714405 1962.041947 1698940
17.7583 1.000393111 1967.575483 1701587
17.775 1.000480859 1973.119896 1704932
17.7917 0.9986975005 1978.66481 1705086
17.8083 0.9993838241 1984.223935 1709456
17.825 1.000271821 1989.798419 1714179
17.8417 0.9997114751 1995.380204 1716424
17.8583 1.000811237 2000.978574 1721524
17.875 1.000958743 2006.588226 1724993
17.8917 1.000989863 2012.208517 1728265
17.9083 0.9997241667 2017.832165 1729297
17.925 1.000178126 2023.468844 1733304
17.9417 0.9997428403 2029.113551 1735773
17.9583 1.001270715 2034.777394 1741657
17.975 0.9992546939 2040.440329 1741378
17.9917 1.000954234 2046.123419 1747576
18.0083 1.001103878 2051.817895 1751077
18.025 1.000181858 2057.517662 1752704
18.0417 0.9990627457 2063.221585 1753982
18.0583 1.000540334 2068.944503 1759823
18.075 0.9983016097 2074.665161 1759128
18.0917 0.9976594659 2080.392687 1761240
18.1083 0.9992915099 2086.140157 1767373
18.125 0.9992921704 2091.898216 1770629
18.1417 0.9997570195 2097.669553 1774712
18.1583 1.000226351 2103.454213 1778809
18.175 1.000613703 2109.251741 1782766
18.1917 0.9998584239 2115.055523 1784689
18.2083 0.997786157 2120.857893 1784255
18.225 1.000377373 2126.685987 1792165
18.2417 0.9998239031 2132.521514 1794451
18.2583 1.000285219 2138.370408 1798561
18.275 0.9984437812 2144.219197 1798529
18.2917 0.9998374344 2150.086838 1804326
18.3083 0.9991307822 2155.961022 1806338
18.325 1.001244167 2161.858353 1813456
18.3417 0.9990539244 2167.753493 1812782
18.3583 0.9997547909 2173.663494 1817352
18.375 0.9999374968 2179.585313 1820986
18.3917 0.9993620358 2185.514466 1823241
18.4083 1.00136401 2191.466268 1830206
18.425 0.999268139 2197.416373 1829684
18.4417 0.9988436565 2203.374715 1832217
18.4583 0.9991134402 2209.345444 1836026
18.475 0.9994018095 2215.328686 1839874
18.4917 0.9982707174 2221.315945 1841109
18.5083 0.9988096235 2227.317239 1845425
18.525 0.999138595 2233.331327 1849359
18.5417 1.000153984 2239.362364 1854571
18.5583 0.9989133874 2245.396754 1855602
18.575 0.999755204 2251.447081 1860503
18.5917 0.9987429096 2257.502134 1861956
18.6083 0.9993464346 2263.571714 1866423
18.625 1.000549624 2269.659491 1872019
18.6417 0.9983723956 2275.744898 1871290
18.6583 0.9999229327 2281.850659 1877549
18.675 0.9994754372 2287.964596 1880063
18.6917 0.9988756445 2294.085774 1882290
18.7083 1.000209899 2300.226065 1888167
18.725 0.9991916141 2306.371038 1889607
18.7417 1.000400752 2312.534405 1895263
18.7583 0.9995448721 2318.703456 1897011
18.775 1.00015791 2324.887265 1901549
18.7917 1.000015347 2331.081174 1904655
18.8083 0.9999513832 2337.285679 1907913
18.825 0.998995626 2343.495243 1909469
18.8417 0.9998539078 2349.721152 1914495
18.8583 1.001092339 2355.965805 1920259
18.875 0.9990462457 2362.208716 1919723
18.8917 0.9995253562 2368.465655 1924037
18.9083 0.9991528315 2374.731303 1926715
18.925 0.9999411917 2381.012954 1931636
18.9417 0.9984928503 2387.29656 1932237
18.9583 0.9991165993 2393.59516 1936848
18.975 1.000283999 2399.912213 1942522
18.9917 0.9975102932 2406.22282 1940540
19.0083 1.000513966 2412.563543 1949801
19.025 1.000179627 2418.913268 1952569
19.0417 0.9998387891 2425.271955 1955325
19.0583 0.9997028129 2431.640913 1958483
19.075 1.000692413 2438.02733 1963852
19.0917 1.000610362 2444.424387 1967124
19.1083 1.000249319 2450.830307 1969849
19.125 1.000509467 2457.249074 1973800
19.1417 1.000022342 2463.675904 1976279
19.1583 1.00072448 2470.11845 1981112
19.175 0.9999961286 2476.567514 1983116
19.1917 0.9997767072 2483.026375 1986129
19.2083 0.999923371 2489.497409 1989872
19.225 0.999208722 2495.975044 1991902
19.2417 0.9999217323 2502.468546 1996781
19.2583 0.9992925452 2508.969209 1998983
19.275 1.001187166 2515.493474 2006241
19.2917 0.999948702 2522.020943 2007226
19.3083 0.9998478928 2528.559036 2010493
19.325 0.9994669347 2535.105925 2013198
19.3417 1.000532962 2541.671107 2018823
19.3583 1.000123939 2548.24492 2021477
19.375 0.9994204788 2554.825425 2023535
19.3917 0.999371742 2561.416935 2026919
19.4083 1.000063449 2568.024351 2031810
19.425 0.9997194574 2574.640843 2034601
19.4417 0.9988066661 2581.262642 2036233
19.4583 1.000466828 2587.906824 2043116
19.475 0.9998413661 2594.558232 2045338
19.4917 1.000193075 2601.223374 2049561
19.5083 0.9997300105 2607.896828 2052117
19.525 1.000412396 2614.586252 2057028
19.5417 0.9998616911 2621.283412 2059407
19.5583 1.000395644 2627.995584 2064023
19.575 1.000042321 2634.716825 2066812
19.5917 0.9977962234 2641.434395 2065683
19.6083 1.000272847 2648.180101 2074335
19.625 1.000257067 2654.937173 2077830
19.6417 1.000545547 2661.707679 2081961
19.6583 1.000234786 2668.487573 2084848
19.675 1.00130398 2675.286228 2090617
19.6917 1.000316897 2682.089693 2092096
19.7083 1.000008577 2688.902579 2094993
19.725 1.000526644 2695.730528 2099625
19.7417 0.9998979007 2702.565722 2101853
19.7583 1.002481262 2709.430151 2110843
19.775 0.9995760449 2716.28624 2108278
19.7917 0.9998423952 2723.15572 2112396
19.8083 0.9997903147 2730.036416 2115845
19.825 1.000279959 2736.932071 2120445
19.8417 1.000773611 2743.842734 2125060
19.8583 1.001014079 2750.766675 2129143
19.875 0.9998428428 2757.694128 2130223
19.8917 0.9997912064 2764.632846 2133687
19.9083 1.001011666 2771.591681 2139873
19.925 0.999912154 2778.554515 2141103
19.9417 0.9989505897 2785.522296 2142624
19.9583 1.000487046 2792.512464 2149508
19.975 1.000756793 2799.516199 2153680
19.9917 0.9996371932 2806.523778 2154862
20.0083 1.001836379 2813.558488 2163205
20.025 0.9998836944 2820.591188 2162587
20.0417 1.000185429 2827.637726 2166842
20.0583 0.9995299618 2834.691362 2169025
20.075 0.9990772557 2841.753526 2171647
20.0917 1.00004251 2848.834254 2177356
20.1083 0.99937174 2855.921978 2179507
20.125 1.000665203 2863.030645 2185947
20.1417 0.9996382381 2870.143783 2187322
20.1583 0.9999414711 2877.270859 2191608
20.175 0.9996592907 2884.407711 2194614
20.1917 0.9994144237 2891.554608 2197703
20.2083 1.000649058 2898.722152 2204052
20.225 1.000576062 2905.901 2207528
20.2417 1.000146276 2913.088595 2210218
20.2583 1.000498105 2920.290565 2214638
20.275 1.000475331 2927.504225 2218233
20.2917 1.000076196 2934.726867 2220995
20.3083 1.000080264 2941.961409 2224654
20.325 0.9997544476 2949.205469 2227581
20.3417 1.000862634 2956.469457 2233709
20.3583 1.001274268 2963.748345 2238291
20.375 0.9990870877 2971.023231 2237060
20.3917 0.9983329714 2978.304522 2239030
20.4083 1.000762359 2985.615469 2248149
20.425 1.00054306 2992.936757 2251329
20.4417 1.000340006 3000.26851 2254547
20.4583 1.000043261 3007.610045 2257555
20.475 1.001075133 3014.971134 2263568
20.4917 1.000694268 3022.341406 2266392
20.5083 1.000898725 3029.725181 2270544
20.525 1.000037029 3037.114595 2272278
20.5417 1.00114132 3044.524187 2278483
20.5583 1.000740003 3051.942833 2281267
20.575 1.000093848 3059.368715 2283492
20.5917 1.000309434 3066.808235 2287686
20.6083 0.9987903434 3074.248487 2287911
20.625 1.000251682 3081.711682 2294966
20.6417 1.000773621 3089.190844 2299876
20.6583 1.00038242 3096.679161 2302691
20.675 0.999964722 3104.176433 2305445
20.6917 1.000159392 3111.68726 2309613
20.7083 1.001069401 3119.217036 2315440
20.725 1.000115642 3126.751752 2316959
20.7417 0.9997588051 3134.295898 2319859
20.7583 1.000285159 3141.856152 2324812
20.775 1.000857079 3149.43288 2329878
20.7917 0.9999239198 3157.014694 2331442
20.8083 1.001064952 3164.617334 2337846
20.825 1.000196436 3172.225551 2339561
20.8417 0.9998898456 3179.843615 2342589
20.8583 0.9998122261 3187.473276 2346155
20.875 1.001015943 3195.124335 2352735
20.8917 1.00004132 3202.780154 2354199
20.9083 1.000731905 3210.453489 2359585
20.925 1.000700023 3218.138817 2363273
20.9417 1.000256893 3225.832985 2365991
20.9583 0.9998535838 3233.536296 2368803
20.975 1.00132857 3241.263247 2376072
20.9917 1.000903383 3248.999195 2378839
21.0083 1.00011281 3256.741313 2380736
21.025 1.000028529 3264.495066 2384314
21.0417 1.000623739 3272.265739 2389517
21.0583 1.001445345 3280.055118 2395269
21.075 1.000885576 3287.85247 2397721
21.0917 1.000867296 3295.662018 2401471
21.1083 0.9999856354 3303.477022 2403149
21.125 0.9998321471 3311.303171 2406576
21.1417 1.00113386 3319.151879 2413513
21.1583 1.001260258 3327.013959 2417625
21.175 1.000798263 3334.884797 2420318
21.1917 1.000234096 3342.763586 2422763
21.2083 0.9999763177 3350.652738 2425950
21.225 1.000826427 3358.561013 2431830
21.2417 1.001512795 3366.487144 2437321
21.2583 1.000254005 3374.41574 2438079
21.275 1.000582752 3382.359383 2442706
21.2917 1.001953777 3390.326379 2449887
21.3083 1.001010128 3398.298337 2451413
21.325 1.001522884 3406.286861 2456507
21.3417 0.9998485046 3414.2745 2456235
21.3583 1.000338714 3422.278542 2461279
21.375 1.000030412 3430.29261 2464362
21.3917 1.001692172 3438.332519 2472308
21.4083 1.001224956 3446.381204 2475007
21.425 0.9996904598 3454.430072 2475063
21.4417 1.000641292 3462.499134 2481273
21.4583 1.001922569 3470.591094 2488314
21.475 1.000446391 3478.683688 2488509
21.4917 1.000194653 3486.786808 2491746
21.5083 0.9985878536 3494.889463 2491603
21.525 1.000458226 3503.019881 2500140
21.5417 1.000362263 3511.162113 2503773
21.5583 1.0014893 3519.326137 2510474
21.575 1.00083242 3527.497425 2512708
21.5917 0.9991837297 3535.667862 2512446
21.6083 1.000845422 3543.864526 2520511
21.625 0.9998654798 3552.065801 2521929
21.6417 1.001371774 3560.292097 2529623
21.6583 1.000220522 3568.521596 2530608
21.675 0.9994938929 3576.757778 2532663
21.6917 0.9984905199 3584.99835 2534013
21.7083 1.000207653 3593.265783 2542273
21.725 1.001247789 3601.554527 2548826
21.7417 0.9995658328 3609.842048 2548450
21.7583 1.000945265 3618.153734 2555881
21.775 1.000095545 3626.471092 2557625
21.7917 0.9996279185 3634.797292 2560344
21.8083 1.000559265 3643.144003 2566651
21.825 0.9996688729 3651.496037 2568288
21.8417 0.9998942675 3659.862717 2572792
21.8583 1.00072705 3668.249151 2578866
21.875 0.9998745661 3676.641223 2580600
21.8917 1.000013513 3685.047256 2584893
21.9083 1.001896094 3693.481943 2593704
21.925 0.9998774548 3701.912447 2592418
21.9417 1.001490346 3710.369393 2600549
21.9583 0.9998721958 3718.825507 2600293
21.975 1.000806394 3727.302374 2606675
21.9917 1.000134175 3735.786403 2608877
22.0083 0.9993617911 3744.276734 2610815
22.025 1.000966345 3752.793582 2618969
22.0417 1.0010098 3761.323694 2623048
22.0583 1.001075987 3769.867277 2627190
22.075 0.9998837623 3778.413584 2628028
22.0917 1.000099228 3786.974646 2632565
22.1083 1.000972928 3795.55612 2638842
22.125 0.9991575144 3804.134951 2638029
22.1417 0.9998991555 3812.733088 2643966
22.1583 1.000562668 3821.349889 2649705
22.175 0.9994520748 3829.970078 2650747
22.1917 1.000746379 3838.614411 2658171
22.2083 1.000631632 3847.270739 2661860
22.225 0.9996118844 3855.93123 2663140
22.2417 0.9997566622 3864.605972 2667522
22.2583 0.9999264557 3873.295194 2671975
22.275 1.000527703 3882.002667 2677587
22.2917 0.9982344385 3890.703186 2675449
22.3083 1.00046857 3899.436223 2685448
22.325 1.000205151 3908.18001 2688754
22.3417 0.9993991014 3916.929801 2690600
22.3583 1.000820409 3925.705113 2698448
22.375 1.000327667 3934.489186 2701142
22.3917 0.9991722595 3943.276189 2702043
22.4083 0.999798521 3952.081794 2707763
22.425 0.9988091872 3960.891776 2709109
22.4417 1.000202069 3969.727162 2716921
22.4583 1.000925847 3978.582079 2722927
22.475 1.000318403 3987.444763 2725315
22.4917 1.000843421 3996.325254 2730791
22.5083 1.001265515 4005.222662 2735993
22.525 1.001585139 4014.136096 2740921
22.5417 0.9988297119 4023.038167 2737427
22.5583 1.000153925 4031.965227 2745111
22.575 1.000674594 4040.910136 2750600
22.5917 1.000402172 4049.86582 2753913
22.6083 1.000964834 4058.839767 2759529
22.625 1.000819557 4067.825645 2763198
22.6417 1.000229862 4076.819464 2765640
22.6583 1.00089286 4085.8325 2771549
22.675 1.000259355 4094.853087 2773871
22.6917 0.9993623386 4103.878838 2775459
22.7083 1.000187288 4112.925313 2781832
22.725 1.00011695 4121.984436 2785721
22.7417 1.000654816 4131.061731 2791309
22.7583 1.000595814 4140.151799 2795237
22.775 1.000528406 4149.254574 2799144
22.7917 1.000265961 4158.368284 2802507
22.8083 1.00049433 4167.497412 2807248
22.825 1.000278967 4176.637919 2810747
22.8417 0.9996239448 4185.785785 2813010
22.8583 0.999616641 4194.946939 2817096
22.875 1.00037824 4204.128447 2823355
22.8917 0.9999675847 4213.319564 2826310
22.9083 0.999279024 4222.517732 2828478
22.925 1.000180323 4231.737597 2835150
22.9417 1.000326565 4240.972223 2839689
22.9583 1.000367912 4250.220654 2843934
22.975 0.9988510184 4259.468473 2843746
22.9917 0.9993075529 4268.733947 2849175
23.0083 0.9993480978 4278.013236 2853423
23.025 1.0006129 4287.317734 2861175
23.0417 1.000707319 4296.636586 2865589
23.0583 1.00041614 4305.966209 2868901
23.075 1.000881411 4315.313669 2874386
23.0917 0.9991979174 4324.658891 2873698
23.1083 0.9993629279 4334.019154 2878323
23.125 1.000814079 4343.406536 2886662
23.1417 1.000697252 4352.806356 2890487
23.1583 0.9999899499 4362.213067 2892606
23.175 0.9994845582 4371.628562 2895307
23.1917 0.9993542884 4381.056375 2899095
23.2083 1.001053567 4390.513797 2908200
23.225 0.9994585347 4399.969718 2907738
23.2417 0.9989056636 4409.433976 2910302
23.2583 0.9996968878 4418.91932 2916786
23.275 1.000036819 4428.421493 2921961
23.2917 1.000360058 4437.940355 2927093
23.3083 1.000765644 4447.47671 2932472
23.325 0.9994491188 4457.014145 2932804
23.3417 0.9993335153 4466.564109 2936657
23.3583 0.9988515876 4476.123104 2939434
23.375 1.00110431 4485.717334 2950269
23.3917 0.9998429137 4495.313145 2950755
23.4083 1.00089036 4504.932702 2958057
23.425 0.9994875673 4514.55246 2958119
23.4417 1.000705293 4524.197649 2965939
23.4583 0.9999394831 4533.849166 2967885
23.475 1.000726171 4543.522007 2974442
23.4917 0.9998123277 4553.199742 2975947
23.5083 0.9990876072 4562.884189 2978011
23.525 0.9997813761 4572.589107 2984306
23.5417 1.000450769 4582.314288 2990537
23.5583 1.00052664 4592.053983 2995000
23.575 0.9997953338 4601.800335 2997047
23.5917 0.9998086241 4611.560602 3001326
23.6083 1.000645858 4621.342849 3008085
23.625 0.9994444492 4631.127151 3008717
23.6417 1.000610227 4640.936692 3016478
23.6583 1.000165841 4650.755706 3019391
23.675 0.9993962259 4660.580993 3021320
23.6917 0.999386191 4670.42002 3025545
23.7083 1.000051063 4680.27945 3031819
23.725 1.001578055 4690.167822 3040719
23.7417 0.9992566013 4700.047141 3037935
23.7583 1.000783713 4709.955454 3046851
23.775 1.000162708 4719.871517 3049234
23.7917 0.9997805856 4729.797694 3052344
23.8083 1.000488079 4739.744817 3058785
23.825 0.9997423801 4749.698447 3060786
23.8417 1.000897092 4759.67752 3068610
23.8583 0.9998444518 4769.660041 3069670
23.875 0.9992149892 4779.65022 3072025
23.8917 1.001181858 4789.674044 3082371
23.9083 1.000962599 4799.70966 3085997
23.925 1.000048851 4809.750098 3087480
23.9417 1.000131621 4819.805362 3092039
23.9583 1.000526506 4829.878607 3097568
23.975 1.000272281 4839.963308 3101091
23.9917 0.9996863493 4850.05612 3103585
24.0083 0.999907481 4860.165194 3108586
24.025 1.000845271 4870.297804 3115823
24.0417 1.000507974 4880.441057 3119096
24.0583 0.999630904 4890.589474 3120684
24.075 1.000191568 4900.757657 3126762
24.0917 1.000006072 4910.938035 3130512
24.1083 1.000476947 4921.137304 3136321
24.125 0.999866617 4931.344449 3138743
24.1417 0.9998938873 4941.56598 3143167
24.1583 1.000083735 4951.803574 3148106
24.175 1.00000753 4962.054516 3152211
24.1917 0.9992453411 4972.311774 3154153
24.2083 0.999828862 4982.589169 3160345
24.225 0.9985493092 4992.867548 3160648
24.2417 1.000847863 5003.183768 3172284
24.2583 0.9999929277 5013.505354 3173934
24.275 0.9998536103 5023.839687 3177854
24.2917 0.999511703 5034.184677 3181131
24.3083 0.9990653077 5044.539241 3184075
24.325 1.000694758 5054.92492 3193643
24.3417 0.9995774011 5065.313223 3194450
24.3583 0.999104003 5075.71083 3197311
24.375 1.000204348 5086.134138 3205214
24.3917 0.9999389344 5096.568935 3208747
24.4083 0.9993334784 5107.01167 3211188
24.425 1.000513237 5117.481016 3219371
24.4417 0.9998922017 5127.958147 3221765
24.4583 1.000369401 5138.454579 3227700
24.475 1.000529601 5148.967004 3232618
24.4917 1.000710384 5159.495653 3237607
24.5083 1.000357913 5170.034923 3240873
24.525 0.9990449687 5180.574681 3241023
24.5417 0.9995136244 5191.13372 3246952
24.5583 1.000504536 5201.717588 3254587
24.575 0.9999461115 5212.309911 3257187
24.5917 1.000202254 5222.919323 3262442
24.6083 1.000176949 5233.542852 3266783
24.625 0.9997676903 5244.176423 3269871
24.6417 0.9990746589 5254.817012 3272029
24.6583 1.000703374 5265.48937 3281798
24.675 0.9996141715 5276.164528 3282659
24.6917 0.9999915553 5286.858147 3288336
24.7083 0.9999952918 5297.566247 3292789
24.725 0.9996338665 5308.284923 3296041
24.7417 1.000034843 5319.022359 3301810
24.7583 1.000253563 5329.776618 3306983
24.775 1.000429408 5340.547254 3312019
24.7917 0.9998292281 5351.325916 3314487
24.8083 1.000280514 5362.123946 3320443
24.825 0.999555791 5372.928656 3322497
24.8417 0.9994681457 5383.746931 3326668
24.8583 1.000220544 5394.587881 3333641
24.875 1.000121759 5405.442301 3337783
24.8917 0.9995540379 5416.305101 3340360
24.9083 0.9998547573 5427.185726 3345841
24.925 1.00007529 5438.083319 3351059
24.9417 0.9994532808 5448.988704 3353455
24.9583 1.000836639 5459.923783 3362586
24.975 1.000418588 5470.868898 3365672
24.9917 0.9999262542 5481.823232 3368507

