4820
0
2
4
7
10
13
16
17
19
22
25
28
31
32
34
37
40
43
46
47
49
52
55
58
61
62
64
67
70
73
76
77
79
82
85
88
91
92
94
97
100
103
106
107
109
112
115
118
121
122
124
127
130
133
136
137
139
142
145
148
151
152
154
157
160
163
166
167
169
172
175
178
181
182
184
187
190
193
196
197
199
202
205
208
211
212
214
217
220
223
226
227
229
232
235
238
241
242
244
247
250
253
256
257
259
262
265
268
271
272
274
277
280
283
286
287
289
292
295
298
301
302
304
307
310
313
316
317
319
322
325
328
331
332
334
337
340
343
346
347
349
352
355
358
361
362
364
367
370
373
376
377
379
382
385
388
391
392
394
397
400
403
406
407
409
412
415
418
421
422
424
427
430
433
436
437
439
442
445
448
451
452
454
457
460
463
466
467
469
472
475
478
481
482
484
487
490
493
496
497
499
502
505
508
511
512
514
517
520
523
526
527
529
532
535
538
541
542
544
547
550
553
556
557
559
562
565
568
571
572
574
577
580
583
586
587
589
592
595
598
601
603
605
607
610
613
616
619
620
622
625
628
631
634
635
637
640
643
646
649
650
652
655
658
661
664
665
667
670
673
676
679
680
682
685
688
691
694
695
697
700
703
706
709
710
712
715
718
721
724
725
727
730
733
736
739
740
742
745
748
751
754
755
757
760
763
766
769
770
772
775
778
781
784
785
787
790
793
796
799
800
802
805
808
811
814
815
817
820
823
826
829
830
832
835
838
841
844
845
847
850
853
856
859
860
862
865
868
871
874
875
877
880
883
886
889
890
892
895
898
901
904
905
907
910
913
916
919
920
922
925
928
931
934
935
937
940
943
946
949
950
952
955
958
961
964
965
967
970
973
976
979
980
982
985
988
991
994
995
997
1000
1003
1006
1009
1010
1012
1015
1018
1021
1024
1025
1027
1030
1033
1036
1039
1040
1042
1045
1048
1051
1054
1055
1057
1060
1063
1066
1069
1070
1072
1075
1078
1081
1084
1085
1087
1090
1093
1096
1099
1100
1102
1105
1108
1111
1114
1115
1117
1120
1123
1126
1129
1130
1132
1135
1138
1141
1144
1145
1147
1150
1153
1156
1159
1160
1162
1165
1168
1171
1174
1175
1177
1180
1183
1186
1189
1190
1192
1195
1198
1201
1204
1206
1208
1210
1213
1216
1219
1222
1223
1225
1228
1231
1234
1237
1238
1240
1243
1246
1249
1252
1253
1255
1258
1261
1264
1267
1268
1270
1273
1276
1279
1282
1283
1285
1288
1291
1294
1297
1298
1300
1303
1306
1309
1312
1313
1315
1318
1321
1324
1327
1328
1330
1333
1336
1339
1342
1343
1345
1348
1351
1354
1357
1358
1360
1363
1366
1369
1372
1373
1375
1378
1381
1384
1387
1388
1390
1393
1396
1399
1402
1403
1405
1408
1411
1414
1417
1418
1420
1423
1426
1429
1432
1433
1435
1438
1441
1444
1447
1448
1450
1453
1456
1459
1462
1463
1465
1468
1471
1474
1477
1478
1480
1483
1486
1489
1492
1493
1495
1498
1501
1504
1507
1508
1510
1513
1516
1519
1522
1523
1525
1528
1531
1534
1537
1538
1540
1543
1546
1549
1552
1553
1555
1558
1561
1564
1567
1568
1570
1573
1576
1579
1582
1583
1585
1588
1591
1594
1597
1598
1600
1603
1606
1609
1612
1613
1615
1618
1621
1624
1627
1628
1630
1633
1636
1639
1642
1643
1645
1648
1651
1654
1657
1658
1660
1663
1666
1669
1672
1673
1675
1678
1681
1684
1687
1688
1690
1693
1696
1699
1702
1703
1705
1708
1711
1714
1717
1718
1720
1723
1726
1729
1732
1733
1735
1738
1741
1744
1747
1748
1750
1753
1756
1759
1762
1763
1765
1768
1771
1774
1777
1778
1780
1783
1786
1789
1792
1793
1795
1798
1801
1804
1807
1809
1811
1813
1816
1819
1822
1825
1826
1828
1831
1834
1837
1840
1841
1843
1846
1849
1852
1855
1856
1858
1861
1864
1867
1870
1871
1873
1876
1879
1882
1885
1886
1888
1891
1894
1897
1900
1901
1903
1906
1909
1912
1915
1916
1918
1921
1924
1927
1930
1931
1933
1936
1939
1942
1945
1946
1948
1951
1954
1957
1960
1961
1963
1966
1969
1972
1975
1976
1978
1981
1984
1987
1990
1991
1993
1996
1999
2002
2005
2006
2008
2011
2014
2017
2020
2021
2023
2026
2029
2032
2035
2036
2038
2041
2044
2047
2050
2051
2053
2056
2059
2062
2065
2066
2068
2071
2074
2077
2080
2081
2083
2086
2089
2092
2095
2096
2098
2101
2104
2107
2110
2111
2113
2116
2119
2122
2125
2126
2128
2131
2134
2137
2140
2141
2143
2146
2149
2152
2155
2156
2158
2161
2164
2167
2170
2171
2173
2176
2179
2182
2185
2186
2188
2191
2194
2197
2200
2201
2203
2206
2209
2212
2215
2216
2218
2221
2224
2227
2230
2231
2233
2236
2239
2242
2245
2246
2248
2251
2254
2257
2260
2261
2263
2266
2269
2272
2275
2276
2278
2281
2284
2287
2290
2291
2293
2296
2299
2302
2305
2306
2308
2311
2314
2317
2320
2321
2323
2326
2329
2332
2335
2336
2338
2341
2344
2347
2350
2351
2353
2356
2359
2362
2365
2366
2368
2371
2374
2377
2380
2381
2383
2386
2389
2392
2395
2396
2398
2401
2404
2407
2410
2412
2414
2416
2419
2422
2425
2428
2429
2431
2434
2437
2440
2443
2444
2446
2449
2452
2455
2458
2459
2461
2464
2467
2470
2473
2474
2476
2479
2482
2485
2488
2489
2491
2494
2497
2500
2503
2504
2506
2509
2512
2515
2518
2519
2521
2524
2527
2530
2533
2534
2536
2539
2542
2545
2548
2549
2551
2554
2557
2560
2563
2564
2566
2569
2572
2575
2578
2579
2581
2584
2587
2590
2593
2594
2596
2599
2602
2605
2608
2609
2611
2614
2617
2620
2623
2624
2626
2629
2632
2635
2638
2639
2641
2644
2647
2650
2653
2654
2656
2659
2662
2665
2668
2669
2671
2674
2677
2680
2683
2684
2686
2689
2692
2695
2698
2699
2701
2704
2707
2710
2713
2714
2716
2719
2722
2725
2728
2729
2731
2734
2737
2740
2743
2744
2746
2749
2752
2755
2758
2759
2761
2764
2767
2770
2773
2774
2776
2779
2782
2785
2788
2789
2791
2794
2797
2800
2803
2804
2806
2809
2812
2815
2818
2819
2821
2824
2827
2830
2833
2834
2836
2839
2842
2845
2848
2849
2851
2854
2857
2860
2863
2864
2866
2869
2872
2875
2878
2879
2881
2884
2887
2890
2893
2894
2896
2899
2902
2905
2908
2909
2911
2914
2917
2920
2923
2924
2926
2929
2932
2935
2938
2939
2941
2944
2947
2950
2953
2954
2956
2959
2962
2965
2968
2969
2971
2974
2977
2980
2983
2984
2986
2989
2992
2995
2998
2999
3001
3004
3007
3010
3013
3015
3017
3019
3022
3025
3028
3031
3032
3034
3037
3040
3043
3046
3047
3049
3052
3055
3058
3061
3062
3064
3067
3070
3073
3076
3077
3079
3082
3085
3088
3091
3092
3094
3097
3100
3103
3106
3107
3109
3112
3115
3118
3121
3122
3124
3127
3130
3133
3136
3137
3139
3142
3145
3148
3151
3152
3154
3157
3160
3163
3166
3167
3169
3172
3175
3178
3181
3182
3184
3187
3190
3193
3196
3197
3199
3202
3205
3208
3211
3212
3214
3217
3220
3223
3226
3227
3229
3232
3235
3238
3241
3242
3244
3247
3250
3253
3256
3257
3259
3262
3265
3268
3271
3272
3274
3277
3280
3283
3286
3287
3289
3292
3295
3298
3301
3302
3304
3307
3310
3313
3316
3317
3319
3322
3325
3328
3331
3332
3334
3337
3340
3343
3346
3347
3349
3352
3355
3358
3361
3362
3364
3367
3370
3373
3376
3377
3379
3382
3385
3388
3391
3392
3394
3397
3400
3403
3406
3407
3409
3412
3415
3418
3421
3422
3424
3427
3430
3433
3436
3437
3439
3442
3445
3448
3451
3452
3454
3457
3460
3463
3466
3467
3469
3472
3475
3478
3481
3482
3484
3487
3490
3493
3496
3497
3499
3502
3505
3508
3511
3512
3514
3517
3520
3523
3526
3527
3529
3532
3535
3538
3541
3542
3544
3547
3550
3553
3556
3557
3559
3562
3565
3568
3571
3572
3574
3577
3580
3583
3586
3587
3589
3592
3595
3598
3601
3602
3604
3607
3610
3613
3616
3618
3620
3622
3625
3628
3631
3634
3635
3637
3640
3643
3646
3649
3650
3652
3655
3658
3661
3664
3665
3667
3670
3673
3676
3679
3680
3682
3685
3688
3691
3694
3695
3697
3700
3703
3706
3709
3710
3712
3715
3718
3721
3724
3725
3727
3730
3733
3736
3739
3740
3742
3745
3748
3751
3754
3755
3757
3760
3763
3766
3769
3770
3772
3775
3778
3781
3784
3785
3787
3790
3793
3796
3799
3800
3802
3805
3808
3811
3814
3815
3817
3820
3823
3826
3829
3830
3832
3835
3838
3841
3844
3845
3847
3850
3853
3856
3859
3860
3862
3865
3868
3871
3874
3875
3877
3880
3883
3886
3889
3890
3892
3895
3898
3901
3904
3905
3907
3910
3913
3916
3919
3920
3922
3925
3928
3931
3934
3935
3937
3940
3943
3946
3949
3950
3952
3955
3958
3961
3964
3965
3967
3970
3973
3976
3979
3980
3982
3985
3988
3991
3994
3995
3997
4000
4003
4006
4009
4010
4012
4015
4018
4021
4024
4025
4027
4030
4033
4036
4039
4040
4042
4045
4048
4051
4054
4055
4057
4060
4063
4066
4069
4070
4072
4075
4078
4081
4084
4085
4087
4090
4093
4096
4099
4100
4102
4105
4108
4111
4114
4115
4117
4120
4123
4126
4129
4130
4132
4135
4138
4141
4144
4145
4147
4150
4153
4156
4159
4160
4162
4165
4168
4171
4174
4175
4177
4180
4183
4186
4189
4190
4192
4195
4198
4201
4204
4205
4207
4210
4213
4216
4219
4221
4223
4225
4228
4231
4234
4237
4238
4240
4243
4246
4249
4252
4253
4255
4258
4261
4264
4267
4268
4270
4273
4276
4279
4282
4283
4285
4288
4291
4294
4297
4298
4300
4303
4306
4309
4312
4313
4315
4318
4321
4324
4327
4328
4330
4333
4336
4339
4342
4343
4345
4348
4351
4354
4357
4358
4360
4363
4366
4369
4372
4373
4375
4378
4381
4384
4387
4388
4390
4393
4396
4399
4402
4403
4405
4408
4411
4414
4417
4418
4420
4423
4426
4429
4432
4433
4435
4438
4441
4444
4447
4448
4450
4453
4456
4459
4462
4463
4465
4468
4471
4474
4477
4478
4480
4483
4486
4489
4492
4493
4495
4498
4501
4504
4507
4508
4510
4513
4516
4519
4522
4523
4525
4528
4531
4534
4537
4538
4540
4543
4546
4549
4552
4553
4555
4558
4561
4564
4567
4568
4570
4573
4576
4579
4582
4583
4585
4588
4591
4594
4597
4598
4600
4603
4606
4609
4612
4613
4615
4618
4621
4624
4627
4628
4630
4633
4636
4639
4642
4643
4645
4648
4651
4654
4657
4658
4660
4663
4666
4669
4672
4673
4675
4678
4681
4684
4687
4688
4690
4693
4696
4699
4702
4703
4705
4708
4711
4714
4717
4718
4720
4723
4726
4729
4732
4733
4735
4738
4741
4744
4747
4748
4750
4753
4756
4759
4762
4763
4765
4768
4771
4774
4777
4778
4780
4783
4786
4789
4792
4793
4795
4798
4801
4804
4807
4808
4810
4813
4816
4819
4822
4824
4826
4828
4831
4834
4837
4840
4841
4843
4846
4849
4852
4855
4856
4858
4861
4864
4867
4870
4871
4873
4876
4879
4882
4885
4886
4888
4891
4894
4897
4900
4901
4903
4906
4909
4912
4915
4916
4918
4921
4924
4927
4930
4931
4933
4936
4939
4942
4945
4946
4948
4951
4954
4957
4960
4961
4963
4966
4969
4972
4975
4976
4978
4981
4984
4987
4990
4991
4993
4996
4999
5002
5005
5006
5008
5011
5014
5017
5020
5021
5023
5026
5029
5032
5035
5036
5038
5041
5044
5047
5050
5051
5053
5056
5059
5062
5065
5066
5068
5071
5074
5077
5080
5081
5083
5086
5089
5092
5095
5096
5098
5101
5104
5107
5110
5111
5113
5116
5119
5122
5125
5126
5128
5131
5134
5137
5140
5141
5143
5146
5149
5152
5155
5156
5158
5161
5164
5167
5170
5171
5173
5176
5179
5182
5185
5186
5188
5191
5194
5197
5200
5201
5203
5206
5209
5212
5215
5216
5218
5221
5224
5227
5230
5231
5233
5236
5239
5242
5245
5246
5248
5251
5254
5257
5260
5261
5263
5266
5269
5272
5275
5276
5278
5281
5284
5287
5290
5291
5293
5296
5299
5302
5305
5306
5308
5311
5314
5317
5320
5321
5323
5326
5329
5332
5335
5336
5338
5341
5344
5347
5350
5351
5353
5356
5359
5362
5365
5366
5368
5371
5374
5377
5380
5381
5383
5386
5389
5392
5395
5396
5398
5401
5404
5407
5410
5411
5413
5416
5419
5422
5425
5427
5429
5431
5434
5437
5440
5443
5444
5446
5449
5452
5455
5458
5459
5461
5464
5467
5470
5473
5474
5476
5479
5482
5485
5488
5489
5491
5494
5497
5500
5503
5504
5506
5509
5512
5515
5518
5519
5521
5524
5527
5530
5533
5534
5536
5539
5542
5545
5548
5549
5551
5554
5557
5560
5563
5564
5566
5569
5572
5575
5578
5579
5581
5584
5587
5590
5593
5594
5596
5599
5602
5605
5608
5609
5611
5614
5617
5620
5623
5624
5626
5629
5632
5635
5638
5639
5641
5644
5647
5650
5653
5654
5656
5659
5662
5665
5668
5669
5671
5674
5677
5680
5683
5684
5686
5689
5692
5695
5698
5699
5701
5704
5707
5710
5713
5714
5716
5719
5722
5725
5728
5729
5731
5734
5737
5740
5743
5744
5746
5749
5752
5755
5758
5759
5761
5764
5767
5770
5773
5774
5776
5779
5782
5785
5788
5789
5791
5794
5797
5800
5803
5804
5806
5809
5812
5815
5818
5819
5821
5824
5827
5830
5833
5834
5836
5839
5842
5845
5848
5849
5851
5854
5857
5860
5863
5864
5866
5869
5872
5875
5878
5879
5881
5884
5887
5890
5893
5894
5896
5899
5902
5905
5908
5909
5911
5914
5917
5920
5923
5924
5926
5929
5932
5935
5938
5939
5941
5944
5947
5950
5953
5954
5956
5959
5962
5965
5968
5969
5971
5974
5977
5980
5983
5984
5986
5989
5992
5995
5998
5999
6001
6004
6007
6010
6013
6014
6016
6019
6022
6025
6028
6030
6032
6034
6037
6040
6043
6046
6047
6049
6052
6055
6058
6061
6062
6064
6067
6070
6073
6076
6077
6079
6082
6085
6088
6091
6092
6094
6097
6100
6103
6106
6107
6109
6112
6115
6118
6121
6122
6124
6127
6130
6133
6136
6137
6139
6142
6145
6148
6151
6152
6154
6157
6160
6163
6166
6167
6169
6172
6175
6178
6181
6182
6184
6187
6190
6193
6196
6197
6199
6202
6205
6208
6211
6212
6214
6217
6220
6223
6226
6227
6229
6232
6235
6238
6241
6242
6244
6247
6250
6253
6256
6257
6259
6262
6265
6268
6271
6272
6274
6277
6280
6283
6286
6287
6289
6292
6295
6298
6301
6302
6304
6307
6310
6313
6316
6317
6319
6322
6325
6328
6331
6332
6334
6337
6340
6343
6346
6347
6349
6352
6355
6358
6361
6362
6364
6367
6370
6373
6376
6377
6379
6382
6385
6388
6391
6392
6394
6397
6400
6403
6406
6407
6409
6412
6415
6418
6421
6422
6424
6427
6430
6433
6436
6437
6439
6442
6445
6448
6451
6452
6454
6457
6460
6463
6466
6467
6469
6472
6475
6478
6481
6482
6484
6487
6490
6493
6496
6497
6499
6502
6505
6508
6511
6512
6514
6517
6520
6523
6526
6527
6529
6532
6535
6538
6541
6542
6544
6547
6550
6553
6556
6557
6559
6562
6565
6568
6571
6572
6574
6577
6580
6583
6586
6587
6589
6592
6595
6598
6601
6602
6604
6607
6610
6613
6616
6617
6619
6622
6625
6628
6631
6633
6635
6637
6640
6643
6646
6649
6650
6652
6655
6658
6661
6664
6665
6667
6670
6673
6676
6679
6680
6682
6685
6688
6691
6694
6695
6697
6700
6703
6706
6709
6710
6712
6715
6718
6721
6724
6725
6727
6730
6733
6736
6739
6740
6742
6745
6748
6751
6754
6755
6757
6760
6763
6766
6769
6770
6772
6775
6778
6781
6784
6785
6787
6790
6793
6796
6799
6800
6802
6805
6808
6811
6814
6815
6817
6820
6823
6826
6829
6830
6832
6835
6838
6841
6844
6845
6847
6850
6853
6856
6859
6860
6862
6865
6868
6871
6874
6875
6877
6880
6883
6886
6889
6890
6892
6895
6898
6901
6904
6905
6907
6910
6913
6916
6919
6920
6922
6925
6928
6931
6934
6935
6937
6940
6943
6946
6949
6950
6952
6955
6958
6961
6964
6965
6967
6970
6973
6976
6979
6980
6982
6985
6988
6991
6994
6995
6997
7000
7003
7006
7009
7010
7012
7015
7018
7021
7024
7025
7027
7030
7033
7036
7039
7040
7042
7045
7048
7051
7054
7055
7057
7060
7063
7066
7069
7070
7072
7075
7078
7081
7084
7085
7087
7090
7093
7096
7099
7100
7102
7105
7108
7111
7114
7115
7117
7120
7123
7126
7129
7130
7132
7135
7138
7141
7144
7145
7147
7150
7153
7156
7159
7160
7162
7165
7168
7171
7174
7175
7177
7180
7183
7186
7189
7190
7192
7195
7198
7201
7204
7205
7207
7210
7213
7216
7219
7220
7222
7225
7228
7231
7234
7236
7238
7240
7243
7246
7249
7252
7253
7255
7258
7261
7264
7267
7268
7270
7273
7276
7279
7282
7283
7285
7288
7291
7294
7297
7298
7300
7303
7306
7309
7312
7313
7315
7318
7321
7324
7327
7328
7330
7333
7336
7339
7342
7343
7345
7348
7351
7354
7357
7358
7360
7363
7366
7369
7372
7373
7375
7378
7381
7384
7387
7388
7390
7393
7396
7399
7402
7403
7405
7408
7411
7414
7417
7418
7420
7423
7426
7429
7432
7433
7435
7438
7441
7444
7447
7448
7450
7453
7456
7459
7462
7463
7465
7468
7471
7474
7477
7478
7480
7483
7486
7489
7492
7493
7495
7498
7501
7504
7507
7508
7510
7513
7516
7519
7522
7523
7525
7528
7531
7534
7537
7538
7540
7543
7546
7549
7552
7553
7555
7558
7561
7564
7567
7568
7570
7573
7576
7579
7582
7583
7585
7588
7591
7594
7597
7598
7600
7603
7606
7609
7612
7613
7615
7618
7621
7624
7627
7628
7630
7633
7636
7639
7642
7643
7645
7648
7651
7654
7657
7658
7660
7663
7666
7669
7672
7673
7675
7678
7681
7684
7687
7688
7690
7693
7696
7699
7702
7703
7705
7708
7711
7714
7717
7718
7720
7723
7726
7729
7732
7733
7735
7738
7741
7744
7747
7748
7750
7753
7756
7759
7762
7763
7765
7768
7771
7774
7777
7778
7780
7783
7786
7789
7792
7793
7795
7798
7801
7804
7807
7808
7810
7813
7816
7819
7822
7823
7825
7828
7831
7834
7837
7839
7841
7843
7846
7849
7852
7855
7856
7858
7861
7864
7867
7870
7871
7873
7876
7879
7882
7885
7886
7888
7891
7894
7897
7900
7901
7903
7906
7909
7912
7915
7916
7918
7921
7924
7927
7930
7931
7933
7936
7939
7942
7945
7946
7948
7951
7954
7957
7960
7961
7963
7966
7969
7972
7975
7976
7978
7981
7984
7987
7990
7991
7993
7996
7999
8002
8005
8006
8008
8011
8014
8017
8020
8021
8023
8026
8029
8032
8035
8036
8038
8041
8044
8047
8050
8051
8053
8056
8059
8062
8065
8066
8068
8071
8074
8077
8080
8081
8083
8086
8089
8092
8095
8096
8098
8101
8104
8107
8110
8111
8113
8116
8119
8122
8125
8126
8128
8131
8134
8137
8140
8141
8143
8146
8149
8152
8155
8156
8158
8161
8164
8167
8170
8171
8173
8176
8179
8182
8185
8186
8188
8191
8194
8197
8200
8201
8203
8206
8209
8212
8215
8216
8218
8221
8224
8227
8230
8231
8233
8236
8239
8242
8245
8246
8248
8251
8254
8257
8260
8261
8263
8266
8269
8272
8275
8276
8278
8281
8284
8287
8290
8291
8293
8296
8299
8302
8305
8306
8308
8311
8314
8317
8320
8321
8323
8326
8329
8332
8335
8336
8338
8341
8344
8347
8350
8351
8353
8356
8359
8362
8365
8366
8368
8371
8374
8377
8380
8381
8383
8386
8389
8392
8395
8396
8398
8401
8404
8407
8410
8411
8413
8416
8419
8422
8425
8426
8428
8431
8434
8437
8440
8442
8444
8446
8449
8452
8455
8458
8459
8461
8464
8467
8470
8473
8474
8476
8479
8482
8485
8488
8489
8491
8494
8497
8500
8503
8504
8506
8509
8512
8515
8518
8519
8521
8524
8527
8530
8533
8534
8536
8539
8542
8545
8548
8549
8551
8554
8557
8560
8563
8564
8566
8569
8572
8575
8578
8579
8581
8584
8587
8590
8593
8594
8596
8599
8602
8605
8608
8609
8611
8614
8617
8620
8623
8624
8626
8629
8632
8635
8638
8639
8641
8644
8647
8650
8653
8654
8656
8659
8662
8665
8668
8669
8671
8674
8677
8680
8683
8684
8686
8689
8692
8695
8698
8699
8701
8704
8707
8710
8713
8714
8716
8719
8722
8725
8728
8729
8731
8734
8737
8740
8743
8744
8746
8749
8752
8755
8758
8759
8761
8764
8767
8770
8773
8774
8776
8779
8782
8785
8788
8789
8791
8794
8797
8800
8803
8804
8806
8809
8812
8815
8818
8819
8821
8824
8827
8830
8833
8834
8836
8839
8842
8845
8848
8849
8851
8854
8857
8860
8863
8864
8866
8869
8872
8875
8878
8879
8881
8884
8887
8890
8893
8894
8896
8899
8902
8905
8908
8909
8911
8914
8917
8920
8923
8924
8926
8929
8932
8935
8938
8939
8941
8944
8947
8950
8953
8954
8956
8959
8962
8965
8968
8969
8971
8974
8977
8980
8983
8984
8986
8989
8992
8995
8998
8999
9001
9004
9007
9010
9013
9014
9016
9019
9022
9025
9028
9029
9031
9034
9037
9040
9043
9045
9047
9049
9052
9055
9058
9061
9062
9064
9067
9070
9073
9076
9077
9079
9082
9085
9088
9091
9092
9094
9097
9100
9103
9106
9107
9109
9112
9115
9118
9121
9122
9124
9127
9130
9133
9136
9137
9139
9142
9145
9148
9151
9152
9154
9157
9160
9163
9166
9167
9169
9172
9175
9178
9181
9182
9184
9187
9190
9193
9196
9197
9199
9202
9205
9208
9211
9212
9214
9217
9220
9223
9226
9227
9229
9232
9235
9238
9241
9242
9244
9247
9250
9253
9256
9257
9259
9262
9265
9268
9271
9272
9274
9277
9280
9283
9286
9287
9289
9292
9295
9298
9301
9302
9304
9307
9310
9313
9316
9317
9319
9322
9325
9328
9331
9332
9334
9337
9340
9343
9346
9347
9349
9352
9355
9358
9361
9362
9364
9367
9370
9373
9376
9377
9379
9382
9385
9388
9391
9392
9394
9397
9400
9403
9406
9407
9409
9412
9415
9418
9421
9422
9424
9427
9430
9433
9436
9437
9439
9442
9445
9448
9451
9452
9454
9457
9460
9463
9466
9467
9469
9472
9475
9478
9481
9482
9484
9487
9490
9493
9496
9497
9499
9502
9505
9508
9511
9512
9514
9517
9520
9523
9526
9527
9529
9532
9535
9538
9541
9542
9544
9547
9550
9553
9556
9557
9559
9562
9565
9568
9571
9572
9574
9577
9580
9583
9586
9587
9589
9592
9595
9598
9601
9602
9604
9607
9610
9613
9616
9617
9619
9622
9625
9628
9631
9632
9634
9637
9640
9643
9646
9648
9650
9652
9655
9658
9661
9664
9665
9667
9670
9673
9676
9679
9680
9682
9685
9688
9691
9694
9695
9697
9700
9703
9706
9709
9710
9712
9715
9718
9721
9724
9725
9727
9730
9733
9736
9739
9740
9742
9745
9748
9751
9754
9755
9757
9760
9763
9766
9769
9770
9772
9775
9778
9781
9784
9785
9787
9790
9793
9796
9799
9800
9802
9805
9808
9811
9814
9815
9817
9820
9823
9826
9829
9830
9832
9835
9838
9841
9844
9845
9847
9850
9853
9856
9859
9860
9862
9865
9868
9871
9874
9875
9877
9880
9883
9886
9889
9890
9892
9895
9898
9901
9904
9905
9907
9910
9913
9916
9919
9920
9922
9925
9928
9931
9934
9935
9937
9940
9943
9946
9949
9950
9952
9955
9958
9961
9964
9965
9967
9970
9973
9976
9979
9980
9982
9985
9988
9991
9994
9995
9997
10000
10003
10006
10009
10010
10012
10015
10018
10021
10024
10025
10027
10030
10033
10036
10039
10040
10042
10045
10048
10051
10054
10055
10057
10060
10063
10066
10069
10070
10072
10075
10078
10081
10084
10085
10087
10090
10093
10096
10099
10100
10102
10105
10108
10111
10114
10115
10117
10120
10123
10126
10129
10130
10132
10135
10138
10141
10144
10145
10147
10150
10153
10156
10159
10160
10162
10165
10168
10171
10174
10175
10177
10180
10183
10186
10189
10190
10192
10195
10198
10201
10204
10205
10207
10210
10213
10216
10219
10220
10222
10225
10228
10231
10234
10235
10237
10240
10243
10246
10249
10251
10253
10255
10258
10261
10264
10267
10268
10270
10273
10276
10279
10282
10283
10285
10288
10291
10294
10297
10298
10300
10303
10306
10309
10312
10313
10315
10318
10321
10324
10327
10328
10330
10333
10336
10339
10342
10343
10345
10348
10351
10354
10357
10358
10360
10363
10366
10369
10372
10373
10375
10378
10381
10384
10387
10388
10390
10393
10396
10399
10402
10403
10405
10408
10411
10414
10417
10418
10420
10423
10426
10429
10432
10433
10435
10438
10441
10444
10447
10448
10450
10453
10456
10459
10462
10463
10465
10468
10471
10474
10477
10478
10480
10483
10486
10489
10492
10493
10495
10498
10501
10504
10507
10508
10510
10513
10516
10519
10522
10523
10525
10528
10531
10534
10537
10538
10540
10543
10546
10549
10552
10553
10555
10558
10561
10564
10567
10568
10570
10573
10576
10579
10582
10583
10585
10588
10591
10594
10597
10598
10600
10603
10606
10609
10612
10613
10615
10618
10621
10624
10627
10628
10630
10633
10636
10639
10642
10643
10645
10648
10651
10654
10657
10658
10660
10663
10666
10669
10672
10673
10675
10678
10681
10684
10687
10688
10690
10693
10696
10699
10702
10703
10705
10708
10711
10714
10717
10718
10720
10723
10726
10729
10732
10733
10735
10738
10741
10744
10747
10748
10750
10753
10756
10759
10762
10763
10765
10768
10771
10774
10777
10778
10780
10783
10786
10789
10792
10793
10795
10798
10801
10804
10807
10808
10810
10813
10816
10819
10822
10823
10825
10828
10831
10834
10837
10838
10840
10843
10846
10849
10852
10854
10856
10858
10861
10864
10867
10870
10871
10873
10876
10879
10882
10885
10886
10888
10891
10894
10897
10900
10901
10903
10906
10909
10912
10915
10916
10918
10921
10924
10927
10930
10931
10933
10936
10939
10942
10945
10946
10948
10951
10954
10957
10960
10961
10963
10966
10969
10972
10975
10976
10978
10981
10984
10987
10990
10991
10993
10996
10999
11002
11005
11006
11008
11011
11014
11017
11020
11021
11023
11026
11029
11032
11035
11036
11038
11041
11044
11047
11050
11051
11053
11056
11059
11062
11065
11066
11068
11071
11074
11077
11080
11081
11083
11086
11089
11092
11095
11096
11098
11101
11104
11107
11110
11111
11113
11116
11119
11122
11125
11126
11128
11131
11134
11137
11140
11141
11143
11146
11149
11152
11155
11156
11158
11161
11164
11167
11170
11171
11173
11176
11179
11182
11185
11186
11188
11191
11194
11197
11200
11201
11203
11206
11209
11212
11215
11216
11218
11221
11224
11227
11230
11231
11233
11236
11239
11242
11245
11246
11248
11251
11254
11257
11260
11261
11263
11266
11269
11272
11275
11276
11278
11281
11284
11287
11290
11291
11293
11296
11299
11302
11305
11306
11308
11311
11314
11317
11320
11321
11323
11326
11329
11332
11335
11336
11338
11341
11344
11347
11350
11351
11353
11356
11359
11362
11365
11366
11368
11371
11374
11377
11380
11381
11383
11386
11389
11392
11395
11396
11398
11401
11404
11407
11410
11411
11413
11416
11419
11422
11425
11426
11428
11431
11434
11437
11440
11441
11443
11446
11449
11452
11455
11457
11459
11461
11464
11467
11470
11473
11474
11476
11479
11482
11485
11488
11489
11491
11494
11497
11500
11503
11504
11506
11509
11512
11515
11518
11519
11521
11524
11527
11530
11533
11534
11536
11539
11542
11545
11548
11549
11551
11554
11557
11560
11563
11564
11566
11569
11572
11575
11578
11579
11581
11584
11587
11590
11593
11594
11596
11599
11602
11605
11608
11609
11611
11614
11617
11620
11623
11624
11626
11629
11632
11635
11638
11639
11641
11644
11647
11650
11653
11654
11656
11659
11662
11665
11668
11669
11671
11674
11677
11680
11683
11684
11686
11689
11692
11695
11698
11699
11701
11704
11707
11710
11713
11714
11716
11719
11722
11725
11728
11729
11731
11734
11737
11740
11743
11744
11746
11749
11752
11755
11758
11759
11761
11764
11767
11770
11773
11774
11776
11779
11782
11785
11788
11789
11791
11794
11797
11800
11803
11804
11806
11809
11812
11815
11818
11819
11821
11824
11827
11830
11833
11834
11836
11839
11842
11845
11848
11849
11851
11854
11857
11860
11863
11864
11866
11869
11872
11875
11878
11879
11881
11884
11887
11890
11893
11894
11896
11899
11902
11905
11908
11909
11911
11914
11917
11920
11923
11924
11926
11929
11932
11935
11938
11939
11941
11944
11947
11950
11953
11954
11956
11959
11962
11965
11968
11969
11971
11974
11977
11980
11983
11984
11986
11989
11992
11995
11998
11999
12001
12004
12007
12010
12013
12014
12016
12019
12022
12025
12028
12029
12031
12034
12037
12040
12043
12044
12046
12049
12052
12055
12058
