0.000 0.000000 0.000000 0.000000 0.000000
20.000 8.214191 8.193785 8.201548 24.609524
40.000 12.302594 12.267388 12.327359 36.897340
60.000 15.500472 15.418024 15.554521 46.473017
80.000 18.220202 18.097764 18.312644 54.630610
100.000 20.615042 20.491824 20.667314 61.774181
120.000 22.840988 22.674292 22.871682 68.386961
140.000 24.909745 24.704773 24.901826 74.516344
160.000 26.832635 26.577911 26.746064 80.156610
180.000 28.600509 28.324441 28.464333 85.389283
200.000 30.266312 29.961706 30.105502 90.333520
220.000 31.835133 31.506576 31.676014 95.017724
240.000 33.287804 33.013116 33.218695 99.519615
260.000 34.767307 34.505959 34.700727 103.973993
280.000 36.092846 35.831734 36.133098 108.057678
300.000 37.341651 37.156922 37.471342 111.969915
320.000 38.568597 38.455196 38.774489 115.798283
340.000 39.753188 39.731525 40.048109 119.532822
360.000 40.890564 40.988840 41.274092 123.153496
380.000 41.982823 42.217685 42.457949 126.658457
400.000 43.108236 43.366998 43.582657 130.057891
420.000 44.209495 44.431699 44.670668 133.311862
440.000 45.283435 45.459911 45.795577 136.538924
460.000 46.310195 46.474147 46.895049 139.679390
480.000 47.331564 47.447533 47.904813 142.683910
500.000 48.337211 48.425023 48.933232 145.695467
520.000 49.298182 49.310470 49.958543 148.567195
540.000 50.274099 50.216804 50.948133 151.439037
560.000 51.227305 51.144743 51.891478 154.263526
580.000 52.159779 52.079122 52.755775 156.994676
600.000 53.115630 52.958133 53.643738 159.717501
620.000 54.065026 53.848901 54.557030 162.470957
640.000 55.009761 54.674169 55.426572 165.110502
660.000 55.843056 55.507443 56.237612 167.588111
680.000 56.685314 56.312719 57.026480 170.024513
700.000 57.532390 57.098727 57.832298 172.463415
720.000 58.361147 57.887980 58.617900 174.867026
740.000 59.150223 58.642029 59.458026 177.250278
760.000 59.931784 59.418281 60.292125 179.642190
780.000 60.729100 60.214054 61.067836 182.010990
800.000 61.531020 60.976024 61.857745 184.364789
820.000 62.353773 61.721291 62.611914 186.686978
840.000 63.121963 62.417967 63.300696 188.840626
860.000 63.884958 63.080807 64.035716 191.001480
880.000 64.605799 63.756673 64.709709 193.072181
900.000 65.289698 64.468784 65.442146 195.200628
920.000 66.017960 65.165581 66.176676 197.360217
940.000 66.675007 65.852187 66.880151 199.407346
960.000 67.360093 66.538058 67.594547 201.492698
980.000 68.049450 67.201856 68.317652 203.568958
1000.000 68.729525 67.860161 68.989667 205.579353
1020.000 69.451229 68.579402 69.678171 207.708801
1040.000 70.112802 69.255496 70.404185 209.772483
1060.000 70.804913 70.014065 71.118127 211.937106
1080.000 71.423677 70.700127 71.805842 213.929646
1100.000 72.018154 71.328565 72.494382 215.841101
1120.000 72.627071 71.984244 73.155992 217.767306
1140.000 73.244160 72.630423 73.830012 219.704594
1160.000 73.896406 73.222403 74.498061 221.616870
1180.000 74.514138 73.828897 75.168954 223.511989
1200.000 75.086706 74.434117 75.836445 225.357268
1220.000 75.654062 75.012553 76.503667 227.170281
1240.000 76.227974 75.565163 77.208461 229.001598
1260.000 76.762984 76.155428 77.883433 230.801845
1280.000 77.375042 76.729421 78.550717 232.655181
1300.000 77.990428 77.322258 79.166928 234.479614
1320.000 78.584414 77.856375 79.852383 236.293172
1340.000 79.192801 78.429233 80.543683 238.165717
1360.000 79.777145 78.928780 81.205275 239.911200
1380.000 80.404735 79.456637 81.842308 241.703680
1400.000 81.057843 79.962987 82.467488 243.488318
1420.000 81.693701 80.567190 83.048315 245.309206
1440.000 82.320480 81.149482 83.694767 247.164729
1460.000 82.884185 81.740656 84.333344 248.958185
1480.000 83.423062 82.292817 85.020887 250.736765
1500.000 83.948255 82.915934 85.724909 252.589099
1520.000 84.527304 83.481873 86.419447 254.428623
1540.000 85.082958 84.021906 87.114362 256.219226
1560.000 85.626970 84.539543 87.743877 257.910390
1580.000 86.172597 85.111439 88.418276 259.702311
1600.000 86.686856 85.651955 89.070460 261.409271
1620.000 87.200096 86.258626 89.687676 263.146398
1640.000 87.775420 86.840280 90.298482 264.914182
1660.000 88.359217 87.427852 90.964577 266.751647
1680.000 88.922832 88.030496 91.599412 268.552739
1700.000 89.479064 88.597617 92.140755 270.217436
1720.000 90.006729 89.192995 92.685816 271.885540
1740.000 90.502648 89.776438 93.258195 273.537281
1760.000 91.071492 90.369756 93.891449 275.332696
1780.000 91.645437 90.936286 94.473151 277.054875
1800.000 92.165822 91.461562 95.041847 278.669231
1820.000 92.710521 92.023757 95.607281 280.341559
1840.000 93.191446 92.562005 96.199491 281.952942
1860.000 93.742263 93.157153 96.816019 283.715435
1880.000 94.286757 93.708297 97.423331 285.418386
1900.000 94.854421 94.315660 98.026941 287.197022
1920.000 95.403019 94.917611 98.603158 288.923788
1940.000 95.952272 95.466544 99.186925 290.605740
1960.000 96.480132 95.997269 99.850300 292.327701
1980.000 96.990155 96.600003 100.481139 294.071297
2000.000 97.530169 97.204744 101.119864 295.854777
2020.000 98.074485 97.807965 101.747395 297.629846
2040.000 98.645845 98.386591 102.392690 299.425126
2060.000 99.213814 98.994389 103.059320 301.267523
2080.000 99.724760 99.540655 103.706410 302.971825
2100.000 100.205025 100.079364 104.315333 304.599723
2120.000 100.661859 100.675584 104.922814 306.260256
2140.000 101.130951 101.235550 105.561289 307.927790
2160.000 101.608454 101.772997 106.191325 309.572776
2180.000 102.081481 102.311203 106.760494 311.153178
2200.000 102.513291 102.853264 107.351200 312.717755
2220.000 102.961638 103.345168 107.936418 314.243224
2240.000 103.449091 103.847436 108.550976 315.847503
2260.000 103.875031 104.387262 109.097257 317.359550
2280.000 104.317232 104.918806 109.661874 318.897913
2300.000 104.723919 105.450808 110.247792 320.422519
2320.000 105.116024 105.977950 110.859162 321.953136
2340.000 105.550675 106.483525 111.472254 323.506455
2360.000 105.954443 106.931524 111.997472 324.883439
2380.000 106.362177 107.390935 112.524515 326.277626
2400.000 106.781119 107.855168 113.118227 327.754514
2420.000 107.158916 108.312173 113.710245 329.181334
2440.000 107.523871 108.790995 114.270687 330.585553
2460.000 107.918172 109.273989 114.916374 332.108536
2480.000 108.297510 109.697308 115.571505 333.566324
2500.000 108.655692 110.091868 116.231222 334.978782
2520.000 109.021984 110.496548 116.909987 336.428519
2540.000 109.352628 110.960366 117.501231 337.814225
2560.000 109.710967 111.393686 118.104275 339.208929
2580.000 110.001785 111.865346 118.743518 340.610649
2600.000 110.290273 112.352321 119.411510 342.054103
2620.000 110.650202 112.825056 119.995569 343.470827
2640.000 110.954602 113.294957 120.563637 344.813197
2660.000 111.257594 113.818285 121.161218 346.237097
2680.000 111.536903 114.365808 121.724090 347.626801
2700.000 111.865325 114.875431 122.304531 349.045287
2720.000 112.187458 115.364360 122.864673 350.416491
2740.000 112.427947 115.826200 123.402496 351.656644
2760.000 112.708659 116.268234 123.965342 352.942234
2780.000 112.969753 116.720178 124.542627 354.232558
2800.000 113.223505 117.146724 125.171986 355.542215
2820.000 113.509045 117.568187 125.795025 356.872258
2840.000 113.859611 117.895323 126.378033 358.132966
2860.000 114.167555 118.278532 126.956021 359.402107
2880.000 114.455053 118.682536 127.482034 360.619623
2900.000 114.721490 119.057273 128.113119 361.891882
2920.000 115.041797 119.461999 128.708565 363.212360
2940.000 115.372482 119.880826 129.282516 364.535823
2960.000 115.748227 120.318540 129.843085 365.909852
2980.000 116.127514 120.750795 130.380443 367.258752
3000.000 116.486795 121.177032 130.860720 368.524547
3020.000 116.887577 121.604590 131.427742 369.919909
3040.000 117.279575 121.977266 132.037265 371.294105
3060.000 117.609199 122.395758 132.598635 372.603593
3080.000 117.955710 122.779017 133.140940 373.875666
3100.000 118.302969 123.139828 133.688065 375.130861
3120.000 118.648255 123.535518 134.226231 376.410004
3140.000 119.010547 123.906386 134.790739 377.707672
3160.000 119.368540 124.277716 135.371054 379.017311
3180.000 119.739186 124.681213 135.852749 380.273147
3200.000 120.170287 125.147222 136.271948 381.589457
3220.000 120.643120 125.601851 136.721025 382.965996
3240.000 121.110733 126.031930 137.168254 384.310917
3260.000 121.618372 126.398221 137.662219 385.678813
3280.000 122.106723 126.742144 138.120921 386.969788
3300.000 122.634482 127.124183 138.589031 388.347696
3320.000 123.084251 127.502235 139.047588 389.634074
3340.000 123.587314 127.977515 139.552491 391.117320
3360.000 124.098117 128.442302 140.081473 392.621891
3380.000 124.566139 128.889478 140.560670 394.016286
3400.000 125.044673 129.332184 141.022670 395.399527
3420.000 125.482965 129.756314 141.507025 396.746304
3440.000 125.926513 130.221933 142.027492 398.175938
3460.000 126.320042 130.689010 142.588592 399.597644
3480.000 126.767862 131.185794 143.182021 401.135677
3500.000 127.187423 131.747749 143.736897 402.672068
3520.000 127.557765 132.324656 144.283458 404.165879
3540.000 127.900406 132.934812 144.819305 405.654523
3560.000 128.214235 133.489131 145.352482 407.055848
3580.000 128.584518 134.059626 145.871753 408.515896
3600.000 128.940019 134.569227 146.323231 409.832477
3620.000 129.315491 135.049895 146.757789 411.123175
3640.000 129.633204 135.463584 147.207753 412.304540
3660.000 129.969689 135.948442 147.738492 413.656622
3680.000 130.300766 136.453472 148.184116 414.938354
3700.000 130.607612 136.919177 148.613348 416.140138
3720.000 130.898044 137.433986 149.038765 417.370794
3740.000 131.178556 137.879397 149.532645 418.590598
3760.000 131.530458 138.392356 150.016515 419.939330
3780.000 131.853707 138.899000 150.516646 421.269353
3800.000 132.170207 139.445420 150.974867 422.590494
3820.000 132.558328 139.962831 151.434072 423.955230
3840.000 132.949267 140.382682 151.864286 425.196235
3860.000 133.298118 140.860135 152.299236 426.457489
3880.000 133.697338 141.307944 152.673509 427.678790
3900.000 134.073706 141.762949 153.081449 428.918104
3920.000 134.426372 142.209559 153.510074 430.146006
3940.000 134.837840 142.661536 153.936234 431.435610
3960.000 135.257092 143.097579 154.385489 432.740160
3980.000 135.657082 143.481516 154.857787 433.996386
4000.000 136.059561 143.884680 155.326113 435.270353
4020.000 136.401341 144.277037 155.767659 436.446037
4040.000 136.789323 144.672441 156.264998 437.726761
4060.000 137.193638 145.003081 156.778856 438.975575
4080.000 137.619600 145.385225 157.280969 440.285795
4100.000 138.010495 145.746297 157.821702 441.578494
4120.000 138.330895 146.102507 158.380002 442.813404
4140.000 138.724172 146.445792 158.943118 444.113081
4160.000 139.075970 146.765387 159.449271 445.290628
4180.000 139.387137 147.094894 159.999641 446.481672
4200.000 139.708668 147.417218 160.517572 447.643458
4220.000 140.019524 147.802201 161.068680 448.890406
4240.000 140.299225 148.189679 161.681489 450.170394
4260.000 140.546176 148.629825 162.267192 451.443192
4280.000 140.803058 149.035959 162.868251 452.707267
4300.000 141.114445 149.389484 163.436707 453.940636
4320.000 141.353579 149.831192 164.004690 455.189460
4340.000 141.612510 150.244394 164.620178 456.477082
4360.000 141.872908 150.651780 165.255481 457.780168
4380.000 142.156999 151.044926 165.913703 459.115628
4400.000 142.406647 151.436939 166.563512 460.407098
4420.000 142.660231 151.864425 167.198637 461.723294
4440.000 142.873900 152.289811 167.813636 462.977346
4460.000 143.140315 152.719329 168.472186 464.331830
4480.000 143.405153 153.075672 169.046252 465.527077
4500.000 143.629140 153.447160 169.599111 466.675411
4520.000 143.815637 153.838917 170.214791 467.869344
4540.000 144.005319 154.215423 170.822531 469.043273
4560.000 144.226657 154.554556 171.469172 470.250386
4580.000 144.448658 154.856194 172.226713 471.531564
4600.000 144.595207 155.249702 172.967010 472.811919
4620.000 144.810073 155.604773 173.684176 474.099022
4640.000 145.036707 155.932976 174.335445 475.305128
4660.000 145.261622 156.294621 175.013042 476.569285
4680.000 145.508161 156.621276 175.654437 477.783874
4700.000 145.738405 156.992893 176.352961 479.084259
4720.000 146.046701 157.399977 177.005192 480.451870
4740.000 146.295710 157.723761 177.720159 481.739629
4760.000 146.576341 158.098384 178.428046 483.102770
4780.000 146.913120 158.487359 179.157993 484.558472
4800.000 147.199086 158.836697 179.803699 485.839482
4820.000 147.533999 159.278137 180.475392 487.287527
4840.000 147.880333 159.618366 181.058418 488.557117
4860.000 148.277095 159.987940 181.612725 489.877759
4880.000 148.649229 160.379902 182.202832 491.231963
4900.000 149.030510 160.750473 182.830188 492.611171
4920.000 149.350953 161.150187 183.399511 493.900651
4940.000 149.654904 161.526763 183.887108 495.068775
4960.000 149.951225 161.847064 184.461694 496.259983
4980.000 150.297027 162.175612 185.025143 497.497783
5000.000 150.534410 162.491959 185.588402 498.614771
5020.000 150.742895 162.815692 186.166091 499.724678
5040.000 150.934398 163.202891 186.670617 500.807906
5060.000 151.102543 163.541088 187.217383 501.861014
5080.000 151.300281 163.922476 187.742851 502.965608
5100.000 151.471445 164.303303 188.207747 503.982495
5120.000 151.728546 164.731641 188.717953 505.178140
5140.000 151.922777 165.157218 189.213192 506.293187
5160.000 152.104660 165.594231 189.607666 507.306557
5180.000 152.386148 166.011055 190.010989 508.408192
5200.000 152.616624 166.427056 190.396230 509.439910
5220.000 152.868658 166.821699 190.872352 510.562709
5240.000 153.119061 167.134950 191.319515 511.573527
5260.000 153.371610 167.450208 191.696380 512.518198
5280.000 153.589092 167.681637 192.092459 513.363189
5300.000 153.874267 167.990121 192.458681 514.323068
5320.000 154.204057 168.267676 192.788541 515.260274
5340.000 154.546607 168.552910 193.245207 516.344723
5360.000 154.825962 168.850539 193.611037 517.287538
5380.000 155.097929 169.144630 194.003069 518.245628
5400.000 155.382443 169.491276 194.418183 519.291902
5420.000 155.577543 169.710202 194.835981 520.123726
5440.000 155.779054 170.014597 195.310613 521.104265
5460.000 155.972180 170.287234 195.709323 521.968737
5480.000 156.205478 170.537839 196.130810 522.874128
5500.000 156.409571 170.807396 196.500104 523.717071
5520.000 156.666257 171.111619 196.861436 524.639312
5540.000 156.916513 171.368549 197.174654 525.459716
5560.000 157.163595 171.667271 197.486492 526.317358
5580.000 157.305360 171.972780 197.765571 527.043710
5600.000 157.432529 172.241744 198.065201 527.739474
5620.000 157.619293 172.549882 198.406593 528.575767
5640.000 157.744861 172.859099 198.695980 529.299940
5660.000 157.893616 173.138896 198.901259 529.933771
5680.000 157.988884 173.448617 199.194955 530.632456
5700.000 158.104009 173.818190 199.387058 531.309257
5720.000 158.218412 174.196368 199.599973 532.014753
5740.000 158.337608 174.618630 199.881726 532.837964
5760.000 158.425089 175.005673 200.135186 533.565949
5780.000 158.470008 175.327011 200.387028 534.184047
5800.000 158.533588 175.617221 200.598904 534.749712
5820.000 158.591791 175.915872 200.844083 535.351747
5840.000 158.804587 176.287964 201.113579 536.206129
5860.000 159.038837 176.666415 201.386001 537.091253
5880.000 159.302220 177.031388 201.679563 538.013171
5900.000 159.528234 177.434636 202.006828 538.969698
5920.000 159.798672 177.807135 202.340619 539.946427
5940.000 160.133834 178.184102 202.644688 540.962624
5960.000 160.474061 178.535032 202.886703 541.895796
5980.000 160.818078 178.690044 203.110507 542.618629
6000.000 161.100565 178.919449 203.464739 543.484753
6020.000 161.336512 179.132299 203.776198 544.245010
6040.000 161.568902 179.354937 203.994257 544.918096
6060.000 161.824916 179.499575 204.120883 545.445375
6080.000 162.060620 179.706357 204.325950 546.092927
6100.000 162.332489 179.961280 204.571662 546.865431
6120.000 162.598473 180.220007 204.838950 547.657430
6140.000 162.807319 180.543052 205.165692 548.516062
6160.000 163.125581 180.837723 205.513459 549.476764
6180.000 163.377695 181.217995 205.812218 550.407909
6200.000 163.586958 181.566814 206.105009 551.258781
6220.000 163.787627 181.900561 206.406206 552.094394
6240.000 163.952259 182.239593 206.681918 552.873769
6260.000 164.210297 182.615663 206.847675 553.673635
6280.000 164.505180 182.988482 207.001142 554.494804
6300.000 164.741285 183.317509 207.092268 555.151061
6320.000 165.047968 183.703473 207.243433 555.994875
6340.000 165.401013 184.054613 207.362020 556.817646
6360.000 165.815870 184.481880 207.612699 557.910448
6380.000 166.123192 184.933630 207.776177 558.832999
6400.000 166.488020 185.342361 207.854264 559.684645
6420.000 166.924756 185.676604 207.890410 560.491771
6440.000 167.406561 186.029454 207.975694 561.411709
6460.000 167.844529 186.470622 208.185252 562.500403
6480.000 168.223482 186.865544 208.428386 563.517412
6500.000 168.580989 187.298611 208.661901 564.541501
6520.000 168.982814 187.830702 208.872966 565.686482
6540.000 169.312026 188.302422 209.190205 566.804653
6560.000 169.606084 188.803907 209.468377 567.878367
6580.000 169.905705 189.189912 209.797981 568.893598
6600.000 170.147742 189.657819 210.041760 569.847321
6620.000 170.320812 190.170541 210.342361 570.833714
6640.000 170.454838 190.685011 210.582450 571.722300
6660.000 170.500527 191.300517 210.774013 572.575057
6680.000 170.706836 191.833711 210.968997 573.509544
6700.000 170.946670 192.400315 211.248882 574.595866
6720.000 171.196134 192.982624 211.570528 575.749286
6740.000 171.287636 193.544188 211.755699 576.587523
6760.000 171.401732 194.123649 212.056506 577.581886
6780.000 171.501840 194.676718 212.324963 578.503522
6800.000 171.686946 195.168389 212.668483 579.523818
6820.000 171.895722 195.622334 212.973272 580.491329
6840.000 172.049545 196.256888 213.138081 581.444513
6860.000 172.261966 196.877412 213.295713 582.435091
6880.000 172.424698 197.577520 213.459839 583.462057
6900.000 172.484999 198.239645 213.722182 584.446826
6920.000 172.661651 198.838624 213.927286 585.427562
6940.000 172.830774 199.595013 214.266947 586.692733
6960.000 173.057503 200.287811 214.543900 587.889215
6980.000 173.303984 200.916429 214.847359 589.067773
7000.000 173.502526 201.579493 215.149072 590.231091
7020.000 173.756550 202.261524 215.430337 591.448410
7040.000 174.015119 202.900456 215.751010 592.666585
7060.000 174.155153 203.585134 216.246680 593.986967
7080.000 174.246697 204.197729 216.714121 595.158548
7100.000 174.379844 204.736094 217.117013 596.232951
7120.000 174.498349 205.326265 217.538516 597.363130
7140.000 174.650427 205.817355 218.027571 598.495353
7160.000 174.743607 206.337393 218.574824 599.655825
7180.000 174.949245 206.899000 219.223270 601.071515
7200.000 175.167480 207.306280 219.866603 602.340364
7220.000 175.198117 207.708520 220.459080 603.365717
7240.000 175.220619 208.069417 221.044500 604.334536
7260.000 175.228394 208.426613 221.561825 605.216833
7280.000 175.334132 208.797675 222.113080 606.244887
7300.000 175.532999 209.215809 222.593478 607.342286
7320.000 175.635590 209.538111 223.194537 608.368237
7340.000 175.692271 209.808592 223.906870 609.407734
7360.000 175.810129 210.031031 224.614423 610.455583
7380.000 176.007704 210.216480 225.412562 611.636746
7400.000 176.171553 210.428399 226.190309 612.790261
7420.000 176.370751 210.713495 226.952622 614.036869
7440.000 176.567399 210.912864 227.720496 615.200759
7460.000 176.789680 211.307596 228.553438 616.650714
7480.000 177.142742 211.598402 229.310629 618.051773
7500.000 177.332889 211.962707 230.054809 619.350404
7520.000 177.630018 212.266520 230.718463 620.615001
7540.000 177.869275 212.521821 231.363575 621.754670
7560.000 178.248716 212.910337 232.064169 623.223222
7580.000 178.739087 213.298701 232.697591 624.735380
7600.000 179.146701 213.650370 233.298277 626.095348
7620.000 179.588838 214.000840 233.894175 627.483853
7640.000 179.865678 214.319645 234.409406 628.594729
7660.000 180.217091 214.735153 235.048202 630.000446
7680.000 180.600599 215.046997 235.721244 631.368841
7700.000 180.946632 215.398874 236.382005 632.727511
7720.000 181.285760 215.742366 237.025604 634.053730
7740.000 181.530617 216.105095 237.895234 635.530946
7760.000 181.698022 216.351966 238.770875 636.820863
7780.000 181.857294 216.769663 239.710424 638.337382
7800.000 182.104079 217.188229 240.650792 639.943100
7820.000 182.300760 217.531331 241.452473 641.284564
7840.000 182.509579 217.930373 242.349876 642.789828
7860.000 182.655719 218.305645 243.228339 644.189703
7880.000 182.669965 218.619327 244.059546 645.348839
7900.000 182.688601 218.861444 244.737956 646.288001
7920.000 182.759436 219.158331 245.351203 647.268970
7940.000 182.892307 219.436648 246.165721 648.494676
7960.000 183.121550 219.698448 246.817942 649.637940
7980.000 183.556702 220.075471 247.444499 651.076672
8000.000 183.953928 220.437236 248.113396 652.504560
8020.000 184.346881 220.683365 248.647137 653.677383
8040.000 184.727596 220.938691 249.220263 654.886550
8060.000 185.101407 221.236704 249.793938 656.132048
8080.000 185.479230 221.597795 250.433905 657.510930
8100.000 185.955546 221.983119 251.118044 659.056709
8120.000 186.368102 222.227006 251.855262 660.450369
8140.000 186.941401 222.553515 252.662121 662.157038
8160.000 187.621190 222.904978 253.479456 664.005624
8180.000 188.347317 223.240090 254.287347 665.874754
8200.000 188.941327 223.429277 254.908874 667.279478
8220.000 189.620526 223.634535 255.572721 668.827782
8240.000 190.213465 223.832597 256.387505 670.433566
8260.000 190.629575 224.085320 257.186347 671.901242
8280.000 191.060889 224.552487 257.768805 673.382181
8300.000 191.526682 225.040877 258.317280 674.884838
8320.000 191.868010 225.502011 258.914586 676.284607
8340.000 192.250952 226.063890 259.760300 678.075143
8360.000 192.645213 226.546830 260.770056 679.962099
8380.000 192.875910 227.130341 261.821127 681.827378
8400.000 193.146054 227.690012 262.779973 683.616039
8420.000 193.292500 228.301424 263.879058 685.472982
8440.000 193.578343 229.029235 264.911627 687.519204
8460.000 194.011373 229.400095 265.838856 689.250324
8480.000 194.426860 229.725091 266.896105 691.048056
8500.000 194.972948 230.282163 268.013166 693.268277
8520.000 195.364527 230.763933 268.851385 694.979845
8540.000 195.513698 231.288005 269.799920 696.601623
8560.000 195.810344 231.701283 270.819290 698.330917
8580.000 196.199536 232.061212 271.859310 700.120057
8600.000 196.676781 232.433236 272.752581 701.862598
8620.000 197.129726 232.957363 273.585420 703.672509
8640.000 197.590395 233.612020 274.413786 705.616201
8660.000 197.938712 234.262562 275.323468 707.524742
8680.000 198.484053 234.744814 276.183344 709.412211
8700.000 198.846993 235.404025 277.113375 711.364393
8720.000 199.295141 236.004049 277.981164 713.280354
8740.000 199.809403 236.506732 278.750431 715.066566
8760.000 200.279163 236.939753 279.418729 716.637645
8780.000 200.749215 237.585505 280.277882 718.612602
8800.000 201.265889 238.189221 281.158036 720.613147
8820.000 201.708196 238.660972 282.080458 722.449626
8840.000 202.122115 239.004151 282.848127 723.974394
8860.000 202.614944 239.489184 283.657739 725.761866
8880.000 202.925567 240.060774 284.444614 727.430955
8900.000 203.379159 240.492638 285.501739 729.373536
8920.000 203.631014 240.905998 286.376766 730.913778
8940.000 203.916820 241.344458 287.166176 732.427454
8960.000 203.946568 241.693887 287.919249 733.559704
8980.000 204.031544 242.185577 288.782122 734.999242
9000.000 204.262520 242.354527 289.418148 736.035196
9020.000 204.449488 242.764315 290.142641 737.356444
9040.000 204.758185 243.023120 290.776720 738.558026
9060.000 204.951816 243.391293 291.172093 739.515202
9080.000 205.160023 243.793057 291.414500 740.367581
9100.000 205.169700 244.088286 291.819200 741.077186
9120.000 205.119910 244.449822 291.922220 741.491952
9140.000 204.851840 244.893505 291.718796 741.464141
9160.000 205.053641 245.370439 291.162978 741.587059
9180.000 205.281638 245.640390 290.572669 741.494698
9200.000 205.267403 246.092815 289.865977 741.226194
9220.000 205.284099 246.487890 289.044372 740.816361
9240.000 205.433708 247.142845 288.610401 741.186954
9260.000 205.435728 247.762025 287.767442 740.965195
9280.000 205.650771 248.407215 287.142377 741.200363
9300.000 205.510261 249.015164 286.444744 740.970169
9320.000 205.702124 249.383029 285.303735 740.388888
9340.000 205.791328 249.727675 284.655639 740.174642
9360.000 205.902357 249.907289 284.165411 739.975056
9380.000 206.032618 250.282546 283.869923 740.185088
9400.000 206.115359 250.485878 283.451323 740.052560
9420.000 206.366927 251.257287 283.316328 740.940542
9440.000 206.438239 251.666445 283.602832 741.707515
9460.000 206.811375 251.982061 283.477778 742.271215
9480.000 206.932590 252.623560 283.307913 742.864064
9500.000 206.752847 253.536775 283.093321 743.382943
9520.000 206.744451 254.389518 282.335838 743.469807
9540.000 206.820085 255.304157 281.402704 743.526946
9560.000 206.693704 256.133373 279.913595 742.740672
9580.000 205.940463 256.149958 278.502234 740.592655
9600.000 205.943948 256.647793 278.217633 740.809374
9620.000 205.982760 257.102022 278.349808 741.434590
9640.000 205.646184 256.903254 279.112649 741.662088
9660.000 205.523398 256.892450 278.999374 741.415222
9680.000 205.108577 256.456321 277.795308 739.360205
9700.000 204.809835 255.894868 277.446604 738.151306
9720.000 205.045187 255.092161 277.560354 737.697703
9740.000 205.947774 254.368818 277.463836 737.780428
9760.000 206.707560 252.986034 277.150560 736.844154
9780.000 207.486399 251.603204 277.575009 736.664612
9800.000 208.779825 250.672231 278.862942 738.314998
9820.000 210.015734 250.407962 280.670879 741.094575
9840.000 211.048288 250.320524 281.379907 742.748719
9860.000 211.442674 249.815835 282.329051 743.587560
9880.000 211.525325 250.001557 283.796658 745.323540
9900.000 210.623379 251.014809 288.564532 750.202720
9920.000 209.916555 251.644938 291.979114 753.540607
9940.000 212.010332 251.890911 293.991280 757.892523
9960.000 218.440663 254.933687 292.795417 766.169767
9980.000 229.501685 259.151181 290.966506 779.619373
10000.000 242.835130 269.459392 289.979441 802.273963
