#./odf_intra.dat
# odfintra Version: intra-chain ODF with P2 and pxy
# 49900 vectors per frame, 499 vectors per chain, 100 chains
# P1(n) = <u(0)u(n)> = <costhe>  
# P2(n) = 1/2*<3*(u(0)u(n))^2 - 1> = 1/2<3*costhe^2 - 1> 2nd Legendre polynomial 
# P2 values +1: Parallel, -0.5: orthogonal, 0: No correlation # u(0) u(n) are unit vectors at distance n bonds.  
# n  P1  P2  pxy  pxy2  xx yy zz  x4 y4 z4  xxyy xxzz yyzz
# frames 151
 0 1.0 1.0 1.0 1.0  1.0 1.0 1.0  1.0 1.0 1.0  1.0 1.0 1.0
1 0.4014508 -0.24929576 -0.00814752 1.2618 0.133518 0.134164 0.133768 0.0887865 0.0890709 0.0889814 -0.0165629 -0.0166216 -0.0166668
2 0.584686 0.45376229 -0.00864064 1.45025 0.194526 0.195232 0.194928 0.151185 0.151793 0.15146 0.0301941 0.0302564 0.0302516
3 0.38379826 -0.20167558 -0.00836709 1.27451 0.12763 0.128322 0.127846 0.0930559 0.0933264 0.0932063 -0.0134128 -0.0134592 -0.0134807
4 0.39743225 0.24143154 -0.00882673 1.39435 0.13215 0.132766 0.132517 0.132281 0.132843 0.132572 0.0160479 0.0161288 0.016119
5 0.30569771 -0.13026902 -0.00885157 1.29409 0.101578 0.102288 0.101832 0.0994072 0.0996703 0.0995318 -0.00865391 -0.00870572 -0.00870132
6 0.28562868 0.133656 -0.00863724 1.36558 0.0949105 0.0954931 0.0952251 0.122682 0.123207 0.122981 0.00888253 0.00896603 0.00893538
7 0.23432039 -0.081087002 -0.00899017 1.30712 0.0777477 0.0785243 0.0780485 0.103785 0.104075 0.103917 -0.00539824 -0.00542117 -0.00543126
8 0.20958839 0.07502608 -0.00891784 1.34978 0.0695231 0.0702583 0.069807 0.117478 0.11798 0.117819 0.00496293 0.00503596 0.00503775
9 0.17669405 -0.049237712 -0.00941497 1.31577 0.0585522 0.0592676 0.0588742 0.106601 0.106923 0.106756 -0.00324963 -0.00331189 -0.00332399
10 0.15496498 0.04291956 -0.00932447 1.34095 0.0511463 0.0520678 0.0517509 0.114695 0.115093 0.114927 0.00282274 0.00289757 0.00289541
11 0.13204444 -0.029529677 -0.0092632 1.32099 0.0435587 0.0442918 0.0441939 0.108303 0.108719 0.108488 -0.00195033 -0.00201175 -0.00196953
12 0.11480798 0.024763797 -0.00948201 1.33543 0.0377506 0.0386145 0.0384428 0.113112 0.113489 0.113325 0.00162099 0.0016898 0.00164756
13 0.097955701 -0.017232983 -0.00907386 1.32456 0.0321216 0.0329787 0.0328554 0.109385 0.109805 0.109568 -0.00112652 -0.00121276 -0.00111762
14 0.08499804 0.014551446 -0.00924279 1.33291 0.027898 0.0286724 0.0284276 0.112186 0.112562 0.112408 0.000940138 0.00102449 0.000974415
15 0.072659008 -0.010067748 -0.00892568 1.32629 0.0237237 0.0244689 0.0244665 0.110011 0.110452 0.110181 -0.000624955 -0.000731149 -0.000655446
16 0.063027791 0.0086229309 -0.00868095 1.33178 0.0204514 0.021317 0.0212594 0.111669 0.112042 0.111902 0.000566756 0.000598915 0.000568689
17 0.053782818 -0.005703789 -0.00857839 1.32695 0.0173824 0.0181874 0.0182131 0.110396 0.110849 0.110562 -0.000376742 -0.00040118 -0.000360198
18 0.046551026 0.0051354964 -0.0084434 1.33067 0.0148471 0.0158574 0.0158466 0.111375 0.11176 0.111597 0.00031526 0.00036257 0.000334731
19 0.039724636 -0.0029703633 -0.00829415 1.328 0.0126263 0.0135478 0.0135506 0.110634 0.111108 0.110801 -0.00020264 -0.000210399 -0.00018178
20 0.034476593 0.0029506818 -0.00837408 1.32968 0.0109144 0.0117491 0.0118131 0.111214 0.111616 0.111432 0.000159188 0.000187775 0.000172422
21 0.029141401 -0.0011419331 -0.00864368 1.32856 0.00911738 0.0101886 0.00983541 0.1108 0.111237 0.110965 -0.000105709 -7.89262e-05 -3.0428e-05
22 0.025320574 0.0017299638 -0.00787811 1.32923 0.00777243 0.00885511 0.00869304 0.1111 0.111533 0.111291 7.49933e-05 0.000113098 9.31142e-05
23 0.021686026 -0.00028272654 -0.00814021 1.32882 0.00667588 0.00766864 0.00734151 0.110879 0.111306 0.111026 -1.92056e-05 -1.72092e-05 3.11777e-06
24 0.018434879 0.00086843174 -0.00772536 1.32942 0.00547601 0.00661413 0.00634473 0.110988 0.111423 0.111216 4.10288e-05 6.98718e-05 3.17351e-05
25 0.015959478 3.2439778e-05 -0.00740919 1.32855 0.00485949 0.00572346 0.00537653 0.110899 0.111357 0.111078 -2.50251e-05 -8.13776e-06 4.3857e-05
26 0.013450624 0.00091594166 -0.00698723 1.32938 0.00393661 0.00494011 0.00457391 0.111009 0.111424 0.111194 6.08913e-05 7.07078e-05 2.70879e-05
27 0.011403281 3.0555285e-05 -0.00700725 1.32864 0.00336008 0.00414169 0.00390151 0.110875 0.11138 0.111069 -2.6016e-05 -2.79609e-05 6.86058e-05
28 0.0095470639 0.00084848372 -0.00664311 1.32959 0.00278333 0.00359323 0.00317051 0.111023 0.111398 0.111198 5.18935e-05 9.18262e-05 -3.83449e-06
29 0.0080257423 -0.00014258609 -0.00620588 1.32875 0.00234864 0.00313762 0.00253949 0.110847 0.11132 0.111088 -1.57796e-05 -3.04509e-05 3.79514e-05
30 0.0068304403 0.00081698227 -0.00653209 1.33035 0.00189011 0.00270114 0.00223918 0.110967 0.111378 0.11118 5.95414e-05 6.99551e-05 4.72552e-05
31 0.0054941305 -0.00013238522 -0.00630244 1.32843 0.00154623 0.00224796 0.00169994 0.110857 0.111323 0.111097 -1.66323e-05 -1.04313e-06 1.87927e-06
32 0.0045667492 0.00088628635 -0.00700732 1.33048 0.00118589 0.00205069 0.00133017 0.110988 0.11138 0.111191 6.99084e-05 6.52712e-05 4.72186e-05
33 0.0035516138 5.4336687e-05 -0.0066396 1.32854 0.000807576 0.00158527 0.00115877 0.110883 0.111341 0.111095 -9.0808e-08 6.69122e-06 1.8899e-05
34 0.0031116319 0.00076568994 -0.00688786 1.33024 0.000695197 0.00148315 0.000933284 0.111001 0.111381 0.111195 2.19831e-05 5.73358e-05 5.37679e-05
35 0.0021614134 0.00014236229 -0.00725952 1.32881 0.00044433 0.000982502 0.000734581 0.11087 0.111342 0.111086 2.44862e-05 1.34423e-05 2.73213e-05
36 0.0019493212 0.00054973598 -0.00732472 1.33047 0.000295121 0.0010887 0.000565505 0.110987 0.111365 0.111122 3.03926e-05 6.02662e-05 2.23959e-05
37 0.001158761 0.00017397786 -0.00736927 1.32882 3.06801e-05 0.000675971 0.00045211 0.110889 0.111319 0.111108 3.08004e-05 1.85514e-05 1.7848e-05
38 0.0011553007 0.00045019429 -0.00786042 1.3303 0.00013478 0.000773196 0.000247324 0.110996 0.111362 0.11114 2.31174e-05 4.23703e-05 1.59881e-06
39 0.00065400294 7.0770766e-05 -0.00732222 1.32851 3.02452e-06 0.000538087 0.000112891 0.110884 0.111305 0.111139 1.6844e-05 1.34457e-05 -4.05599e-06
40 0.00053575852 0.00049788361 -0.00773327 1.33054 1.191e-05 0.000469822 5.40261e-05 0.110923 0.111349 0.111137 4.05314e-05 7.71405e-05 1.04112e-05
41 0.000100392 0.00015280972 -0.0080039 1.32866 -0.00011231 0.00041418 -0.000201478 0.110836 0.111306 0.11114 3.12636e-05 3.39283e-05 1.14246e-05
42 7.8979296e-05 0.0003069151 -0.00718811 1.33048 -8.78108e-05 0.000243942 -7.71523e-05 0.110869 0.111333 0.11112 2.54882e-05 5.76656e-05 2.46655e-05
43 -8.9029807e-05 0.00017636487 -0.00781157 1.32896 -0.000218548 0.000310367 -0.000180849 0.110873 0.111287 0.111121 4.63186e-05 2.59532e-05 1.2465e-05
44 -0.00025609655 0.00032226421 -0.00629752 1.33016 -0.000208535 0.000115486 -0.000163048 0.110865 0.111335 0.11114 3.04577e-05 6.44022e-05 8.99967e-06
45 -0.00020906542 0.00018353204 -0.00711875 1.32869 -0.000338138 0.00027597 -0.000146897 0.110905 0.111314 0.111152 2.49065e-05 3.03297e-05 -1.27831e-05
46 -0.00028480355 0.00029258953 -0.00635275 1.3296 -0.000327625 0.000144838 -0.000102017 0.110879 0.11135 0.111155 2.85167e-05 5.9955e-05 -1.62709e-05
47 -0.00037393545 0.00016458867 -0.00566325 1.32896 -0.000352876 7.56367e-05 -9.66965e-05 0.110911 0.111311 0.111125 2.87324e-05 -7.00222e-07 1.98117e-05
48 -0.00039560516 -2.19011e-06 -0.00643267 1.33 -0.000392392 3.96487e-05 -4.28621e-05 0.110887 0.111284 0.111105 1.98264e-05 -3.22462e-06 1.16156e-05
49 -0.00046165898 0.00031841837 -0.00629695 1.32853 -0.000439038 4.26337e-05 -6.52545e-05 0.110908 0.111342 0.111122 2.3761e-05 2.47411e-05 3.84268e-05
50 -0.00044686834 -7.8562552e-05 -0.00605353 1.3303 -0.000388691 -6.28769e-06 -5.18897e-05 0.110894 0.111296 0.111056 2.1131e-05 -2.74379e-05 2.35684e-05
51 -0.00061367248 0.00032928528 -0.00605715 1.32852 -0.000390861 -4.81742e-05 -0.000174637 0.110929 0.111359 0.111122 -5.08089e-06 4.76881e-05 2.89421e-05
52 -0.00048137631 8.6819572e-05 -0.00552035 1.33024 -0.000387614 -2.53205e-05 -6.84415e-05 0.110894 0.111337 0.111064 6.13539e-05 -9.03698e-06 -4.26164e-06
53 -0.00064922649 0.00024707846 -0.00523971 1.32843 -0.000504592 -4.91419e-05 -9.54923e-05 0.110939 0.111294 0.111126 1.07794e-05 2.00488e-05 3.8727e-05
54 -0.00069168013 0.00031218437 -0.00472927 1.33037 -0.000441797 -0.000136095 -0.000113788 0.110924 0.111365 0.111033 4.7273e-05 6.03875e-05 1.79379e-06
55 -0.00083932254 8.4686029e-05 -0.0047717 1.3281 -0.000615569 -0.000174263 -4.94901e-05 0.110948 0.111301 0.111131 -2.7678e-05 -1.29791e-05 4.50989e-05
56 -0.00084562367 0.00039014812 -0.00461084 1.33022 -0.00044584 -0.000195292 -0.000204492 0.110907 0.11141 0.111068 5.92459e-05 4.98933e-05 -4.76557e-06
57 -0.00094741242 1.047777e-05 -0.00488024 1.3279 -0.000672389 -0.000139861 -0.000135163 0.110965 0.111284 0.111147 -5.50414e-06 -3.66541e-05 1.42442e-05
58 -0.00071929321 0.0003834237 -0.00514085 1.33008 -0.000370461 -0.000228054 -0.000120778 0.110868 0.111414 0.111085 6.79456e-05 3.5384e-05 7.96661e-06
59 -0.0010553172 4.8892689e-06 -0.00490124 1.32794 -0.000699681 -0.000250922 -0.000104715 0.110943 0.111313 0.111147 1.11674e-06 -5.47738e-05 2.04906e-05
60 -0.00080944217 0.00023515024 -0.00465244 1.32972 -0.000419434 -0.00025827 -0.000131738 0.110897 0.111385 0.111077 2.05944e-05 3.38299e-05 1.12095e-05
61 -0.00082075081 0.00018429037 -0.00471411 1.32895 -0.000537889 -0.000233708 -4.91541e-05 0.110952 0.111343 0.11113 5.15911e-06 -1.22565e-05 2.2715e-05
62 -0.00075521682 0.00029141019 -0.00400318 1.32933 -0.000491888 -0.000220268 -4.30604e-05 0.110984 0.111429 0.111095 3.78024e-06 1.49774e-06 4.49954e-06
63 -0.00074191213 7.9215824e-05 -0.00429964 1.3289 -0.000447473 -0.000322955 2.85155e-05 0.110935 0.111311 0.111111 -3.11165e-05 1.4479e-05 3.12019e-05
64 -0.00055360675 0.00057367845 -0.00399169 1.32939 -0.000408217 -0.000229149 8.37591e-05 0.110976 0.111458 0.111099 4.54184e-05 3.07672e-05 1.5075e-05
65 -0.00055974474 0.00012914485 -0.00316234 1.32914 -0.000321656 -0.000241094 3.00491e-06 0.110891 0.111278 0.11112 -4.17232e-05 4.64713e-05 6.03369e-05
66 -0.00064894252 0.00049544643 -0.00316132 1.32941 -0.000407013 -0.000344078 0.000102148 0.110959 0.11148 0.111114 3.72181e-05 6.49905e-06 1.16588e-05
67 -0.000576189 -0.00014359328 -0.00316399 1.32893 -0.000274184 -0.000428094 0.000126089 0.110892 0.111259 0.111066 -4.16735e-05 3.33171e-05 1.8585e-05
68 -0.00081252391 0.00037592152 -0.00234118 1.32982 -0.000407847 -0.000420805 1.61284e-05 0.110925 0.111433 0.111102 5.63701e-05 -1.88262e-05 2.45743e-05
69 -0.00053525343 -0.00025529128 -0.00285438 1.32894 -0.000263882 -0.000338851 6.74791e-05 0.110923 0.111248 0.111039 -3.84716e-05 3.55684e-05 -2.07547e-05
70 -0.00068924011 0.00025484184 -0.00243482 1.32979 -0.000359821 -0.000310121 -1.92984e-05 0.110926 0.111406 0.111139 4.8133e-05 -1.47866e-05 -1.73008e-05
71 -0.00040842694 -0.00021327605 -0.0021216 1.3288 -0.000275454 -0.000186195 5.32223e-05 0.110927 0.111292 0.111082 -8.21058e-05 2.79325e-05 -6.91293e-07
72 -0.00071347938 0.00050978012 -0.00178947 1.33016 -0.000424135 -0.000159038 -0.000130307 0.110936 0.111432 0.111189 6.16942e-05 -1.9379e-05 1.56038e-05
73 -0.00034215428 -0.00013765662 -0.00201708 1.32831 -0.00014011 -0.00011398 -8.80634e-05 0.110934 0.111336 0.111081 -4.9722e-05 2.69343e-05 -3.22894e-05
74 -0.0006433215 0.0004903406 -0.00193817 1.33066 -0.000377016 -4.33658e-05 -0.00022294 0.110945 0.111392 0.111134 6.88687e-05 -6.74867e-06 3.24742e-05
75 -0.00033519973 -6.894587e-05 -0.00295541 1.32707 -3.1256e-05 -0.000140567 -0.000163377 0.110933 0.111379 0.111074 -5.92634e-05 4.87789e-05 -3.87174e-05
76 -0.00045721726 0.00059617679 -0.00228007 1.3315 -0.000235019 -6.41292e-05 -0.000158069 0.11094 0.111349 0.111153 7.09748e-05 2.0148e-06 7.14777e-05
77 -0.00038164786 7.121203e-05 -0.00257554 1.32689 8.7291e-05 -0.00017783 -0.000291109 0.110956 0.111425 0.111071 -5.08622e-05 4.51706e-05 -2.9987e-05
78 -0.0003875117 0.00048126718 -0.00204425 1.33169 -0.000103239 -0.000129995 -0.000154278 0.110894 0.111339 0.111132 4.45729e-05 9.46892e-06 9.05975e-05
79 -0.00033680732 -0.00024394873 -0.00234819 1.32694 -1.67744e-05 -6.54389e-05 -0.000254594 0.110958 0.11136 0.111007 -4.61402e-05 -3.4179e-06 -2.75905e-05
80 -0.00038352842 0.00057698656 -0.00272585 1.33173 -6.44038e-05 -0.000239245 -7.98799e-05 0.110888 0.111373 0.111165 4.29226e-05 2.66351e-05 7.66289e-05
81 -0.00040292724 3.2200742e-06 -0.00270514 1.32737 -8.89357e-05 -0.000157749 -0.000156242 0.110939 0.111343 0.111055 -3.97603e-05 1.78105e-05 2.1054e-05
82 -0.00060862308 0.00056891164 -0.00247896 1.33102 -0.000126581 -0.000382843 -9.91988e-05 0.110912 0.111407 0.111193 2.79761e-05 -4.97805e-06 7.71563e-05
83 -0.00059602646 -6.6834928e-05 -0.0030847 1.32723 -0.000155817 -0.000305139 -0.00013507 0.11095 0.111315 0.111093 -3.95015e-05 4.35834e-06 4.37928e-07
84 -0.00065768599 0.00048438638 -0.00240946 1.33011 -7.88597e-05 -0.000542732 -3.6094e-05 0.110917 0.111434 0.111171 4.96537e-05 -6.95099e-06 2.45566e-05
85 -0.00067293548 -0.00010289191 -0.00273539 1.32758 -0.000156814 -0.000470969 -4.51526e-05 0.110911 0.111349 0.11112 -6.14913e-05 1.97093e-05 -1.58451e-05
86 -0.00072407269 0.00046548798 -0.00314462 1.33034 -0.000121016 -0.000636465 3.34078e-05 0.110911 0.111404 0.111115 4.58028e-05 1.78866e-05 4.31215e-05
87 -0.00061072495 -0.00011014798 -0.00270235 1.3279 -9.12517e-05 -0.000467984 -5.14896e-05 0.110906 0.111349 0.111101 -3.98276e-05 -2.03042e-06 -5.78423e-06
88 -0.00090752365 0.00046573165 -0.00267547 1.33053 -0.000217608 -0.000687082 -2.83374e-06 0.110933 0.111385 0.111097 4.98209e-06 1.92415e-05 9.03059e-05
89 -0.0009035568 -0.00012558258 -0.00273614 1.32809 -0.000221642 -0.000634386 -4.75293e-05 0.110867 0.111333 0.111122 -2.38395e-05 1.09778e-05 -2.3124e-05
90 -0.0010199582 0.00024836112 -0.00248615 1.3301 -0.000311143 -0.000742375 3.35595e-05 0.110952 0.111397 0.111062 -4.01949e-05 1.81826e-05 6.57846e-05
91 -0.00087421487 9.8908328e-05 -0.00281334 1.32855 -0.000275171 -0.000595498 -3.54604e-06 0.110882 0.111341 0.111167 -1.02151e-05 1.60017e-05 -9.95219e-07
92 -0.0011956368 0.00028121081 -0.00195842 1.32994 -0.000468999 -0.000824139 9.75006e-05 0.110984 0.111407 0.111052 -2.10177e-05 5.79084e-06 5.40115e-05
93 -0.0011266858 -9.2173272e-05 -0.00301763 1.32823 -0.000391496 -0.000753869 1.86788e-05 0.110904 0.111334 0.111156 -1.58973e-05 -3.29662e-05 -1.17579e-05
94 -0.001237795 7.4295898e-05 -0.00250093 1.32955 -0.000571923 -0.00086622 0.000200347 0.110962 0.111318 0.111065 3.07642e-05 -1.24531e-05 6.05549e-07
95 -0.0014367907 6.4507509e-06 -0.00270934 1.32832 -0.000545557 -0.000915853 2.46197e-05 0.110911 0.111376 0.111167 -3.08204e-05 -3.20931e-05 4.71691e-06
96 -0.0013365409 -0.00010678744 -0.00173723 1.33007 -0.000674433 -0.000934551 0.000272443 0.110915 0.111274 0.111053 3.98212e-05 1.51614e-05 -4.45692e-05
97 -0.0015612577 0.0001332599 -0.00221009 1.32842 -0.000725983 -0.000951868 0.000116593 0.110944 0.111382 0.111158 -3.16396e-05 -9.77066e-06 1.07249e-05
98 -0.001395181 0.00010139098 -0.00127699 1.32997 -0.000709091 -0.000921573 0.000235483 0.110878 0.111268 0.111108 5.27224e-05 1.34126e-05 6.92832e-06
99 -0.0016099388 0.00024772859 -0.00199138 1.32815 -0.000833287 -0.000939878 0.000163226 0.110962 0.111402 0.111121 -4.11597e-05 1.69064e-05 3.07196e-05
100 -0.0015306197 0.0001849605 -0.0018912 1.33 -0.000714752 -0.00109123 0.000275362 0.110887 0.111323 0.111102 2.85225e-05 3.2682e-05 1.16908e-05
101 -0.0014962453 0.00070205882 -0.0015897 1.32868 -0.000774997 -0.000949932 0.000228683 0.111005 0.111395 0.111155 -3.34381e-05 6.4788e-05 9.17499e-05
102 -0.0012331714 -0.00012682698 -0.001746 1.32943 -0.000638306 -0.00102342 0.00042856 0.110896 0.111283 0.11107 8.90459e-06 8.48431e-06 -1.7524e-05
103 -0.0011556217 0.00063778863 -0.00178081 1.3285 -0.00054427 -0.000975488 0.000364136 0.111022 0.111443 0.111152 -3.52826e-05 3.85392e-05 6.74089e-05
104 -0.0012098583 -0.00013275197 -0.0007963 1.32968 -0.000602098 -0.00104786 0.000440103 0.110894 0.11128 0.111064 5.13239e-05 -1.60668e-05 -3.19426e-05
105 -0.0009285232 0.00042844968 -0.00128114 1.3289 -0.000470254 -0.000923851 0.000465582 0.110976 0.111386 0.111124 -2.4854e-05 4.02928e-05 5.10097e-05
106 -0.0010895329 -0.00021448513 -0.000292826 1.32902 -0.000613155 -0.000924684 0.000448306 0.110895 0.111322 0.111069 1.56277e-06 -3.7129e-05 -1.18093e-05
107 -0.0007512294 0.00018016041 -0.000740685 1.3291 -0.000507837 -0.000768188 0.000524795 0.110943 0.111321 0.111103 4.03235e-06 2.30018e-05 1.61612e-05
108 -0.00076872034 -2.470016e-05 -0.000801546 1.32892 -0.0003174 -0.000875359 0.000424039 0.110931 0.111356 0.111111 2.82321e-05 -5.751e-05 -1.13334e-05
109 -0.00081417889 0.00012609562 -0.000547611 1.32945 -0.00048888 -0.000769194 0.000443895 0.110904 0.111273 0.111097 7.85266e-06 3.86455e-05 2.53731e-05
110 -0.00057759185 -0.00023309681 -0.000192156 1.32845 -0.000225879 -0.000765551 0.000413839 0.110968 0.11137 0.1111 -2.55495e-05 -7.46094e-05 -2.95717e-05
111 -0.00036273278 0.00023562284 -0.000431052 1.32988 -0.000152829 -0.000709391 0.000499487 0.1109 0.111284 0.111112 -2.3074e-05 4.06045e-05 7.96229e-05
112 -0.0005084083 -2.1691931e-05 0.000295576 1.32911 -0.000205757 -0.000754107 0.000451456 0.111016 0.111409 0.111114 5.56925e-05 -0.000116879 -4.88501e-05
113 -0.00030799387 0.00024757547 -7.33566e-05 1.33042 -3.35458e-05 -0.00061765 0.000343202 0.110858 0.111288 0.111125 -4.23754e-05 6.23102e-05 9.32757e-05
114 -0.00025845094 -8.9690812e-05 1.73762e-05 1.32918 -3.04092e-05 -0.000537087 0.000309045 0.110962 0.111371 0.111095 7.03897e-05 -0.000100588 -4.69625e-05
115 -0.00031974462 0.00026530155 2.37961e-05 1.33036 -0.00011614 -0.00039414 0.000190536 0.11087 0.111289 0.111131 -3.50983e-05 4.9683e-05 9.58694e-05
116 -0.00021528083 1.1812502e-05 0.000373698 1.3291 7.07305e-05 -0.000375012 8.90002e-05 0.110943 0.111343 0.111106 4.98251e-05 -7.00891e-05 -5.16515e-06
117 6.9072513e-05 0.00019219097 0.000388603 1.33006 2.84811e-05 -0.000281854 0.000322446 0.110862 0.111342 0.111086 -6.0366e-06 4.21207e-05 4.94289e-05
118 -0.00014481131 8.9151309e-05 0.000725339 1.32858 0.000152337 -0.000188436 -0.000108712 0.110933 0.111364 0.111106 1.91164e-05 -3.1109e-05 6.99805e-06
119 0.00010105628 0.00015601255 0.000862378 1.3301 0.000105757 -0.00016017 0.00015547 0.110882 0.111363 0.111038 3.6186e-06 2.44063e-05 4.88329e-05
120 -0.00012912624 0.00015952537 0.00170877 1.32851 0.000162739 -0.000166921 -0.000124944 0.11093 0.111368 0.111118 2.9342e-05 -1.16728e-05 -5.7691e-06
121 0.0001838734 -0.0001880305 0.000562993 1.32905 3.78516e-05 -4.20136e-05 0.000188035 0.11089 0.111337 0.111058 4.53234e-07 -3.14643e-05 -7.41817e-06
122 0.00010581478 0.00050917524 0.00165217 1.32836 0.000181676 3.17857e-05 -0.000107647 0.11094 0.111371 0.111143 2.338e-05 5.36433e-05 3.23824e-05
123 -0.00023940342 -0.00042479503 0.00105599 1.32911 6.40559e-05 -0.00020706 -9.63992e-05 0.110891 0.111327 0.111045 -1.33386e-05 -5.27882e-05 -4.04108e-05
124 1.3857435e-06 0.00062014944 0.00168548 1.32867 5.24197e-05 3.35735e-05 -8.46074e-05 0.110983 0.111389 0.111169 2.05323e-05 5.00748e-05 3.22249e-05
125 -0.00030325289 -0.00035341425 0.00194269 1.32948 5.33529e-05 -5.48864e-05 -0.000301719 0.110889 0.11132 0.111003 -2.68996e-05 -3.98562e-05 9.80744e-06
126 -0.00017091659 0.0004735196 0.0015468 1.32916 -0.000100853 8.61555e-05 -0.000156219 0.110921 0.111344 0.111163 4.10172e-05 5.78153e-05 1.16217e-05
127 -0.00042891998 -0.00065914745 0.00159813 1.32916 -0.000118412 -2.94933e-05 -0.000281015 0.110883 0.111284 0.111 -4.6065e-05 -5.201e-05 -3.80544e-05
128 -0.00029942864 0.00038934269 0.00198579 1.32892 -0.000208902 0.000172531 -0.000263057 0.110944 0.111351 0.111163 1.90456e-05 5.17656e-05 -3.15501e-06
129 -0.00058231182 -0.0005063119 0.00146396 1.32931 -0.000384003 7.6439e-05 -0.000274747 0.110873 0.111291 0.110996 -2.71195e-06 -3.76636e-05 -4.14465e-05
130 -0.00021300309 0.00041545033 0.00158671 1.32921 -0.000250023 0.000256744 -0.000219724 0.110957 0.111367 0.111188 3.84661e-05 -2.89503e-06 1.41626e-05
131 -0.00043082913 -0.00038998175 0.00152805 1.32921 -0.000320137 0.000139107 -0.000249799 0.110857 0.111277 0.111024 -3.03152e-05 -1.66227e-05 4.4091e-06
132 -0.00046030201 0.0007275481 0.00139131 1.32984 -0.000378922 0.000171354 -0.000252734 0.110986 0.11135 0.111134 8.34787e-05 5.15875e-05 3.9036e-05
133 -0.00049646987 -0.00029528427 0.000741737 1.32957 -0.000343746 0.000180875 -0.0003336 0.110861 0.111223 0.111027 -4.9336e-06 2.95924e-05 -1.19858e-05
134 -0.00049942206 0.00059338027 0.000998152 1.32993 -0.000476413 0.000176051 -0.00019906 0.110971 0.11135 0.111083 4.26174e-05 6.53509e-05 5.45535e-05
135 -0.00043754681 -0.00038333636 0.000321536 1.32922 -0.000371246 0.000216308 -0.000282609 0.11088 0.111212 0.11108 -1.4105e-05 -1.9178e-05 -1.38688e-05
136 -0.00052972179 0.00066256174 -0.000354655 1.32968 -0.000566573 0.000205846 -0.000168994 0.110951 0.111363 0.111086 3.8877e-05 7.98167e-05 6.8673e-05
137 -0.00031083314 -0.00015359479 -9.64541e-05 1.32849 -0.000415957 0.000193179 -8.80551e-05 0.110914 0.111241 0.111098 6.08064e-06 -7.31616e-06 -9.9415e-06
138 -0.00022606475 0.00028297351 -0.000575652 1.33005 -0.000585545 0.000347912 1.15684e-05 0.110917 0.111344 0.11104 1.50039e-05 4.29232e-05 5.29871e-05
139 -0.00016036287 -7.7105508e-05 -0.000298478 1.32831 -0.00044958 0.00028822 9.97123e-07 0.110926 0.11124 0.1111 -1.59998e-05 1.23352e-05 1.17143e-05
140 0.00010188863 0.00038397164 -0.000900282 1.33063 -0.000427109 0.000382725 0.000146273 0.110919 0.111331 0.111047 7.14888e-05 3.00335e-05 4.48583e-05
141 -5.2085249e-05 -6.3404923e-05 -0.00100756 1.32843 -0.000525916 0.000367224 0.000106608 0.110932 0.111226 0.111046 2.73363e-05 7.25437e-06 9.36417e-06
142 0.00021887907 0.00042952003 -0.000431518 1.33037 -0.000395155 0.000455966 0.000158068 0.110957 0.111371 0.111037 7.14084e-05 9.51184e-06 4.60239e-05
143 -9.5441673e-05 -0.00010618789 -0.00122332 1.32888 -0.000490339 0.000385152 9.74472e-06 0.110905 0.111247 0.11105 3.08351e-05 1.00339e-05 -1.10793e-05
144 0.00028492236 0.00023338274 -0.000850964 1.33018 -0.000248728 0.000535996 -2.34523e-06 0.110911 0.111377 0.111096 2.24807e-05 4.49851e-05 -1.54552e-05
145 -0.00019755264 5.2674809e-05 -0.000386445 1.32895 -0.000534508 0.000506649 -0.000169693 0.110928 0.111272 0.111071 9.51712e-06 4.46292e-05 -5.69534e-06
146 0.0002576426 -5.6885682e-05 -0.00152055 1.33046 -0.000283233 0.000570213 -2.9338e-05 0.110852 0.11134 0.111146 -2.64479e-05 5.05054e-05 -4.57988e-05
147 -0.00051916524 7.0176226e-05 -0.000875421 1.32854 -0.000530229 0.000299707 -0.000288644 0.110981 0.11126 0.111077 -5.22332e-06 7.9862e-06 2.86306e-05
148 -0.00017067593 -0.00018864303 -0.00227366 1.33029 -0.000356673 0.000500906 -0.000314909 0.110813 0.111378 0.111123 -1.14584e-05 1.78889e-05 -5.96482e-05
149 -0.00038839995 0.00032992904 -0.00145148 1.32812 -0.000455996 0.000309338 -0.000241743 0.111014 0.111307 0.111083 -7.73477e-06 1.28842e-05 6.97401e-05
150 -0.00068006513 -5.7060883e-05 -0.00240592 1.33069 -0.00038043 0.000188237 -0.000487873 0.110822 0.11139 0.111099 2.37924e-05 1.98146e-05 -5.16845e-05
151 -0.00039801084 0.00011247745 -0.00205651 1.32772 -0.000266447 0.000262397 -0.00039396 0.111016 0.111279 0.111042 -2.3753e-05 -9.14849e-09 5.98478e-05
152 -0.00069154051 0.00041500758 -0.00165062 1.33075 -0.000234628 -1.1693e-05 -0.00044522 0.110876 0.111432 0.111154 5.09518e-05 4.25134e-05 -1.95731e-05
153 -0.00069565814 -0.00011397586 -0.00129984 1.32792 -0.000357128 3.34946e-05 -0.000372025 0.111017 0.111266 0.111072 -4.69159e-05 -2.00221e-05 1.83448e-05
154 -0.00049096044 0.0004156435 -0.000613808 1.33036 -0.000155087 -0.000112894 -0.00022298 0.110902 0.11143 0.11114 4.0301e-05 4.55029e-05 -1.68612e-05
155 -0.00078876357 -0.00029469876 -0.000284534 1.32834 -0.000232244 -0.000186305 -0.000370215 0.11095 0.111264 0.111017 -4.93088e-05 -2.39692e-05 2.6229e-05
156 -0.00047757579 0.00030904209 -0.000277518 1.3304 -0.000156049 -0.000167764 -0.000153762 0.110867 0.111401 0.111167 6.10714e-05 1.4908e-05 -2.38481e-05
157 -0.00067527418 -0.00013707172 0.000191339 1.32876 -8.14026e-05 -0.000402078 -0.000191794 0.110932 0.111308 0.111064 -1.92214e-05 -1.76295e-05 5.53035e-06
158 -0.00036623337 0.0001913626 0.000490076 1.33044 -2.38999e-05 -0.000231407 -0.000110927 0.110852 0.111393 0.111099 2.03094e-05 1.82118e-05 2.0053e-05
159 -0.00064324295 0.00015670035 0.000439421 1.32808 1.3334e-05 -0.000467141 -0.000189436 0.110951 0.111367 0.11112 2.94619e-05 -5.65011e-06 -2.36904e-05
160 -0.00044820013 0.00010445422 0.00051504 1.33041 -0.000151388 -0.000222145 -7.46665e-05 0.110857 0.111361 0.111123 -2.28931e-06 2.11709e-05 1.23518e-05
161 -0.00056851823 7.4175666e-05 0.000489265 1.32863 0.00012173 -0.000406007 -0.000284241 0.110972 0.11128 0.111109 5.95725e-05 -1.26093e-05 -3.60692e-05
162 -0.00050715445 0.00030286647 0.00066809 1.33027 -7.70832e-05 -0.000401586 -2.84854e-05 0.110878 0.111381 0.111073 -1.75374e-06 4.49992e-05 5.84261e-05
163 -0.00046094512 4.8832034e-05 1.74257e-05 1.32914 0.000154608 -0.000285752 -0.000329801 0.110991 0.111302 0.111132 4.47708e-05 -1.42044e-05 -6.01344e-05
164 -0.00018314966 0.0002541972 0.000302148 1.33027 0.000335302 -0.000454387 -6.4065e-05 0.110897 0.11139 0.111042 -1.55236e-05 3.89526e-05 6.36036e-05
165 -0.00060977643 7.1797804e-05 0.000578148 1.32943 0.000125701 -0.000426959 -0.000308518 0.110975 0.111319 0.111067 0.000102948 -1.61543e-05 -7.67292e-05
166 -0.00011588268 0.00023461786 0.000288634 1.33026 0.000322918 -0.000395382 -4.34187e-05 0.1109 0.111361 0.111048 -1.90086e-05 5.18408e-05 5.72409e-05
167 -0.00060015986 0.00011062909 0.000337326 1.32881 5.27301e-05 -0.000422001 -0.000230889 0.11099 0.111329 0.111101 7.26949e-05 -7.02931e-06 -7.20677e-05
168 -8.6935431e-05 0.00014183074 0.000956032 1.33026 0.000330877 -0.000302558 -0.000115254 0.110931 0.11133 0.111045 -3.70544e-05 4.18739e-05 5.61139e-05
169 -0.00039168917 0.00023388637 -0.000171726 1.32837 0.000148863 -0.000263972 -0.000276579 0.111017 0.111364 0.111139 6.80662e-05 -2.18551e-05 -6.18344e-05
170 -0.0001148206 -0.00022624659 -0.00023502 1.33055 0.000284722 -0.000377619 -2.19229e-05 0.110843 0.111263 0.110987 -1.29731e-05 -4.10256e-06 6.18499e-05
171 -0.00035647158 0.00036621278 -0.00035621 1.32809 0.000276228 -0.000362965 -0.000269735 0.111049 0.111383 0.111182 8.77559e-05 -3.93921e-05 -6.63366e-05
172 -0.00013625017 -0.00012347369 -0.000553381 1.33079 0.00014073 -0.000249201 -2.7779e-05 0.11085 0.111246 0.11099 1.57021e-05 -4.19154e-05 0.000108577
173 -0.00012632381 0.00043122867 -0.00028284 1.32855 0.000345363 -0.0002789 -0.000192787 0.111053 0.111428 0.111229 2.66778e-05 1.39158e-06 -7.22073e-05
174 -0.000320889 -0.00045297611 -0.000813592 1.33113 9.22778e-05 -0.000279334 -0.000133833 0.110817 0.111235 0.110936 -1.15945e-05 -3.29041e-05 6.64163e-05
175 7.6896894e-05 0.00037523631 -0.000794005 1.32922 0.000134108 -0.000117783 6.05715e-05 0.111046 0.111384 0.111215 -5.31505e-07 3.48106e-05 -6.49725e-05
176 -0.00020937186 -0.00048703391 -0.00162251 1.33034 0.000101257 -0.000200844 -0.000109786 0.110822 0.111301 0.110923 -2.15847e-05 -1.50289e-05 1.82956e-05
177 7.8145725e-05 0.0003952734 -0.00131917 1.32905 0.000145106 -0.000143934 7.69733e-05 0.110989 0.111371 0.111191 3.22974e-05 2.52374e-05 -3.44915e-05
178 -0.0003108888 -0.00018812121 -0.00156256 1.33046 2.65967e-05 -0.000215896 -0.00012159 0.110876 0.111333 0.111003 -1.10349e-05 -2.03178e-05 2.97338e-05
179 0.00034421512 0.00011278576 -0.00109793 1.32907 0.000115546 8.71077e-06 0.000219958 0.110958 0.111327 0.111158 4.71988e-05 1.25949e-05 -7.72977e-05
180 8.733011e-05 -3.7059553e-05 -0.000516598 1.33014 4.19053e-05 -5.65575e-06 5.10805e-05 0.110892 0.111315 0.111002 -1.76621e-05 1.6043e-05 5.13335e-05
181 0.00071837214 -0.00026368658 -0.00113311 1.32859 6.06474e-05 0.000259347 0.000398378 0.110929 0.111293 0.11118 2.7236e-05 -4.68293e-05 -0.000102763
182 0.00069580261 0.00023664277 0.000436144 1.33045 0.000222443 0.000156055 0.000317304 0.110896 0.111292 0.11106 6.59042e-07 5.6662e-05 6.46162e-05
183 0.00068190171 -9.6367644e-05 -0.000324467 1.32856 3.36296e-05 0.000277929 0.000370343 0.110894 0.111331 0.111183 1.45375e-05 -4.83872e-05 -3.59175e-05
184 0.0008227649 9.8187577e-05 0.000509365 1.33029 0.000161688 0.000296534 0.000364542 0.110919 0.111341 0.111045 5.67836e-06 3.40401e-05 7.22682e-06
185 0.000937003 -0.00029586687 -0.000233026 1.32804 0.000125787 0.000365626 0.000445589 0.110858 0.111303 0.111192 -9.00571e-06 -3.89519e-05 -6.07496e-05
186 0.0010598764 0.00012446093 0.000592081 1.3297 9.5039e-05 0.000512561 0.000452276 0.110983 0.111355 0.111092 -2.47803e-05 2.8355e-05 -1.03071e-05
187 0.00099243342 -0.00043099912 0.00012568 1.32852 0.000110299 0.000489123 0.000393012 0.110743 0.111295 0.111146 -8.88265e-06 -2.58674e-05 -3.41417e-05
188 0.0013155055 0.00034039843 0.000854927 1.3297 0.000215175 0.000652293 0.000448037 0.111018 0.111361 0.111127 -2.32598e-05 3.86806e-05 1.1952e-05
189 0.0012049288 -0.00032025627 0.000638392 1.32912 0.000234858 0.000590948 0.000379123 0.110757 0.111317 0.111098 1.17901e-06 -2.0754e-05 -6.59857e-06
190 0.0012751873 0.00044024094 0.000669482 1.32962 0.00019554 0.000619046 0.000460601 0.11105 0.11134 0.111105 -2.87046e-05 7.0476e-05 2.403e-05
191 0.0013287581 -0.00030832347 0.000628935 1.32994 0.00024104 0.000619803 0.000467915 0.110772 0.111349 0.111062 1.29866e-05 -5.99213e-05 1.93119e-05
192 0.0014908298 0.0003931409 0.00146675 1.32941 0.000300669 0.000689273 0.000500888 0.111045 0.111344 0.111127 -1.19097e-05 5.61204e-05 -4.53261e-06
193 0.0010819526 -0.00035650231 0.00170706 1.32998 0.000102861 0.000589571 0.000389521 0.110754 0.111338 0.111084 -4.21721e-06 -4.76373e-05 1.17122e-05
194 0.001358733 6.3568711e-05 0.00182934 1.3294 0.000173592 0.000733463 0.000451677 0.111002 0.11137 0.111073 -3.31782e-05 5.70684e-05 -5.83687e-05
195 0.00096186272 2.0307137e-05 0.00167819 1.3292 -2.25282e-05 0.000628763 0.000355628 0.110794 0.111388 0.111127 2.45121e-05 -7.33285e-05 6.7189e-05
196 0.0011687485 8.4841693e-05 0.00222581 1.32897 0.000220877 0.000691936 0.000255936 0.111012 0.11137 0.111067 -2.69884e-05 6.97221e-05 -7.24144e-05
197 0.0011648439 5.8299059e-05 0.00207902 1.32909 6.31286e-05 0.000736635 0.000365081 0.11078 0.111417 0.111116 6.26849e-05 -8.69325e-05 5.41028e-05
198 0.0011738524 -6.8032161e-05 0.00259255 1.32993 0.000266452 0.000743381 0.000164019 0.110966 0.111314 0.11107 -5.38637e-05 7.69625e-05 -5.42302e-05
199 0.0010000643 -5.9156063e-05 0.00258851 1.32876 0.0002004 0.000646107 0.000153557 0.110792 0.111397 0.111114 4.83544e-05 -8.95582e-05 3.68025e-05
200 0.0010887568 -0.00021730362 0.00317231 1.33041 0.000193707 0.000809644 8.54059e-05 0.110921 0.111272 0.111091 -9.28077e-05 8.8457e-05 -4.32345e-05
201 0.00094575105 4.1995266e-05 0.00332742 1.32905 0.000165658 0.00067979 0.000100303 0.110822 0.111372 0.111039 7.16489e-05 -7.30553e-05 6.54789e-05
202 0.00073316952 -3.1206174e-05 0.00302618 1.33035 0.000154122 0.000726106 -0.000147059 0.110934 0.111324 0.111117 -8.22591e-05 0.000110307 -5.90653e-05
203 0.00068759174 -0.00046152034 0.00345876 1.32849 9.84851e-06 0.000585693 9.20501e-05 0.110869 0.111323 0.110963 6.59205e-05 -0.000123847 -7.02868e-06
204 0.00028245719 9.8814454e-05 0.00398559 1.33069 -0.000101755 0.000581376 -0.000197164 0.110849 0.111336 0.111176 -8.6397e-05 0.000136204 -3.08299e-05
205 0.00049463575 4.7886276e-05 0.00348103 1.32883 -8.60986e-05 0.000557864 2.28699e-05 0.110964 0.11138 0.111028 8.00522e-05 -9.61771e-05 1.25895e-05
206 0.00026989545 8.7610022e-05 0.00377258 1.33008 -0.000141614 0.000400964 1.05446e-05 0.110845 0.111361 0.111151 -7.62733e-05 0.000105781 -1.17852e-05
207 0.0004120441 0.00011199028 0.00329337 1.32908 -7.79922e-05 0.00042597 6.40668e-05 0.110961 0.111369 0.111036 0.00012003 -9.3524e-05 -5.48059e-06
208 0.00045075205 0.00019783215 0.00387815 1.32921 1.51939e-05 0.000372509 6.30489e-05 0.110892 0.111388 0.111175 -7.27388e-05 7.10235e-05 6.89741e-06
209 0.00085007677 -8.4222265e-05 0.00375711 1.32858 7.51657e-05 0.000447849 0.000327062 0.110958 0.111391 0.111011 5.8345e-05 -6.93722e-05 -3.05248e-05
210 0.00053373716 9.1547637e-05 0.00353735 1.32878 0.000127732 0.000297493 0.000108513 0.110899 0.111398 0.11114 -7.30466e-05 5.60374e-05 -4.19501e-06
211 0.00059418494 0.00020299092 0.00403428 1.32868 0.000162696 0.00032122 0.000110269 0.110925 0.111345 0.11106 7.1437e-05 3.62485e-06 -5.96415e-06
212 0.0006500215 0.00023100992 0.00314991 1.32887 0.0002109 0.000265732 0.000173389 0.110947 0.111404 0.11111 -3.94185e-05 4.69762e-05 5.47391e-06
213 0.0003832825 0.0001220979 0.00296722 1.32902 0.000125465 0.000180499 7.73187e-05 0.11086 0.111273 0.111086 0.000102041 -2.18318e-05 1.78183e-05
214 0.00083942149 -7.0486066e-05 0.00297683 1.32903 0.000335616 0.00026314 0.000240665 0.110941 0.111328 0.11108 -9.33332e-05 3.60987e-05 2.58009e-05
215 0.00047671441 0.00011145087 0.00233898 1.32893 0.000251229 0.000227844 -2.3579e-06 0.110912 0.111261 0.111097 8.18701e-05 -3.04642e-05 1.73147e-05
216 0.0010173099 0.00010477423 0.00341669 1.32943 0.000361906 0.000361305 0.000294099 0.110956 0.111395 0.11108 -2.51548e-05 -2.20462e-05 3.33815e-05
217 0.00058727858 3.070765e-05 0.0027406 1.32915 0.000353212 0.000266947 -3.28797e-05 0.11086 0.111308 0.111108 7.41989e-05 -1.39402e-05 -2.13496e-05
218 0.00072324532 9.5553097e-05 0.00359181 1.32899 0.000348719 0.000429206 -5.46792e-05 0.110958 0.111375 0.111069 -1.54647e-07 -2.46229e-05 2.1801e-05
219 0.00065312823 -4.6469123e-05 0.00177003 1.32982 0.000357328 0.000367104 -7.13037e-05 0.110909 0.111264 0.111068 4.45766e-05 5.80556e-06 -1.97504e-05
220 0.00070336604 7.8756784e-05 0.0034817 1.32946 0.000336822 0.00033743 2.91144e-05 0.110967 0.111332 0.111044 3.64705e-05 -4.97536e-05 3.5139e-05
221 0.00064284339 -0.00028925846 0.00174876 1.32864 0.000397387 0.000344025 -9.85692e-05 0.110857 0.111279 0.111055 -4.02926e-05 7.38915e-06 7.17606e-06
222 0.0010060448 0.00018637072 0.00302384 1.33019 0.000490604 0.000383498 0.000131942 0.110937 0.111332 0.111047 5.37272e-05 -1.23085e-05 2.89954e-05
223 0.00082220743 -0.00025194736 0.00257853 1.32855 0.00050203 0.000306486 1.36906e-05 0.110888 0.111307 0.111078 -5.8129e-05 -1.40238e-05 1.79051e-05
224 0.0011817415 0.00039184954 0.00215012 1.32948 0.000497276 0.000490074 0.000194392 0.111018 0.111387 0.111136 4.84577e-05 -1.50458e-05 -7.04371e-06
225 0.00096335356 -0.00020740752 0.00251708 1.32995 0.000545668 0.000349374 6.83107e-05 0.110858 0.111273 0.110976 -1.10174e-05 -1.06869e-05 6.58603e-05
226 0.0013350636 0.00031934676 0.00239698 1.32916 0.000478542 0.000558575 0.000297947 0.11103 0.11134 0.111172 2.95718e-05 1.47415e-05 -4.22592e-05
227 0.00087693743 -6.4074877e-05 0.00270739 1.33088 0.000629279 0.000237065 1.05934e-05 0.110834 0.111239 0.111003 1.7022e-05 3.00264e-05 6.04613e-05
228 0.0014905472 0.00037250622 0.00223709 1.32928 0.00042863 0.000653374 0.000408544 0.111035 0.111352 0.111136 3.04909e-05 3.18127e-05 -3.2717e-05
229 0.00092587127 1.3544639e-05 0.00299636 1.33044 0.000584542 0.000275856 6.54735e-05 0.110819 0.111214 0.111071 3.27973e-05 7.66216e-05 9.45958e-06
230 0.001100654 0.00033009592 0.00233175 1.32899 0.000537967 0.000547587 1.51007e-05 0.111036 0.111371 0.111113 4.17461e-05 2.89636e-05 -5.38526e-05
231 0.00081439153 0.00016479588 0.00324943 1.33016 0.000453668 0.000402208 -4.14844e-05 0.110838 0.111268 0.111084 4.35928e-05 8.88781e-05 -5.75538e-06
232 0.00068802812 0.00015031984 0.00171962 1.32965 0.000488057 0.000170326 2.96445e-05 0.11097 0.111363 0.111023 4.19418e-05 4.12858e-05 -4.40529e-05
233 0.00084114032 0.00040486383 0.00350547 1.32944 0.000713431 0.000225381 -9.76719e-05 0.11087 0.111332 0.111173 3.77013e-05 5.57288e-05 2.02285e-05
234 0.00059862599 0.00014471731 0.00255578 1.32985 0.000636936 8.71005e-05 -0.00012541 0.110947 0.111405 0.111045 7.72048e-05 4.52553e-06 -6.51309e-05
235 0.00050916278 0.00027796155 0.00313262 1.32915 0.000633363 5.42367e-05 -0.000178437 0.110939 0.111335 0.111208 4.56874e-06 2.51589e-05 -1.11925e-05
236 0.00051231459 -1.9527219e-05 0.00292366 1.32925 0.000808782 -2.89681e-05 -0.000267499 0.110945 0.11141 0.111039 5.55445e-05 -4.91554e-05 -4.30408e-05
237 0.00030556356 7.9607804e-05 0.00215962 1.32963 0.000616614 -9.84322e-05 -0.000212618 0.110886 0.111264 0.11112 8.81883e-06 1.69226e-05 3.23184e-05
238 0.00028405971 -0.00036269359 0.00215246 1.32867 0.000713199 -0.000114218 -0.000314921 0.110952 0.111363 0.111111 1.50086e-05 -0.000127016 -5.50227e-05
239 0.00023029107 -0.00018979632 0.00224794 1.32993 0.000597656 -9.96187e-05 -0.000267747 0.110824 0.111299 0.11111 -4.98979e-05 1.0016e-05 2.69523e-05
240 -2.7282969e-05 -0.00018392369 0.00183932 1.32901 0.00072986 -0.00036203 -0.000395113 0.110976 0.111317 0.111167 -1.60064e-05 -5.21395e-05 -5.63571e-05
241 4.9497532e-06 -3.5015973e-05 0.00184281 1.32967 0.000542393 -0.000197103 -0.00034034 0.110791 0.111336 0.111166 -4.2385e-05 3.43598e-05 1.6384e-05
242 -0.00011633674 -0.00018776615 0.00169767 1.32867 0.000787846 -0.000310186 -0.000593996 0.110976 0.111319 0.111159 -2.85185e-05 -5.5939e-05 -3.83146e-05
243 -0.00013200298 -0.00014258623 0.00159944 1.32912 0.000578161 -0.000237437 -0.000472727 0.11077 0.1113 0.111143 -5.10292e-05 3.40605e-05 2.95933e-05
244 -0.00024138318 6.0925305e-05 0.00163277 1.32949 0.00063949 -0.000252972 -0.000627901 0.111037 0.111354 0.111103 -1.0152e-06 -2.2403e-06 -5.72978e-05
245 -0.00013085733 -6.6374016e-05 0.00131071 1.32885 0.000635575 -0.000143972 -0.00062246 0.110819 0.111343 0.111129 -2.54348e-05 4.83677e-07 2.41212e-05
246 -0.00015097828 -6.2919609e-05 0.00264029 1.33131 0.000388633 9.42978e-05 -0.000633909 0.110985 0.111311 0.111009 -2.88798e-07 4.89518e-05 -5.53316e-05
247 2.9039929e-05 0.00023106285 0.000448516 1.3289 0.000638537 -2.99515e-05 -0.000579546 0.110841 0.111298 0.111144 1.31983e-05 2.51428e-05 6.43259e-05
248 -7.5126265e-05 -1.7926011e-05 0.0025244 1.33131 0.000483579 0.000116151 -0.000674856 0.110966 0.11129 0.111061 -1.6079e-06 4.15654e-05 -3.77229e-05
249 -2.7008536e-05 -0.00013543564 0.00113737 1.32861 0.000494579 4.13866e-05 -0.000562974 0.110788 0.111252 0.111171 4.87348e-06 -2.24727e-05 3.33858e-05
250 -0.00044138228 -0.00015431481 0.0016369 1.32973 0.000394602 7.77597e-06 -0.00084376 0.110974 0.111329 0.111142 -4.08427e-05 -2.52851e-05 -4.0544e-05
251 -0.00020251255 -3.4970125e-05 0.00217872 1.32906 0.00049954 -0.000105491 -0.000596562 0.110834 0.11127 0.11115 -9.93631e-07 2.7667e-05 1.55971e-06
252 -0.0002611705 5.4200819e-05 0.00217649 1.32929 0.000347393 0.000209651 -0.000818214 0.111004 0.111411 0.111156 -5.48847e-06 -4.47568e-05 -5.0666e-05
253 -0.00032238196 -0.00018785631 0.00189311 1.32926 0.00034173 -2.32871e-06 -0.000661783 0.110852 0.111209 0.111055 5.60211e-06 6.52603e-05 -2.48044e-05
254 -0.00019738855 -2.299654e-05 0.00205458 1.32855 0.000337409 0.000190329 -0.000725127 0.110958 0.11141 0.111168 -1.23056e-05 -3.77383e-05 -5.86701e-05
255 -0.0006568916 3.7875717e-06 0.00130965 1.32975 0.000179621 -8.60292e-05 -0.000750484 0.110852 0.111173 0.111101 1.51457e-05 6.98713e-05 2.00235e-05
256 -0.0003564232 -0.00018015886 0.00225527 1.32925 0.000216339 5.92226e-05 -0.000631985 0.110891 0.111398 0.111129 -1.3724e-05 -2.41812e-05 -6.4685e-05
257 -0.00058678779 0.00016915141 0.00086453 1.33001 0.000226993 9.24221e-05 -0.000906202 0.110877 0.111203 0.111102 3.81149e-05 8.09695e-05 1.29324e-05
258 -0.00045365403 0.00018214831 0.0015387 1.32897 0.000215372 -8.15407e-05 -0.000587485 0.110942 0.111453 0.111179 -1.91487e-05 -6.28145e-06 -3.43497e-05
259 -0.0003007217 -0.0001642546 0.00146044 1.32932 0.000108377 0.000231981 -0.000641079 0.110869 0.111224 0.111029 8.55586e-06 3.91484e-05 3.39872e-06
260 -0.00047823969 1.554578e-06 0.00166525 1.32886 -3.04934e-05 3.89478e-05 -0.000486694 0.110862 0.111442 0.111178 -1.33493e-05 -2.64685e-05 -3.41026e-05
261 -0.00066858179 -0.00012122938 0.00198217 1.3293 -6.52674e-05 8.62159e-05 -0.00068953 0.110909 0.111262 0.111073 2.24546e-05 1.24766e-05 -3.10871e-05
262 -0.00036952191 -0.0001137171 0.00144853 1.32869 -9.46725e-05 1.51808e-05 -0.00029003 0.110849 0.111387 0.111187 -6.17845e-07 -6.12878e-05 -2.11273e-05
263 -0.00087128913 -3.4842308e-05 0.00188696 1.32919 -0.000162959 -0.000235801 -0.00047253 0.110908 0.111226 0.111088 6.48403e-05 1.69041e-05 -3.78066e-05
264 -0.00039238061 -0.00011921893 0.00210939 1.32875 -0.000262715 -6.76498e-06 -0.000122901 0.11087 0.111335 0.111197 2.4604e-06 -8.75745e-05 1.09096e-05
265 -0.0006143921 -0.0001414177 0.0018425 1.32877 -0.000164963 -0.000316776 -0.000132653 0.110884 0.111222 0.11107 4.931e-05 3.63846e-05 -5.43742e-05
266 -0.00044321243 -0.0001345217 0.00199302 1.3282 -0.000310094 -8.60605e-05 -4.70579e-05 0.11092 0.111293 0.111219 -2.03497e-05 -5.56347e-05 -1.80033e-05
267 -0.00048327392 -0.00023004236 0.00125868 1.32908 -0.000175529 -0.000279831 -2.79136e-05 0.1109 0.111248 0.111098 2.83599e-05 3.63522e-06 -6.46266e-05
268 -2.8929797e-05 0.00029721679 0.00121332 1.3287 -0.000201944 -0.000115197 0.000288211 0.110986 0.111305 0.111197 -4.9809e-06 2.25529e-05 4.28629e-06
269 -0.00019145068 -8.5100556e-05 0.00155281 1.32921 -0.000107271 -0.000319684 0.000235504 0.110876 0.111298 0.111106 2.166e-05 3.09328e-07 -2.32526e-05
270 -5.4275451e-05 -6.1636514e-05 0.00106021 1.32989 -0.000105916 -0.000260375 0.000312016 0.110906 0.111273 0.111139 -5.54124e-06 1.68469e-05 -2.43539e-05
271 0.00033219935 -1.5596268e-05 0.00115275 1.32966 8.48546e-06 -0.000172746 0.00049646 0.110815 0.111305 0.111155 -1.80834e-05 2.6254e-05 1.59244e-05
272 0.00015392339 0.00019351998 0.00118014 1.33076 -0.00015079 -0.00028426 0.000588973 0.110909 0.111215 0.111155 8.67924e-06 3.95534e-05 4.33313e-05
273 0.00053205745 -0.00016071357 0.000432222 1.32912 2.63731e-05 -6.16114e-05 0.000567296 0.110899 0.111301 0.111194 -3.37665e-05 -3.87895e-05 -1.14185e-05
274 0.00015355707 5.6759287e-05 0.000858496 1.33069 -7.79516e-05 -0.000230227 0.000461736 0.110846 0.111173 0.111131 4.33628e-06 2.6327e-05 7.97883e-05
275 0.000865366 -0.00028179121 -0.000272229 1.32897 0.00029415 -3.69847e-05 0.000608201 0.110872 0.111324 0.111148 -6.15976e-07 -5.87761e-05 -4.01808e-05
276 0.00045473458 0.00013954455 0.000383428 1.33048 0.00011759 -0.000165881 0.000503025 0.110868 0.111146 0.111164 -8.98032e-06 3.76205e-05 9.56662e-05
277 0.00099310739 0.00012559603 -0.00110139 1.32911 0.000347397 8.27009e-05 0.000563009 0.110928 0.111364 0.111207 5.06993e-06 -3.5304e-05 -1.09659e-05
278 0.00050561637 0.00016105335 -0.000819877 1.33027 0.000251306 -0.000251362 0.000505673 0.110927 0.111141 0.111078 -1.04982e-05 3.14415e-05 0.000126327
279 0.0012568053 0.00036431047 -0.00113503 1.32918 0.00050654 0.000228675 0.00052159 0.110973 0.111426 0.111179 1.10147e-05 1.27155e-05 -2.46551e-05
280 0.00078159765 -0.00025459822 -0.00029978 1.32989 0.000458125 -2.31928e-05 0.000346665 0.110835 0.111126 0.111086 -9.3756e-06 1.59563e-05 5.1959e-05
281 0.0011999249 0.00021869005 -0.000840879 1.32918 0.000598841 0.000103455 0.000497629 0.110947 0.111398 0.111177 -1.58525e-05 8.93451e-06 -1.44201e-05
282 0.0010371201 -0.00047660456 -0.000362159 1.32879 0.000556538 9.99331e-05 0.000380649 0.110811 0.111197 0.111108 -3.69873e-05 -4.23557e-06 -8.73218e-06
283 0.0012435212 0.00015048653 -0.000253883 1.32841 0.000463987 0.000214509 0.000565025 0.11097 0.11147 0.111206 -5.06769e-05 -4.81213e-05 -7.38328e-06
284 0.0010715324 -0.00044282274 -0.000926219 1.32926 0.000491025 2.92347e-05 0.000551273 0.110859 0.111221 0.111126 -6.09741e-06 -7.48958e-05 -3.05514e-06
285 0.001025439 0.00040154588 -0.000225014 1.32846 0.000379509 0.000137864 0.000508067 0.110974 0.111406 0.11126 -1.85859e-05 5.75348e-06 -6.94507e-06
286 0.0012934075 -0.0003945136 -0.000777325 1.33011 0.000442128 0.00019554 0.00065574 0.110866 0.111245 0.111127 3.5927e-05 -6.30827e-05 -5.64176e-05
287 0.0010068287 0.00064389528 -0.000548085 1.32721 0.000265711 0.000297241 0.000443876 0.110973 0.111437 0.111336 -7.88907e-06 1.60848e-05 3.08559e-07
288 0.0014048165 -0.00067368324 -0.000606825 1.32957 0.00050539 0.000384613 0.000514814 0.110862 0.111226 0.111033 -1.53581e-05 -6.35485e-05 -3.98487e-05
289 0.00064556535 0.00068783721 -0.00124442 1.32865 0.000138188 0.000229616 0.000277761 0.111017 0.111386 0.111297 -7.28475e-06 6.71757e-05 -1.42604e-05
290 0.0010403419 -0.00094738175 -0.0016937 1.32949 0.000350667 0.000363954 0.000325721 0.110816 0.111194 0.110941 -3.65618e-05 -9.63374e-05 7.94551e-06
291 0.00039788294 0.00072779108 -0.00177358 1.32858 0.000135045 0.00018213 8.07086e-05 0.111074 0.111387 0.111296 1.10599e-05 3.91298e-05 -1.94347e-05
292 0.00084854033 -0.00089607437 -0.00267225 1.32892 0.000219254 0.000487913 0.000141373 0.110849 0.111176 0.110957 -3.64563e-05 -9.02995e-05 3.22279e-06
293 0.00013544708 0.00061396229 -0.00150359 1.32954 0.000137407 0.000195407 -0.000197366 0.111061 0.111316 0.1112 4.53186e-05 3.90677e-05 -1.59625e-06
294 0.00079410882 -0.00082936688 -0.00279768 1.32878 0.000258105 0.000642432 -0.000106428 0.11086 0.1112 0.110925 -6.85665e-05 -4.31962e-05 9.23916e-06
295 0.00021191645 0.00010983158 -0.00161517 1.32846 0.000102305 0.000316981 -0.00020737 0.110993 0.111334 0.111184 5.30912e-07 -8.79532e-06 -4.38377e-05
296 0.00034953524 -0.00073963354 -0.00248509 1.32888 0.000322974 0.000520428 -0.000493867 0.110848 0.111167 0.110914 -3.97923e-05 -3.28626e-05 2.84972e-05
297 0.00014512626 1.7705618e-05 -0.00118225 1.32948 7.85333e-05 0.000379565 -0.000312972 0.110933 0.11128 0.111146 8.11532e-06 6.583e-07 -1.54827e-05
298 0.00034462739 -0.00045033457 -0.00237354 1.32789 0.000329111 0.000557321 -0.000541805 0.110958 0.111189 0.111021 -6.92313e-05 -3.20518e-05 3.4046e-05
299 0.00017806296 -0.0001664219 -0.00206129 1.33026 0.000251556 0.000261944 -0.000335436 0.11088 0.111241 0.111119 2.56163e-05 -4.46679e-05 1.01826e-05
300 -7.2959175e-06 0.00021674198 -0.00205016 1.32716 0.00032185 0.000284985 -0.000614131 0.111061 0.111237 0.11114 -4.27212e-05 2.01583e-05 4.18682e-05
301 -0.00033474559 -0.00030050878 -0.00205812 1.33045 7.45289e-05 7.44106e-05 -0.000483685 0.110851 0.111269 0.111146 1.60015e-05 -5.06712e-05 -3.15871e-05
302 -0.00035306842 0.00069591294 -0.00151791 1.32693 0.000253468 7.49283e-05 -0.000681464 0.111047 0.111321 0.111215 8.56037e-06 3.079e-05 6.75669e-05
303 -0.00048453121 -0.00040781858 -0.00196551 1.33119 0.000191381 -0.00020833 -0.000467582 0.110805 0.111228 0.111078 3.34147e-05 -2.7633e-05 -3.06569e-05
304 -0.00027276823 0.00087748871 -0.000497176 1.32661 0.000318276 -9.86118e-06 -0.000581183 0.111111 0.11134 0.111257 2.89421e-05 -1.17775e-05 8.82012e-05
305 -0.00031494304 -0.00037861886 -0.00062474 1.33047 0.000390948 -0.000313246 -0.000392645 0.110866 0.111232 0.111055 6.5536e-05 -4.72087e-05 -5.4172e-05
306 1.0329067e-05 0.0006969804 -0.000357503 1.32706 0.000330677 -7.36211e-05 -0.000246727 0.111074 0.111268 0.111208 1.49842e-05 5.04923e-05 5.89393e-05
307 -8.123081e-05 -0.00033469522 -0.000340439 1.3301 0.000552782 -0.000372166 -0.000261847 0.110821 0.111247 0.111099 7.40516e-05 -7.11177e-05 -3.14411e-05
308 0.00016410175 0.00033959912 9.10292e-05 1.32811 0.000375155 1.47936e-05 -0.000225847 0.110937 0.111261 0.111209 3.02996e-05 2.87346e-05 1.68973e-05
309 0.00028569613 -0.00011937895 -0.000610799 1.32842 0.000608487 -0.00014292 -0.000179871 0.110867 0.11131 0.111135 2.08956e-05 -4.83369e-05 -1.64415e-06
310 0.00052703249 0.00017014082 0.000960733 1.32927 0.000407786 0.000200146 -8.08994e-05 0.110889 0.111159 0.111183 3.16974e-05 7.8507e-05 -2.56742e-06
311 0.00032669495 -4.594868e-05 -0.000526899 1.32783 0.000535683 -0.000197108 -1.18807e-05 0.110897 0.111343 0.111154 1.04402e-05 -4.35885e-05 -1.22963e-05
312 0.00070433504 0.00032935618 0.00120189 1.3293 0.000430653 9.19263e-05 0.000181756 0.110909 0.111178 0.111185 3.21052e-05 9.53158e-05 1.31039e-05
313 0.00032318324 -9.4375738e-05 0.000196902 1.32766 0.000498287 -0.000311279 0.000136175 0.110864 0.111304 0.111146 -3.08969e-06 3.2799e-06 -2.21467e-05
314 0.00043600021 -7.8184872e-06 0.00142688 1.32882 0.00041527 -9.5224e-05 0.000115954 0.110936 0.111244 0.111158 -2.55067e-05 3.12525e-05 -1.05357e-05
315 0.00039172202 -2.9771517e-05 0.00168099 1.3277 0.00050902 -0.000334087 0.000216789 0.11085 0.111251 0.111158 4.67131e-05 1.09771e-05 -3.0393e-05
316 0.00043392851 8.9159042e-05 0.00157602 1.32867 0.000549013 -0.000262886 0.000147801 0.111016 0.111331 0.111148 -2.22306e-05 1.31743e-05 -4.23685e-05
317 0.00028318277 0.00022265743 0.000783105 1.32752 0.000416601 -0.000443609 0.000310191 0.110936 0.111236 0.111234 2.6108e-05 1.19761e-05 -1.21344e-07
318 0.00050369392 9.8691185e-05 0.00177585 1.3287 0.000546049 -0.000295361 0.000253006 0.110991 0.111358 0.111169 -4.189e-05 3.78011e-05 -5.5663e-05
319 0.00036436158 0.00046589404 0.0018252 1.32836 0.000472161 -0.000637979 0.00053018 0.1109 0.111267 0.111236 6.72163e-05 4.8302e-06 4.87394e-05
320 0.00064333888 0.00036386677 0.00158387 1.33021 0.000464473 -0.000275008 0.000453873 0.110942 0.11131 0.111241 -3.53833e-06 0.00010542 -6.06382e-05
321 0.00086090688 0.00033172104 0.00239599 1.32872 0.00043834 -0.000404624 0.000827191 0.110932 0.111207 0.111199 6.34661e-05 -3.28974e-06 4.79289e-05
322 0.00048475287 0.00018172226 0.00063527 1.32968 0.000387296 -0.000409406 0.000506862 0.110951 0.111302 0.111214 -1.73551e-05 6.43e-05 -5.29761e-05
323 0.00085214403 0.00031929926 0.00134683 1.32867 0.000443182 -0.000423609 0.000832571 0.110816 0.111272 0.111232 7.67902e-05 -1.9403e-05 5.6062e-05
324 0.00032508848 0.00014045799 0.00153141 1.32945 0.000247483 -0.000514915 0.00059252 0.1109 0.111355 0.11119 4.90746e-06 3.7569e-05 -5.12969e-05
325 0.00083957019 7.9120598e-05 0.000629334 1.32869 0.00024564 -0.000215115 0.000809045 0.110803 0.111225 0.111213 4.70417e-05 -5.99703e-06 3.16879e-05
326 0.00058130002 -0.00032510165 0.001543 1.32957 0.000285752 -0.000219788 0.000515336 0.110882 0.111289 0.111087 -1.97406e-05 3.83821e-06 -5.42872e-05
327 0.0011897241 0.00017100701 0.000733356 1.32878 0.000488444 4.46711e-05 0.000656609 0.11088 0.111308 0.111201 -2.98079e-05 4.15259e-05 1.75337e-05
328 0.00074539279 -0.00034073598 0.00105871 1.32933 0.000240835 -0.000101043 0.000605601 0.110793 0.111358 0.111065 4.55558e-05 -7.08035e-05 -2.96589e-05
329 0.0014734489 -0.00010712228 -0.000777883 1.32903 0.000455116 0.000335446 0.000682887 0.110829 0.111294 0.111194 -6.14889e-06 7.73978e-06 -2.92635e-05
330 0.0009196635 -4.5415683e-05 0.00132576 1.32985 0.000385797 6.55152e-05 0.000468352 0.110812 0.111314 0.111154 4.23633e-05 -2.67657e-05 -3.88866e-06
331 0.001238976 0.00018639885 -0.00139269 1.32855 0.000360639 0.000340044 0.000538293 0.110836 0.11133 0.111239 2.36199e-05 4.36003e-05 -4.0649e-05
332 0.00064346337 7.4884817e-05 -0.000101587 1.33142 0.00020356 0.000204544 0.000235359 0.110826 0.111252 0.111149 6.81472e-05 -1.02308e-05 1.98819e-05
333 0.00097308529 2.84701e-05 -0.000762874 1.32812 0.000364481 0.000145477 0.000463127 0.110824 0.111313 0.111237 2.09473e-05 4.36774e-05 -7.55487e-05
334 0.00067216912 0.00012939228 -0.000234551 1.3319 0.000381573 0.000109971 0.000180625 0.110816 0.111268 0.111115 0.000113912 -2.41821e-05 2.03846e-05
335 0.00086959223 2.4545954e-05 -0.0001476 1.32701 0.000444917 6.5285e-05 0.000359391 0.110848 0.111406 0.111241 3.85458e-05 2.40455e-05 -0.000134848
336 0.00078518228 -0.00010194609 -0.0010476 1.33123 0.000430848 5.72277e-05 0.000297107 0.110799 0.111165 0.111105 8.96435e-05 -1.79481e-05 2.63502e-05
337 0.00041901402 -0.00017309106 -0.000258201 1.32769 0.00037946 -0.000141308 0.000180862 0.110791 0.111442 0.111257 9.13896e-06 -3.41209e-05 -0.000111105
338 0.00036664279 -0.00030142042 -0.000753621 1.3308 0.000324273 0.000136585 -9.42158e-05 0.110842 0.111132 0.111144 -4.1108e-05 3.78864e-05 1.04658e-05
339 5.1966322e-05 -7.5992413e-05 -0.00014013 1.32786 0.000197166 -8.84551e-05 -5.67441e-05 0.110821 0.111325 0.111251 6.49335e-05 -2.1286e-05 -0.000100658
340 4.5782879e-05 -8.6927846e-05 -0.000478633 1.3304 2.29488e-05 2.30836e-05 -2.49546e-07 0.110905 0.111205 0.111152 -3.15367e-05 5.89537e-05 -2.06401e-05
341 -0.00037275124 6.4646656e-05 0.00137657 1.32822 1.23349e-05 -0.000210556 -0.00017453 0.110799 0.111259 0.111195 0.000111135 -2.04293e-05 -2.8897e-05
342 -0.00020556779 0.00014039457 -0.000385704 1.32886 -0.000165256 3.04922e-05 -7.0804e-05 0.110951 0.111325 0.111273 -1.65092e-05 8.04124e-06 -5.23595e-05
343 -0.00022538245 0.00012408055 0.000773267 1.32852 -3.56006e-05 -5.0516e-05 -0.000139266 0.110812 0.11123 0.111111 0.00010306 1.65599e-05 1.19772e-05
344 -0.00013099809 0.00025811254 -0.000824759 1.3288 -3.93531e-05 2.82516e-05 -0.000119897 0.110968 0.111366 0.11123 -1.99132e-05 -1.10742e-06 -8.33272e-06
345 -7.057503e-05 0.00021677209 0.000620728 1.32957 -0.000127094 7.50562e-05 -1.8537e-05 0.110833 0.111247 0.111141 0.000106591 -1.29917e-05 3.51367e-05
346 -0.00059073149 0.0002290068 0.00010008 1.32914 -7.38523e-05 -0.000198501 -0.000318378 0.110878 0.111381 0.111258 -3.36679e-06 1.33969e-05 -2.57249e-05
347 0.00024875869 0.00017124014 0.000640754 1.3297 2.27285e-05 0.000195473 3.05575e-05 0.110841 0.11124 0.111181 5.4461e-05 -5.19266e-05 9.00242e-05
348 -3.0120115e-05 0.00037600125 0.000640424 1.32846 0.000288639 -0.000176746 -0.000142013 0.11089 0.111404 0.111242 -5.88725e-06 6.44599e-05 -3.47061e-05
349 0.00011875077 -8.6573955e-05 0.000587351 1.32976 0.000425978 -0.000253465 -5.37625e-05 0.110778 0.111226 0.111251 2.99754e-06 -3.87706e-05 4.62246e-05
350 0.00021100862 0.00027191861 0.000804572 1.32768 0.000331679 -0.000109613 -1.10581e-05 0.110918 0.11141 0.111247 5.50492e-06 4.46016e-05 -8.04516e-05
351 0.00044184397 -0.00047896362 0.000599673 1.33009 0.000537469 -0.000213676 0.000118051 0.11081 0.111137 0.111185 -1.49348e-05 -4.77114e-06 -3.9294e-05
352 0.00052992256 0.00021227903 0.000936922 1.32893 0.000759386 -0.000264732 3.52683e-05 0.11092 0.11141 0.111197 -2.17631e-05 6.68372e-06 -1.08105e-05
353 0.00054671857 -0.00056040145 0.00130406 1.33008 0.000551515 -5.48866e-05 5.00901e-05 0.110853 0.111108 0.111163 5.34494e-07 -4.12732e-05 -4.1745e-05
354 0.00055233854 0.00043474671 0.00113004 1.3287 0.000653707 -0.000271073 0.000169705 0.110849 0.111467 0.111196 -1.39147e-05 4.20357e-05 2.71826e-05
355 0.00064046146 -0.00062198028 0.00082557 1.33034 0.000562429 -2.69248e-05 0.000104957 0.110847 0.111126 0.111135 7.3502e-06 -3.64141e-05 -6.53917e-05
356 0.00075214188 0.00033698754 0.000698779 1.32824 0.000758752 -0.000275078 0.000268468 0.110774 0.111399 0.111265 -2.7184e-05 4.77105e-05 3.9621e-05
357 0.00024265905 -0.00013649844 0.00159415 1.33169 0.000507067 -0.000180671 -8.37363e-05 0.110779 0.111215 0.111144 5.17129e-05 3.15725e-06 -2.96924e-06
358 0.00042542145 0.00025940197 0.000382508 1.32915 0.000488916 -0.000333232 0.000269738 0.110766 0.111323 0.111178 -3.43289e-05 4.90981e-05 0.000105431
359 9.7497581e-05 5.041383e-06 0.000260766 1.33058 0.000568303 -0.000231734 -0.000239071 0.110819 0.111318 0.111172 5.35908e-05 -1.72892e-05 -2.25905e-05
360 0.00029934751 0.00043444136 -0.000274263 1.32968 0.000481265 -0.000307473 0.000125555 0.110764 0.111315 0.111261 1.383e-05 7.20781e-05 5.55307e-05
361 -7.4423385e-05 0.00024212907 -0.00070586 1.33051 0.000597371 -0.000196039 -0.000475756 0.110856 0.111362 0.1112 6.99314e-05 8.44558e-06 -3.95538e-05
362 -7.8461264e-06 0.00017143074 -0.00160789 1.33031 0.000458574 -0.000366374 -0.000100046 0.11073 0.111245 0.111279 6.88323e-06 6.69395e-05 2.30438e-05
363 -0.00018571627 -0.00016627684 -0.00124671 1.33024 0.000523381 -0.000273673 -0.000435424 0.110849 0.111354 0.111099 4.40673e-05 -3.99168e-05 -4.39326e-05
364 -0.00038441272 2.6353729e-05 -0.00276622 1.32998 0.000390505 -0.000408826 -0.000366092 0.110638 0.111221 0.111344 -1.80114e-05 2.87506e-05 6.31313e-05
365 -0.00062301897 -0.00010832505 -0.00245715 1.32973 0.000451851 -0.000681442 -0.000393428 0.110858 0.11138 0.111098 7.57319e-05 -1.02187e-05 -0.000102762
366 -0.00072492647 -0.00024226677 -0.00217769 1.3298 3.29783e-05 -0.00026524 -0.000492664 0.110684 0.111141 0.11135 -7.72343e-05 7.04549e-07 7.51703e-05
367 -0.00074285704 -0.00013331027 -0.00298013 1.3302 0.000363261 -0.000619322 -0.000486797 0.110866 0.111391 0.111172 4.71891e-05 -4.72983e-05 -9.22064e-05
368 -0.00092389937 -2.0575546e-05 -0.00293496 1.32961 -5.4053e-05 -0.000325097 -0.000544749 0.110687 0.111119 0.111306 -3.25095e-05 8.07626e-05 5.57691e-05
369 -0.00095892657 -7.4457785e-05 -0.00175799 1.33129 7.90384e-05 -0.00045503 -0.000582935 0.110898 0.111422 0.111195 3.64968e-05 -6.2962e-05 -8.93705e-05
370 -0.00086345172 -0.00059102696 -0.00283164 1.32976 -6.99852e-05 -0.000203653 -0.000589814 0.110558 0.111 0.111275 -5.68656e-05 0.000103494 6.60907e-06
371 -0.0010309508 6.3695197e-05 -0.00144895 1.33124 -0.00011044 -0.000418495 -0.000502016 0.110917 0.111506 0.111256 1.33268e-05 -8.038e-05 -8.44347e-05
372 -0.00054877369 -0.00057723052 -0.00190486 1.3287 5.58705e-05 -0.000168583 -0.000436061 0.110614 0.111014 0.111284 -3.88804e-05 7.3137e-05 -1.59799e-05
373 -0.0011042075 -6.8779301e-05 -0.00152158 1.33065 -0.000468096 -0.000441262 -0.00019485 0.110916 0.111422 0.11124 0.000107378 -0.000139452 -0.000113168
374 -0.00084916379 -0.00051062021 -0.00144896 1.32836 -0.000258357 -0.000309447 -0.000281361 0.110672 0.111048 0.111292 -2.00654e-06 5.37926e-05 -6.17704e-05
375 -0.00087196512 -0.00020484169 -0.00195306 1.33085 -0.000246563 -0.000369561 -0.000255841 0.110919 0.111351 0.111252 6.00174e-05 -0.000166758 -5.58422e-05
376 -0.00060209569 0.00016070162 -0.00122289 1.32926 -9.85771e-06 -0.00042749 -0.000164748 0.110788 0.111105 0.111346 9.93129e-07 7.02478e-05 2.9866e-05
377 -0.00043287921 -7.6561748e-05 -0.00202566 1.33002 -2.9153e-05 -0.000253441 -0.000150285 0.110988 0.111316 0.11125 2.90329e-05 -0.000104796 -5.98161e-05
378 -0.00048635248 0.00025107292 -0.00180305 1.32983 0.000296589 -0.000552151 -0.00023079 0.110817 0.111163 0.11132 1.13233e-05 7.87737e-05 1.08015e-05
379 -0.0002659947 2.980631e-05 -0.000658227 1.32898 9.55398e-06 -0.000167094 -0.000108455 0.110941 0.111381 0.111236 3.9288e-05 -0.00011111 -3.04205e-05
380 -1.5423023e-06 -0.00020562089 -0.00193394 1.33042 0.000365481 -0.000285972 -8.10514e-05 0.110719 0.111198 0.111261 -3.84401e-06 1.16605e-05 1.37536e-06
381 -0.00019404574 0.00014955135 -0.000645687 1.32961 0.000247096 -0.0004983 5.71584e-05 0.110868 0.111379 0.11119 4.88687e-05 -0.000107135 5.60247e-05
382 0.00031145679 -2.46363e-05 -0.000803077 1.33018 0.000370464 -0.000191137 0.00013213 0.110756 0.111254 0.11125 -9.87121e-06 7.46144e-05 -3.62152e-05
383 -0.00045816835 -0.00011367512 -0.00103735 1.32877 0.000202703 -0.000715099 5.4228e-05 0.110881 0.111389 0.111135 -3.89514e-05 -6.74185e-05 3.21738e-05
384 -0.00023949306 -9.4151454e-05 -0.00066419 1.33036 0.000235684 -0.000416041 -5.91363e-05 0.110847 0.111267 0.111208 -5.94143e-05 0.000134948 -0.000101175
385 -0.00023918557 0.00029871384 -0.00196268 1.32976 0.000189874 -0.000642943 0.000213884 0.110869 0.111349 0.111175 8.26452e-05 -6.94047e-05 5.6649e-05
386 -0.00033015267 0.00012174672 -0.00175387 1.33093 0.000192417 -0.000246152 -0.000276418 0.110802 0.111338 0.111173 -2.50686e-05 5.44963e-05 2.16374e-05
387 -0.00031866523 0.00050241925 -0.00258889 1.32959 0.00029794 -0.000754136 0.00013753 0.110875 0.111268 0.111228 8.62105e-05 -5.2967e-05 0.000115517
388 -0.00057051387 -1.2203249e-05 -0.00374131 1.33067 8.74097e-05 -0.000217761 -0.000440162 0.11077 0.111308 0.111161 -1.21842e-05 4.54297e-05 9.61191e-06
389 -0.00075417356 0.00053700351 -0.00163599 1.33054 0.000165074 -0.000711827 -0.000207421 0.110897 0.111169 0.111251 6.57588e-05 3.04473e-05 9.1229e-05
390 -0.00097224389 -0.00021393179 -0.00318146 1.32946 -0.00017451 -0.00045498 -0.000342754 0.110763 0.111373 0.111167 -1.90706e-06 -2.52523e-06 -5.13339e-05
391 -0.00038416079 0.00093192451 -0.00296808 1.33018 -0.00015732 -0.000422297 0.000195457 0.110966 0.11131 0.111404 0.000100029 2.61034e-05 1.0945e-05
392 -0.0011340192 -0.00044126586 -0.00366753 1.32893 -0.000230086 -0.000478622 -0.000425311 0.11088 0.111221 0.111224 -1.67388e-05 -3.0146e-05 -9.6208e-05
393 -0.00088956218 0.00070812962 -0.00231106 1.33207 -0.000422038 -0.000485636 1.81117e-05 0.11079 0.11134 0.11137 0.000127135 1.52725e-05 1.01361e-05
394 -0.0016013113 -0.00061578896 -0.00324943 1.3283 -0.000452162 -0.00066558 -0.000483569 0.110852 0.111142 0.111321 -2.89219e-06 -2.95465e-05 -0.000163765
395 -0.0014286814 0.00075985615 -0.00290443 1.33246 -0.000644852 -0.000626157 -0.000157672 0.11081 0.111358 0.111388 8.1952e-05 2.38881e-05 3.59837e-05
396 -0.0019147651 -0.00032587258 -0.00256082 1.32918 -0.000667738 -0.000662706 -0.000584321 0.110829 0.111173 0.111278 -2.85101e-05 2.24723e-05 -7.55896e-05
397 -0.0015128654 1.7318672e-05 -0.00284233 1.33279 -0.000866644 -0.000692006 4.57841e-05 0.110773 0.111297 0.111336 -1.83192e-05 2.23536e-05 -3.4892e-05
398 -0.0019157709 -1.4646278e-05 -0.00315216 1.32952 -0.000850262 -0.000665122 -0.000400387 0.110913 0.111218 0.111244 -1.8238e-05 -3.92967e-05 3.17242e-05
399 -0.00158278 -0.00071770264 -0.00243184 1.33134 -0.0011006 -0.000543373 6.11933e-05 0.110753 0.111207 0.111182 -7.35154e-05 -1.08513e-05 -5.89343e-05
400 -0.0016859872 0.00040627783 -0.00268077 1.32968 -0.00080638 -0.000690525 -0.000189082 0.110922 0.111241 0.111338 1.31055e-05 -8.83247e-06 4.70991e-05
401 -0.0013383801 -0.00070887933 -0.00165462 1.33067 -0.00128547 -0.000436012 0.000383106 0.110759 0.111289 0.111201 -5.56616e-05 -1.42358e-05 -0.000124302
402 -0.001495937 0.00087200442 -0.000857596 1.33007 -0.000781874 -0.000513555 -0.000200508 0.110911 0.11125 0.111411 3.17775e-05 -7.42561e-05 0.000213864
403 -0.00058584737 -0.00080371136 -0.000398982 1.33158 -0.000941928 5.17435e-05 0.000304337 0.110789 0.111268 0.111197 2.33319e-05 -5.75864e-06 -0.000245675
404 -0.0017382358 0.00056714881 -1.958e-05 1.3303 -0.00102617 -0.000459949 -0.00025212 0.110795 0.111145 0.111378 1.93636e-05 -3.77472e-05 0.000215293
405 -0.00014257442 -0.00066873927 -0.00055521 1.33139 -0.000713427 0.000309318 0.000261534 0.110742 0.111257 0.111212 -6.10889e-05 6.79937e-05 -0.00016907
406 -0.0012456824 0.00053027968 -0.000746276 1.33051 -0.00100736 -9.23661e-05 -0.000145956 0.110887 0.111137 0.111368 -1.08554e-05 -2.3286e-05 0.000182006
407 -0.00042565002 -0.00089158286 -0.00117066 1.32992 -0.000411681 0.000344971 -0.00035894 0.110755 0.111223 0.111186 -0.000112321 1.38149e-05 -0.000114186
408 -0.00034492823 0.00036659636 -0.00075374 1.33025 -0.000524625 0.000290227 -0.000110531 0.110898 0.111248 0.111332 7.48032e-05 -6.0377e-05 3.55464e-05
409 -0.0006230838 -0.00057644157 -0.00135097 1.32883 -0.000325085 0.000356645 -0.000654644 0.110786 0.111201 0.111322 -0.000153696 -3.15616e-05 5.34796e-06
410 -0.00018892638 0.00067182293 -0.00230045 1.33185 -0.000418833 0.000498101 -0.000268195 0.110833 0.111284 0.111265 9.15312e-05 6.41704e-05 4.35239e-05
411 -0.0001069289 -0.00060411331 -0.00216512 1.32849 -9.51077e-05 0.000512995 -0.000524816 0.110779 0.111216 0.111418 -0.000123534 -0.000116512 -1.68759e-06
412 0.00018578626 0.00064676793 -0.00211977 1.33255 -9.37828e-05 0.000648242 -0.000368673 0.110902 0.111256 0.111299 0.000108639 7.66877e-05 -3.16715e-05
413 -0.00042642979 -0.0005038318 -0.00241684 1.32944 -0.000296687 0.000238829 -0.000368573 0.110804 0.111219 0.111476 -0.000108745 -0.000167766 2.57591e-05
414 0.0001400067 0.00072539013 -0.00185419 1.32992 1.49106e-05 0.000621543 -0.000496446 0.110944 0.111269 0.111317 7.96109e-05 9.43293e-05 -3.05069e-05
415 -0.00041043462 -0.00013050935 -0.00103555 1.3304 -0.000290145 0.000528677 -0.000648967 0.110848 0.111228 0.111391 -6.0803e-05 -0.000155343 0.00010554
416 -0.00011150454 0.00069794398 -0.00111508 1.33055 -0.000174269 0.000403066 -0.000340301 0.110833 0.111241 0.111248 0.000108298 0.000142947 -1.2321e-05
417 -0.00034519767 -0.00036485479 0.000903051 1.32981 -0.000310063 0.000582246 -0.000617381 0.110819 0.111226 0.111533 -0.000128015 -0.000172325 5.6389e-05
418 -0.00013342384 0.00037681144 -0.000122258 1.33137 -0.000122221 8.51432e-05 -9.6346e-05 0.110885 0.111199 0.11116 0.000195171 7.30397e-05 -9.79068e-05
419 0.00038500676 -0.00017133888 0.00178594 1.33026 0.000196943 0.000600881 -0.000412818 0.110739 0.111189 0.111514 -0.000131663 -9.49164e-05 0.000114708
420 6.6012495e-06 0.0003070619 -0.000809107 1.33188 7.32704e-05 5.56751e-05 -0.000122344 0.110933 0.111187 0.111125 0.000149746 0.000113137 -0.000116364
421 0.00039783505 0.0001129634 0.000820427 1.3301 5.0409e-05 0.000422483 -7.50573e-05 0.110706 0.111235 0.111403 -7.87373e-05 -6.1343e-05 0.000172369
422 0.00034532745 -0.00015728877 -0.000459155 1.33074 0.000260922 -6.34019e-05 0.000147807 0.110855 0.11115 0.11116 0.00015118 6.50268e-05 -0.000184261
423 0.00066566669 -0.00021327566 -0.00124101 1.33134 0.000320715 0.000488577 -0.000143625 0.110605 0.111166 0.111398 -9.59408e-05 -9.30472e-05 0.000199665
424 5.1605251e-05 8.594466e-05 0.000319328 1.32986 -3.908e-05 0.00019603 -0.000105345 0.110855 0.111196 0.111202 0.000157565 -2.67501e-05 -6.18212e-05
425 0.00075787976 -0.00057199122 -0.000606988 1.33085 0.000214106 0.000530806 1.29673e-05 0.110484 0.111116 0.111275 -0.000129807 1.89485e-05 0.000149655
426 -1.5803751e-05 -5.032789e-05 -0.00109431 1.32936 -9.20565e-05 0.000135023 -5.87698e-05 0.110899 0.111138 0.111235 8.29096e-05 -4.89275e-05 -2.02487e-05
427 0.00075700178 4.778587e-05 0.000142491 1.33258 0.000157352 0.000631784 -3.21342e-05 0.110639 0.11105 0.111358 -0.000104 0.000126924 0.000136695
428 9.1758484e-05 0.00027361686 -0.00104492 1.32938 -0.000202768 0.000334664 -4.01374e-05 0.110921 0.11114 0.111395 9.29118e-05 -4.24117e-05 -2.06873e-05
429 8.0916692e-05 -0.00026259917 0.00169875 1.33231 -0.000230737 0.000586788 -0.000275135 0.110647 0.111076 0.111315 -0.000120125 0.000138195 4.19316e-05
430 -0.00016602478 0.00055596013 0.000828855 1.32841 -0.000382549 0.000576035 -0.000359511 0.110828 0.111181 0.111435 0.000194387 -7.10524e-05 6.9394e-06
431 0.00019610907 -0.00086069781 2.75218e-05 1.33296 -0.000654746 0.000846126 4.72848e-06 0.110616 0.111129 0.111136 -0.000114329 -5.35174e-06 5.94893e-05
432 0.00034832889 0.00010287301 0.000456266 1.32762 -0.00041878 0.000717631 4.94783e-05 0.110777 0.111212 0.111421 0.000133656 -0.000127015 -1.05149e-05
433 0.00036664024 -0.00091530039 3.92127e-05 1.33146 -0.000354557 0.000689451 3.17458e-05 0.110587 0.111115 0.111156 -0.000131127 2.59532e-05 3.80843e-05
434 -9.9207294e-05 0.00096335183 9.1094e-05 1.3277 -0.000561886 0.000499517 -3.68389e-05 0.110974 0.111338 0.111556 0.000164829 -0.000135116 2.41493e-05
435 0.00092296061 -0.0001792596 0.00141349 1.33149 -8.67773e-05 0.000747278 0.00026246 0.110576 0.111186 0.111261 -1.74638e-05 0.000110006 3.17754e-06
436 -0.00021482665 0.00059384658 -0.000910701 1.32911 -0.000594977 0.000341323 3.88276e-05 0.110904 0.111266 0.111532 0.000114987 -0.000158203 5.6908e-05
437 0.0004898898 -0.00011091112 0.000278206 1.33311 -0.000243893 0.000480501 0.000253282 0.110599 0.111146 0.111325 1.01876e-05 0.000133147 -4.87205e-05
438 0.00012828764 0.00057746115 -0.000400384 1.33012 -0.000358791 0.000191437 0.000295641 0.110885 0.111205 0.111574 5.95686e-05 -9.88468e-05 6.68101e-05
439 -0.00018350474 -0.00017131397 0.000734421 1.33259 -0.000406836 3.57694e-05 0.000187562 0.11059 0.111082 0.111188 8.5531e-05 6.78884e-05 2.6142e-05
440 0.00015827848 0.00091083048 0.000321659 1.3313 -0.00048435 0.000119287 0.000523342 0.110821 0.111302 0.111641 8.88363e-05 -7.1899e-05 7.16088e-05
441 -0.00065706057 -5.7858333e-06 -0.00060133 1.32974 -0.000763039 0.000102212 3.76657e-06 0.110807 0.111117 0.111265 3.64301e-05 5.96918e-05 -2.6031e-05
442 -0.00030372123 -0.00047685855 0.00234902 1.33077 -0.000690833 -0.000334037 0.000721148 0.110652 0.111225 0.111457 -1.91234e-05 -0.000195389 5.53877e-05
443 -0.001532375 2.4950041e-05 -0.000142391 1.33058 -0.00101977 -0.000350494 -0.000162115 0.110801 0.111009 0.111429 -5.00698e-05 0.00010828 -2.76256e-06
444 -0.00091274129 -0.00019823189 0.000579062 1.33057 -0.00101402 -0.000533753 0.000635034 0.110559 0.11133 0.111485 3.09606e-07 -0.000147762 6.07538e-05
445 -0.0017974463 0.00035095315 0.000225512 1.33045 -0.00107746 -0.000493434 -0.000226549 0.11076 0.111013 0.111488 -1.26467e-06 5.67522e-05 9.74923e-05
446 -0.0017889194 0.00013836741 0.000905121 1.33056 -0.00140574 -0.000735865 0.000352688 0.110723 0.111314 0.111543 5.23158e-06 -0.000134597 5.25325e-05
447 -0.0014743143 -6.1160094e-06 -0.00168438 1.32863 -0.00103257 -0.000469996 2.82554e-05 0.110751 0.110977 0.111486 -0.000105011 8.33949e-05 7.98268e-05
448 -0.0020470404 0.00058556828 0.00244772 1.32934 -0.00165351 -0.000681563 0.000288038 0.110873 0.111307 0.111518 4.60876e-05 -7.42894e-05 4.06697e-05
449 -0.0016370959 -0.00075756586 -0.000862544 1.32959 -0.00115618 -0.000468773 -1.21435e-05 0.110765 0.110899 0.111324 -9.89715e-05 3.43325e-05 -1.48504e-05
450 -0.0024290509 0.00088666616 0.000804718 1.33069 -0.00127351 -0.00107373 -8.18112e-05 0.110949 0.111236 0.111561 3.75348e-05 2.24687e-05 2.91582e-05
451 -0.0024515009 -0.0011555442 -0.00095461 1.33132 -0.00171209 -0.000690541 -4.88706e-05 0.11071 0.110781 0.111335 -2.80882e-05 -3.07556e-05 -7.27148e-05
452 -0.0027471489 0.0013945915 0.000526251 1.33017 -0.00117808 -0.00129859 -0.000270482 0.110989 0.111194 0.111676 2.1057e-05 0.000103558 7.71685e-05
453 -0.0022882594 -0.0016479767 -0.000117289 1.33083 -0.00124446 -0.000675315 -0.00036848 0.110641 0.110792 0.111376 -0.000104146 -0.000111155 -7.14612e-05
454 -0.0019015164 0.001189666 0.00102305 1.33114 -0.00127715 -0.000559101 -6.52655e-05 0.110948 0.111249 0.111568 0.000115179 1.82567e-05 4.72809e-05
455 -0.0014899807 -0.0015459581 0.000873523 1.32992 -0.000824945 -0.000336922 -0.000328114 0.110696 0.110894 0.111371 -0.000107293 -9.20257e-05 -0.000129444
456 -0.0014402634 0.00063113463 0.00247272 1.33114 -0.000929251 -0.000267052 -0.00024396 0.110901 0.111135 0.111435 9.89159e-05 1.52902e-05 2.74983e-05
457 -0.0019057867 -0.001112864 0.00130046 1.32861 -0.00072984 -0.00048879 -0.000687156 0.110718 0.111006 0.111417 -0.000101959 -5.61423e-05 -0.000116769
458 -0.0013736661 0.00015380638 -0.00157106 1.33286 -0.000446998 -0.00065005 -0.000276618 0.110909 0.111011 0.111289 5.18075e-05 2.75869e-06 5.88731e-05
459 -0.0019057411 -0.0015086052 -0.000436507 1.3286 -0.00065409 -0.000456669 -0.000794983 0.110689 0.110965 0.111393 -3.9513e-05 -0.000101203 -0.000218676
460 -0.0017822968 0.00058240488 -0.00205281 1.3334 -0.000174542 -0.000606609 -0.00100115 0.11095 0.111139 0.111376 2.38141e-05 -1.49164e-05 0.000119402
461 -0.0026956169 -0.00079803659 -0.00263112 1.32802 -0.00076194 -0.000914204 -0.00101947 0.110645 0.111125 0.11134 2.0298e-05 -4.67908e-05 -0.000128274
462 -0.0021172814 0.00068286016 -0.00484042 1.33069 -0.000395865 -0.000599386 -0.00112203 0.110903 0.111217 0.111535 1.55138e-05 5.33778e-05 -1.86166e-06
463 -0.0033992778 -0.00059212709 -0.00372102 1.3301 -0.000651512 -0.000752235 -0.00199553 0.110575 0.11106 0.111269 9.57941e-05 -7.51819e-05 -3.13765e-06
464 -0.0021210856 0.00083784476 -0.00509316 1.33085 -0.000696627 -0.00044399 -0.000980469 0.110856 0.111234 0.111614 2.74863e-05 -1.13421e-05 7.73636e-05
465 -0.0035681107 -0.0011611342 -0.00391034 1.33268 -0.00099545 -0.000823302 -0.00174936 0.110499 0.110895 0.111327 4.08426e-06 -9.31489e-05 8.31799e-06
466 -0.0030169172 0.00076344188 -0.0059356 1.328 -0.00127977 -0.000329104 -0.00140805 0.11085 0.111272 0.111774 3.52634e-05 2.28164e-06 -6.47541e-05
467 -0.0043456856 -0.00046562205 -0.00493154 1.33603 -0.00141936 -0.00166466 -0.00126167 0.11044 0.110967 0.11128 -1.48417e-06 -7.74055e-06 0.000176929
468 -0.0028767096 0.00070022882 -0.0039059 1.32805 -0.00157685 -0.000427604 -0.000872254 0.110941 0.111274 0.111858 -6.88229e-06 7.09466e-05 -0.00019982
469 -0.0039252403 0.00043211627 -0.00456542 1.33541 -0.00141413 -0.00146649 -0.00104462 0.110663 0.11094 0.111411 9.45219e-05 -4.682e-06 0.000213203
470 -0.0036451818 0.00066649295 -0.00497177 1.33147 -0.00192595 -0.000700571 -0.00101866 0.110887 0.111099 0.111713 0.00012543 4.10269e-05 -0.000126705
471 -0.00432992 1.1682973e-05 -0.00554055 1.3342 -0.00159144 -0.0013701 -0.00136839 0.110609 0.111026 0.111399 9.78761e-05 -9.43907e-06 6.5221e-05
472 -0.0036919261 0.00053455982 -0.00277287 1.33165 -0.00125325 -0.00122093 -0.00121774 0.110889 0.110961 0.111753 0.000198262 -3.68836e-05 -0.000118146
473 -0.0041128788 -0.00042506556 -0.00690852 1.33457 -0.00106194 -0.0013133 -0.00173764 0.110603 0.111038 0.11136 -0.000117144 5.90174e-06 0.000135614
474 -0.0039104391 -0.00036182092 0.00174109 1.33275 -0.00119636 -0.00103835 -0.00167573 0.110712 0.110913 0.111606 0.000159256 -8.60371e-05 -0.000142223
475 -0.0047364571 0.00028622567 -0.00675789 1.33332 -0.0012461 -0.00152732 -0.00196304 0.110766 0.111194 0.111515 -3.12921e-05 -0.000129245 0.000185313
476 -0.0035395471 -0.0006101606 -4.45013e-05 1.33541 -0.000827909 -0.00145982 -0.00125182 0.110784 0.110953 0.111571 -8.45489e-05 8.19063e-05 -0.000187829
477 -0.0041877878 0.00062510795 -0.00346019 1.33134 -0.0011785 -0.00169958 -0.00130971 0.110813 0.111261 0.111601 0.000104337 -0.000147788 8.07758e-05
478 -0.0024785954 0.00037290841 -0.00296356 1.33484 -0.000633489 -0.000794916 -0.00105019 0.110808 0.111167 0.111694 -0.000143407 0.000304776 -0.000205053
479 -0.0033566046 0.0013944142 -0.00201048 1.33339 -0.00132902 -0.00109525 -0.000932335 0.11077 0.111266 0.111595 0.000145106 -0.000134053 0.000305009
480 -0.00071870315 -0.00050915332 0.000980359 1.33576 -0.000270298 -0.000495567 4.71611e-05 0.110643 0.111029 0.111543 -0.00011117 0.000288407 -0.000287696
481 -0.0023822575 0.00071156026 -0.00145902 1.33352 -0.000766612 -0.000794398 -0.000821247 0.110658 0.111501 0.111526 -0.000114121 -8.05057e-05 0.000256369
482 -0.0011125755 0.00045675096 0.0004894 1.3375 -0.000457622 -0.000871795 0.000216842 0.110596 0.111037 0.111598 0.000109564 0.000207942 -0.000114099
483 -0.0019176081 -0.00016630085 -0.000927532 1.33006 -0.000468794 -0.000519716 -0.000929098 0.11084 0.111643 0.111491 -0.000191484 -0.000175333 -8.61052e-06
484 -0.0021696576 -0.00061763607 0.000534465 1.34156 -0.000863193 -0.00120916 -9.73073e-05 0.110474 0.110821 0.111491 2.45775e-05 0.000133985 -9.04852e-05
485 -0.0031073578 -0.00071727875 -0.0012139 1.32471 -0.000918876 -0.00204618 -0.000142305 0.110725 0.111711 0.111576 -3.33395e-05 -0.000440181 -0.000105287
486 -0.0023169123 -0.0005043439 -0.00153928 1.33915 -0.0013171 -0.000528908 -0.000470902 0.110741 0.110687 0.111593 -8.01812e-05 0.000180631 -0.000112136
487 -0.0034219821 -0.00087496436 -0.000511953 1.32491 -0.00163958 -0.00138452 -0.00039788 0.110493 0.111544 0.111433 -1.84064e-05 -0.000300275 -4.11879e-05
488 -0.0047934553 -0.0016668107 0.0004567 1.33793 -0.00159888 -0.00159948 -0.00159509 0.110823 0.110819 0.111131 -0.0002228 0.000172606 -0.00022531
489 -0.0043478867 0.0013592216 -0.000688162 1.32349 -0.00249602 -0.00149849 -0.00035338 0.110373 0.11205 0.111788 0.000192743 -0.000137301 -4.09535e-05
490 -0.0055116658 -0.0021274249 -0.00257724 1.34006 -0.00235547 -0.00215202 -0.00100418 0.110602 0.110724 0.110592 -0.000179805 7.53714e-05 0.00010283
491 -0.0045722597 0.0024545956 0.00154344 1.31981 -0.00267761 -0.00154514 -0.000349509 0.110629 0.112386 0.111578 0.000276973 -1.3663e-05 -7.48814e-05
492 -0.0050256246 -0.0018474729 0.00186613 1.34029 -0.00206317 -0.00169578 -0.00126667 0.110826 0.111011 0.110347 -0.000490011 9.03332e-05 0.000358261
493 -0.0033324414 0.002288654 0.00625073 1.32052 -0.00142899 -0.00213135 0.000227895 0.110059 0.112374 0.11203 0.000411417 -0.000222026 8.42365e-06
494 -0.0024290908 -0.0005319679 0.0116288 1.34055 -0.00109607 -0.00107227 -0.000260747 0.11054 0.111139 0.111112 -0.000134525 0.000297914 -6.98012e-05
495 -0.0046724181 0.00080427571 0.0111792 1.32012 -0.00132488 -0.00277995 -0.000567587 0.110587 0.112316 0.111366 0.00028068 -0.000244416 -0.000235991
496 -0.00030961748 -0.00017790647 0.00638875 1.337 2.90938e-05 -0.000578858 0.000240147 0.111173 0.110579 0.111211 -0.000267158 0.00033907 5.40383e-05
497 -0.0012482288 -0.0029136462 0.00346253 1.32228 -0.000993801 -0.00112042 0.000865992 0.110477 0.111349 0.111168 -0.000254144 5.39049e-05 -0.000600781
498 0.0028798264 0.0012701332 0.0177664 1.34357 -0.00297861 0.00286763 0.00299081 0.110393 0.111257 0.111916 -0.00020757 -0.000109044 0.00062383
