#  iFrame          Time(ps)     <Rg^2>(A^2)     stdRg^2(A^2)     <Rg^2>/M(molnm2/kg)
#===================================================================================
         0          0.000      1237.01       534.16        1.763
         1      20000.000      1490.82       700.08        2.125
         2      40000.000      1625.44       822.96        2.316
         3      60000.000      1647.13       803.84        2.347
         4      80000.000      1634.71       708.25        2.330
         5     100000.000      1647.79       831.78        2.348
         6     120000.000      1609.61       791.94        2.294
         7     140000.000      1603.06       765.34        2.285
         8     160000.000      1628.33       893.26        2.321
         9     180000.000      1606.06       841.58        2.289
        10     200000.000      1597.32       827.01        2.276
        11     220000.000      1633.65       820.99        2.328
        12     240000.000      1612.06       814.55        2.297
        13     260000.000      1561.51       755.95        2.225
        14     280000.000      1647.24       779.91        2.347
        15     300000.000      1665.26       827.69        2.373
        16     320000.000      1728.20       974.99        2.463
        17     340000.000      1689.82       787.25        2.408
        18     360000.000      1731.67       907.32        2.468
        19     380000.000      1713.24       814.45        2.442
        20     400000.000      1713.07       807.02        2.441
        21     420000.000      1796.98       844.27        2.561
        22     440000.000      1754.43       927.43        2.500
        23     460000.000      1837.05      1006.55        2.618
        24     480000.000      1754.51       916.82        2.500
        25     500000.000      1728.74       832.67        2.464
        26     520000.000      1733.17       791.71        2.470
        27     540000.000      1818.48       930.95        2.592
        28     560000.000      1810.06       911.24        2.580
        29     580000.000      1877.31       996.47        2.675
        30     600000.000      1817.48       924.41        2.590
        31     620000.000      1775.90       856.64        2.531
        32     640000.000      1726.57       724.84        2.461
        33     660000.000      1693.31       777.78        2.413
        34     680000.000      1759.08       846.83        2.507
        35     700000.000      1693.52       803.97        2.413
        36     720000.000      1696.49       933.62        2.418
        37     740000.000      1662.07       870.46        2.369
        38     760000.000      1710.73       935.13        2.438
        39     780000.000      1660.69       810.40        2.367
        40     800000.000      1676.53       810.22        2.389
        41     820000.000      1690.78       893.31        2.410
        42     840000.000      1767.07       865.65        2.518
        43     860000.000      1730.68       720.32        2.466
        44     880000.000      1770.67       872.73        2.523
        45     900000.000      1767.19       835.19        2.518
        46     920000.000      1765.42       888.82        2.516
        47     940000.000      1745.68       829.40        2.488
        48     960000.000      1650.28       733.35        2.352
        49     980000.000      1626.24       713.95        2.318
        50    1000000.000      1665.69       658.42        2.374
        51    1020000.000      1719.02       785.85        2.450
        52    1040000.000      1765.10       757.70        2.515
        53    1060000.000      1749.35       788.69        2.493
        54    1080000.000      1710.11       736.02        2.437
        55    1100000.000      1814.93       907.99        2.586
        56    1120000.000      1752.03       873.52        2.497
        57    1140000.000      1797.22       905.46        2.561
        58    1160000.000      1774.56       842.50        2.529
        59    1180000.000      1792.44       894.68        2.554
        60    1200000.000      1768.48       781.53        2.520
        61    1220000.000      1696.61       749.10        2.418
        62    1240000.000      1665.19       737.31        2.373
        63    1260000.000      1709.31       805.72        2.436
        64    1280000.000      1612.13       715.80        2.297
        65    1300000.000      1652.07       774.98        2.354
        66    1320000.000      1722.88       793.27        2.455
        67    1340000.000      1684.55       717.27        2.401
        68    1360000.000      1732.08       742.69        2.468
        69    1380000.000      1627.18       772.99        2.319
        70    1400000.000      1578.26       730.50        2.249
        71    1420000.000      1556.20       664.04        2.218
        72    1440000.000      1637.85       708.38        2.334
        73    1460000.000      1668.78       821.23        2.378
        74    1480000.000      1705.68       872.01        2.431
        75    1500000.000      1750.72       852.01        2.495
        76    1520000.000      1735.66       858.96        2.474
        77    1540000.000      1777.92       903.18        2.534
        78    1560000.000      1754.10       825.59        2.500
        79    1580000.000      1755.14       873.10        2.501
        80    1600000.000      1867.16       842.87        2.661
        81    1620000.000      1753.04       807.46        2.498
        82    1640000.000      1735.86       856.61        2.474
        83    1660000.000      1744.59       801.30        2.486
        84    1680000.000      1684.27       787.60        2.400
        85    1700000.000      1713.95       792.13        2.443
        86    1720000.000      1772.35       828.27        2.526
        87    1740000.000      1773.57       827.38        2.528
        88    1760000.000      1768.16       846.49        2.520
        89    1780000.000      1745.29       849.62        2.487
        90    1800000.000      1690.21       756.57        2.409
        91    1820000.000      1675.25       776.53        2.387
        92    1840000.000      1662.37       822.94        2.369
        93    1860000.000      1660.72       739.93        2.367
        94    1880000.000      1796.87       778.35        2.561
        95    1900000.000      1720.23       713.19        2.452
        96    1920000.000      1644.56       724.75        2.344
        97    1940000.000      1678.50       766.06        2.392
        98    1960000.000      1660.40       794.23        2.366
        99    1980000.000      1641.61       780.67        2.339
       100    2000000.000      1729.94       872.32        2.465
       101    2020000.000      1697.49       775.85        2.419
       102    2040000.000      1580.12       662.27        2.252
       103    2060000.000      1688.65       761.13        2.407
       104    2080000.000      1715.89       802.50        2.445
       105    2100000.000      1774.12       786.91        2.528
       106    2120000.000      1734.84       863.53        2.472
       107    2140000.000      1710.44       887.93        2.438
       108    2160000.000      1846.35       878.05        2.631
       109    2180000.000      1846.78       907.45        2.632
       110    2200000.000      1791.06       795.26        2.552
       111    2220000.000      1772.21       744.32        2.526
       112    2240000.000      1737.49       867.44        2.476
       113    2260000.000      1648.73       705.73        2.350
       114    2280000.000      1695.10       740.63        2.416
       115    2300000.000      1709.07       841.65        2.436
       116    2320000.000      1757.50       796.74        2.505
       117    2340000.000      1879.20       895.61        2.678
       118    2360000.000      1778.97       802.84        2.535
       119    2380000.000      1837.82       856.66        2.619
       120    2400000.000      1737.86       760.59        2.477
       121    2420000.000      1646.41       770.82        2.346
       122    2440000.000      1658.25       716.51        2.363
       123    2460000.000      1713.40       890.04        2.442
       124    2480000.000      1782.02       831.16        2.540
       125    2500000.000      1790.33       719.40        2.551
       126    2520000.000      1862.96       848.59        2.655
       127    2540000.000      1818.92       935.66        2.592
       128    2560000.000      1684.94       816.40        2.401
       129    2580000.000      1706.13       763.16        2.431
       130    2600000.000      1806.72       880.09        2.575
       131    2620000.000      1842.72       938.81        2.626
       132    2640000.000      1811.13       943.81        2.581
       133    2660000.000      1786.35       848.41        2.546
       134    2680000.000      1811.33       850.79        2.581
       135    2700000.000      1808.02       930.41        2.577
       136    2720000.000      1832.95      1013.97        2.612
       137    2740000.000      1831.01      1015.96        2.609
       138    2760000.000      1814.92       932.45        2.586
       139    2780000.000      1781.59       858.35        2.539
       140    2800000.000      1773.94       769.84        2.528
       141    2820000.000      1792.51       786.94        2.555
       142    2840000.000      1762.94       785.38        2.512
       143    2860000.000      1655.20       739.34        2.359
       144    2880000.000      1728.63       940.36        2.463
       145    2900000.000      1739.87       834.07        2.480
       146    2920000.000      1728.85       899.41        2.464
       147    2940000.000      1803.76      1008.85        2.571
       148    2960000.000      1756.89       933.53        2.504
       149    2980000.000      1747.09       870.48        2.490
       150    3000000.000      1801.31      1010.24        2.567
